OA11CD,Owned,Shared ownership,Social rented,Private rented,Rent free
E00016403,5.633802816901408,0.0,87.32394366197182,7.042253521126761,0.0
E00016437,12.578616352201259,0.0,79.87421383647799,6.918238993710692,0.6289308176100629
E00016439,4.49438202247191,0.0,71.34831460674157,23.59550561797753,0.5617977528089888
E00016442,10.071942446043165,0.7194244604316546,79.13669064748201,10.071942446043165,0.0
E00016399,6.382978723404255,0.0,87.23404255319149,2.8368794326241136,3.5460992907801416
E00016401,13.636363636363637,19.48051948051948,58.44155844155844,7.142857142857143,1.2987012987012987
E00016406,4.201680672268908,1.680672268907563,83.19327731092437,10.084033613445378,0.8403361344537815
E00016435,7.647058823529412,15.294117647058824,66.47058823529412,10.0,0.5882352941176471
E00016395,17.391304347826086,0.8695652173913043,51.30434782608695,29.565217391304348,0.8695652173913043
E00016404,30.833333333333332,0.8333333333333334,27.5,39.166666666666664,1.6666666666666667
E00016405,32.608695652173914,0.0,20.28985507246377,45.65217391304348,1.4492753623188406
E00016408,41.1764705882353,0.0,2.9411764705882355,54.411764705882355,1.4705882352941178
E00016410,46.42857142857143,0.0,14.285714285714286,37.5,1.7857142857142858
E00016438,34.09090909090909,0.7575757575757576,5.303030303030303,59.09090909090909,0.7575757575757576
E00016398,16.216216216216218,5.405405405405405,60.36036036036036,17.117117117117118,0.9009009009009009
E00016431,17.272727272727273,5.454545454545454,52.72727272727273,20.90909090909091,3.6363636363636362
E00016432,18.75,13.125,43.75,23.75,0.625
E00016434,10.179640718562874,8.383233532934131,73.05389221556887,6.586826347305389,1.7964071856287425
E00173943,12.195121951219512,23.78048780487805,50.609756097560975,10.975609756097562,2.4390243902439024
E00173946,24.864864864864863,0.5405405405405406,11.35135135135135,63.24324324324324,0.0
E00016397,31.428571428571427,0.9523809523809523,23.80952380952381,43.80952380952381,0.0
E00016433,20.0,0.7142857142857143,60.0,18.571428571428573,0.7142857142857143
E00016436,23.762376237623762,0.0,57.42574257425743,15.841584158415841,2.9702970297029703
E00016440,12.962962962962964,0.0,75.92592592592592,9.25925925925926,1.8518518518518519
E00016441,11.27450980392157,7.8431372549019605,62.745098039215684,17.15686274509804,0.9803921568627451
E00016412,22.516556291390728,0.6622516556291391,42.384105960264904,33.77483443708609,0.6622516556291391
E00016414,24.305555555555557,0.0,56.94444444444444,17.36111111111111,1.3888888888888888
E00016418,22.22222222222222,0.0,49.01960784313726,26.797385620915033,1.9607843137254901
E00016422,9.90990990990991,0.0,82.88288288288288,7.207207207207207,0.0
E00016402,17.1875,0.78125,68.75,12.5,0.78125
E00016407,28.08219178082192,0.684931506849315,23.972602739726028,47.26027397260274,0.0
E00016409,5.47945205479452,15.753424657534246,65.06849315068493,10.95890410958904,2.73972602739726
E00016411,22.093023255813954,8.13953488372093,37.2093023255814,32.55813953488372,0.0
E00016413,19.047619047619047,0.7936507936507936,62.698412698412696,14.285714285714286,3.1746031746031744
E00016415,11.428571428571429,3.5714285714285716,67.14285714285714,16.428571428571427,1.4285714285714286
E00016416,9.615384615384615,0.9615384615384616,75.0,14.423076923076923,0.0
E00016419,10.169491525423728,0.0,73.72881355932203,14.40677966101695,1.694915254237288
E00016420,9.917355371900827,0.0,76.03305785123968,10.743801652892563,3.3057851239669422
E00173947,3.252032520325203,0.0,74.79674796747967,19.51219512195122,2.4390243902439024
E00173948,4.678362573099415,9.35672514619883,60.8187134502924,23.976608187134502,1.1695906432748537
E00016417,19.565217391304348,0.7246376811594203,75.3623188405797,3.6231884057971016,0.7246376811594203
E00016421,5.6,0.0,89.6,4.8,0.0
E00016423,19.672131147540984,0.819672131147541,67.21311475409836,11.475409836065573,0.819672131147541
E00016424,8.94308943089431,0.0,88.6178861788618,2.4390243902439024,0.0
E00016427,7.619047619047619,0.0,81.9047619047619,10.476190476190476,0.0
E00016396,11.940298507462687,0.0,73.88059701492537,13.432835820895523,0.746268656716418
E00016426,14.925373134328359,0.0,69.40298507462687,14.17910447761194,1.492537313432836
E00016428,18.471337579617835,0.0,19.745222929936304,60.50955414012739,1.2738853503184713
E00016429,38.70967741935484,0.8064516129032258,37.903225806451616,20.967741935483872,1.6129032258064515
E00016430,15.833333333333334,6.666666666666667,65.0,10.833333333333334,1.6666666666666667
E00016680,29.508196721311474,0.0,2.459016393442623,68.0327868852459,0.0
E00016716,21.38364779874214,0.0,13.836477987421384,63.522012578616355,1.2578616352201257
E00016717,34.31372549019608,0.0,5.882352941176471,57.84313725490196,1.9607843137254901
E00016719,26.495726495726494,0.0,63.24786324786325,9.401709401709402,0.8547008547008547
E00016720,25.0,0.0,8.108108108108109,66.89189189189189,0.0
E00016725,36.134453781512605,0.0,5.882352941176471,57.983193277310924,0.0
E00016706,16.50485436893204,0.970873786407767,42.71844660194175,38.83495145631068,0.970873786407767
E00016708,31.53846153846154,0.0,50.76923076923077,16.153846153846153,1.5384615384615385
E00016709,31.386861313868614,2.18978102189781,38.68613138686131,27.00729927007299,0.7299270072992701
E00016714,24.56140350877193,0.0,35.08771929824562,40.35087719298246,0.0
E00016715,32.8,2.4,34.4,30.4,0.0
E00016675,28.448275862068964,0.0,11.206896551724139,59.48275862068966,0.8620689655172413
E00016677,29.770992366412212,5.343511450381679,28.244274809160306,36.6412213740458,0.0
E00016683,47.10144927536232,0.0,3.6231884057971016,49.27536231884058,0.0
E00016697,21.487603305785125,1.6528925619834711,58.67768595041322,17.355371900826448,0.8264462809917356
E00173940,35.39823008849557,0.0,38.93805309734513,25.663716814159294,0.0
E00173949,36.486486486486484,13.513513513513514,2.7027027027027026,47.2972972972973,0.0
E00016684,42.99065420560748,6.542056074766355,13.08411214953271,37.38317757009346,0.0
E00016687,51.851851851851855,0.0,5.555555555555555,42.592592592592595,0.0
E00016694,25.185185185185187,12.592592592592593,43.7037037037037,16.296296296296298,2.2222222222222223
E00016718,16.40625,0.0,75.0,7.8125,0.78125
E00016721,13.761467889908257,0.9174311926605505,72.4770642201835,11.926605504587156,0.9174311926605505
E00016723,25.203252032520325,0.0,64.22764227642277,10.56910569105691,0.0
E00016679,36.26373626373626,0.0,54.94505494505494,8.791208791208792,0.0
E00016689,42.608695652173914,0.8695652173913043,35.65217391304348,20.869565217391305,0.0
E00016693,18.4,0.0,56.8,22.4,2.4
E00016701,36.36363636363637,4.545454545454546,37.5,19.318181818181817,2.272727272727273
E00173939,4.25531914893617,6.382978723404255,76.59574468085107,10.638297872340425,2.127659574468085
E00016210,8.450704225352112,0.0,57.74647887323944,31.690140845070424,2.112676056338028
E00016239,5.405405405405405,0.6756756756756757,28.37837837837838,64.86486486486487,0.6756756756756757
E00016240,3.5294117647058822,0.0,88.23529411764706,8.235294117647058,0.0
E00016241,18.181818181818183,0.6993006993006993,69.23076923076923,11.888111888111888,0.0
E00016245,19.587628865979383,1.0309278350515463,69.0721649484536,10.309278350515465,0.0
E00016211,25.663716814159294,0.0,58.4070796460177,15.044247787610619,0.8849557522123894
E00016213,23.529411764705884,0.0,54.705882352941174,21.176470588235293,0.5882352941176471
E00016244,37.5,10.15625,23.4375,25.78125,3.125
E00016250,14.893617021276595,0.0,66.66666666666667,17.02127659574468,1.4184397163120568
E00174011,11.320754716981131,32.075471698113205,26.41509433962264,30.18867924528302,0.0
E00174032,21.96969696969697,0.7575757575757576,28.78787878787879,46.96969696969697,1.5151515151515151
E00174033,34.146341463414636,2.4390243902439024,31.70731707317073,31.70731707317073,0.0
E00016216,36.8421052631579,0.0,16.374269005847953,45.6140350877193,1.1695906432748537
E00016236,27.45098039215686,0.9803921568627451,11.27450980392157,57.35294117647059,2.9411764705882355
E00016246,34.306569343065696,1.4598540145985401,43.065693430656935,19.708029197080293,1.4598540145985401
E00016248,24.71264367816092,0.0,21.839080459770116,53.44827586206897,0.0
E00016252,35.97560975609756,0.0,37.80487804878049,25.609756097560975,0.6097560975609756
E00016214,51.23456790123457,3.0864197530864197,16.666666666666668,28.395061728395063,0.6172839506172839
E00016215,42.22222222222222,1.4814814814814814,28.14814814814815,27.40740740740741,0.7407407407407407
E00016217,32.25806451612903,0.5376344086021505,32.25806451612903,33.333333333333336,1.6129032258064515
E00016237,68.75,0.8928571428571429,3.5714285714285716,25.892857142857142,0.8928571428571429
E00016247,39.285714285714285,0.7142857142857143,30.0,30.0,0.0
E00016253,46.96969696969697,0.7575757575757576,21.96969696969697,30.303030303030305,0.0
E00016209,27.21518987341772,1.2658227848101267,41.139240506329116,29.11392405063291,1.2658227848101267
E00016235,18.620689655172413,0.0,25.517241379310345,55.86206896551724,0.0
E00016238,29.281767955801104,0.5524861878453039,21.54696132596685,48.06629834254144,0.5524861878453039
E00173941,17.142857142857142,0.0,22.857142857142858,55.23809523809524,4.761904761904762
E00173942,14.285714285714286,0.0,22.07792207792208,63.63636363636363,0.0
E00016881,23.076923076923077,0.0,56.73076923076923,18.26923076923077,1.9230769230769231
E00016915,7.6923076923076925,0.0,46.85314685314685,41.95804195804196,3.4965034965034967
E00016916,14.084507042253522,0.0,72.53521126760563,12.67605633802817,0.704225352112676
E00016920,14.285714285714286,0.0,67.46031746031746,17.46031746031746,0.7936507936507936
E00173950,11.965811965811966,14.52991452991453,41.88034188034188,30.76923076923077,0.8547008547008547
E00173951,2.158273381294964,7.194244604316546,87.76978417266187,2.158273381294964,0.7194244604316546
E00016921,20.610687022900763,2.2900763358778624,60.30534351145038,16.03053435114504,0.7633587786259542
E00016922,26.38888888888889,0.0,46.52777777777778,26.38888888888889,0.6944444444444444
E00016923,35.256410256410255,0.6410256410256411,25.641025641025642,35.256410256410255,3.2051282051282053
E00016925,32.663316582914575,1.5075376884422111,14.07035175879397,49.74874371859296,2.0100502512562812
E00016926,21.804511278195488,0.0,58.64661654135338,17.293233082706767,2.255639097744361
E00016917,27.932960893854748,0.5586592178770949,10.05586592178771,60.89385474860335,0.5586592178770949
E00016918,23.076923076923077,0.0,8.333333333333334,66.66666666666667,1.9230769230769231
E00016919,41.13475177304964,0.0,25.53191489361702,33.333333333333336,0.0
E00016924,35.483870967741936,0.5376344086021505,19.892473118279568,42.473118279569896,1.6129032258064515
E00016927,48.148148148148145,0.0,17.77777777777778,33.333333333333336,0.7407407407407407
E00016879,56.96969696969697,0.6060606060606061,20.0,21.21212121212121,1.2121212121212122
E00016884,53.07692307692308,0.0,17.692307692307693,29.23076923076923,0.0
E00016886,38.41059602649007,1.3245033112582782,23.841059602649008,35.76158940397351,0.6622516556291391
E00016893,40.0,0.0,31.85185185185185,28.14814814814815,0.0
E00016885,48.175182481751825,0.0,21.16788321167883,28.467153284671532,2.18978102189781
E00016887,60.78431372549019,0.0,17.647058823529413,20.58823529411765,0.9803921568627451
E00016889,45.689655172413794,0.0,30.17241379310345,21.551724137931036,2.586206896551724
E00016890,26.277372262773724,0.7299270072992701,49.63503649635037,22.62773722627737,0.7299270072992701
E00016895,42.53731343283582,0.0,18.65671641791045,38.059701492537314,0.746268656716418
E00016159,52.5,0.0,20.0,26.666666666666668,0.8333333333333334
E00016173,47.36842105263158,1.5037593984962405,30.827067669172934,18.796992481203006,1.5037593984962405
E00016176,69.62962962962963,0.0,4.444444444444445,24.444444444444443,1.4814814814814814
E00016184,49.61832061068702,0.0,3.816793893129771,45.038167938931295,1.5267175572519085
E00016186,44.75524475524475,0.0,15.384615384615385,37.76223776223776,2.097902097902098
E00016188,46.0431654676259,0.0,23.02158273381295,30.93525179856115,0.0
E00016164,30.0,0.0,60.0,10.0,0.0
E00016170,31.333333333333332,0.0,44.666666666666664,24.0,0.0
E00016175,29.530201342281877,0.6711409395973155,49.66442953020134,20.13422818791946,0.0
E00016181,14.285714285714286,2.142857142857143,68.57142857142857,14.285714285714286,0.7142857142857143
E00016182,69.46564885496183,0.7633587786259542,9.923664122137405,17.557251908396946,2.2900763358778624
E00016162,49.6124031007752,0.0,21.705426356589147,28.68217054263566,0.0
E00016198,35.23809523809524,0.0,35.23809523809524,26.666666666666668,2.857142857142857
E00016202,9.0,1.0,81.0,7.0,2.0
E00016205,71.31782945736434,0.0,1.550387596899225,26.356589147286822,0.7751937984496124
E00016208,30.0,0.7142857142857143,45.0,24.285714285714285,0.0
E00016199,29.41176470588235,0.0,52.94117647058823,15.966386554621849,1.680672268907563
E00016200,7.142857142857143,0.0,85.71428571428571,5.9523809523809526,1.1904761904761905
E00016201,8.928571428571429,0.0,80.35714285714286,10.714285714285714,0.0
E00016203,9.30232558139535,0.0,86.04651162790698,3.10077519379845,1.550387596899225
E00016207,14.912280701754385,0.0,80.70175438596492,4.385964912280702,0.0
E00016163,45.736434108527135,0.0,27.131782945736433,27.131782945736433,0.0
E00016165,54.621848739495796,0.8403361344537815,16.80672268907563,27.73109243697479,0.0
E00016168,45.348837209302324,0.0,9.30232558139535,45.348837209302324,0.0
E00016169,68.96551724137932,0.0,14.655172413793103,13.793103448275861,2.586206896551724
E00016172,38.58267716535433,0.0,30.708661417322833,30.708661417322833,0.0
E00016177,45.45454545454545,0.0,28.925619834710744,24.793388429752067,0.8264462809917356
E00016219,28.08219178082192,0.0,30.136986301369863,39.04109589041096,2.73972602739726
E00016220,35.294117647058826,0.0,22.058823529411764,42.64705882352941,0.0
E00016221,32.19178082191781,0.0,24.65753424657534,43.15068493150685,0.0
E00016223,45.794392523364486,2.803738317757009,30.8411214953271,20.560747663551403,0.0
E00016225,40.17094017094017,2.5641025641025643,23.931623931623932,31.623931623931625,1.7094017094017093
E00016255,46.53465346534654,3.9603960396039604,18.81188118811881,29.702970297029704,0.9900990099009901
E00016218,36.283185840707965,0.0,9.734513274336283,53.097345132743364,0.8849557522123894
E00016222,29.375,0.0,33.125,36.875,0.625
E00016224,44.23076923076923,1.2820512820512822,11.538461538461538,39.743589743589745,3.2051282051282053
E00016226,39.166666666666664,1.6666666666666667,35.833333333333336,22.5,0.8333333333333334
E00016227,41.726618705035975,0.0,14.388489208633093,42.44604316546763,1.4388489208633093
E00016228,47.2,1.6,20.8,28.8,1.6
E00016229,36.81318681318681,0.0,20.87912087912088,42.30769230769231,0.0
E00016230,44.02985074626866,9.701492537313433,16.417910447761194,26.865671641791046,2.985074626865672
E00016231,26.20689655172414,0.0,49.6551724137931,20.689655172413794,3.4482758620689653
E00016232,25.384615384615383,0.0,40.0,33.84615384615385,0.7692307692307693
E00016233,12.987012987012987,7.792207792207792,64.28571428571429,13.636363636363637,1.2987012987012987
E00016212,37.5,0.0,46.666666666666664,15.833333333333334,0.0
E00016249,21.1864406779661,0.0,66.10169491525424,10.169491525423728,2.542372881355932
E00016254,44.85981308411215,0.9345794392523364,38.3177570093458,14.953271028037383,0.9345794392523364
E00173952,22.22222222222222,0.0,51.851851851851855,25.925925925925927,0.0
E00174016,42.857142857142854,2.0408163265306123,28.571428571428573,25.510204081632654,1.0204081632653061
E00174022,50.54945054945055,0.0,19.78021978021978,26.373626373626372,3.2967032967032965
E00174008,28.46153846153846,11.538461538461538,0.7692307692307693,59.23076923076923,0.0
E00174010,26.666666666666668,0.0,1.6666666666666667,71.66666666666667,0.0
E00174013,28.571428571428573,0.0,1.5873015873015872,69.84126984126983,0.0
E00174015,39.25233644859813,0.0,3.7383177570093458,57.00934579439252,0.0
E00174025,28.346456692913385,5.511811023622047,1.5748031496062993,63.77952755905512,0.7874015748031497
E00174027,44.791666666666664,0.0,0.0,54.166666666666664,1.0416666666666667
E00016178,28.925619834710744,0.0,61.15702479338843,9.917355371900827,0.0
E00016179,42.1875,0.0,37.5,20.3125,0.0
E00016180,51.515151515151516,0.0,26.515151515151516,21.96969696969697,0.0
E00016187,68.46153846153847,0.7692307692307693,10.0,20.76923076923077,0.0
E00016189,76.5625,0.0,7.8125,15.625,0.0
E00016166,40.59405940594059,0.0,7.920792079207921,51.48514851485149,0.0
E00016167,70.83333333333333,0.0,3.3333333333333335,23.333333333333332,2.5
E00016171,20.26143790849673,0.0,1.3071895424836601,73.85620915032679,4.57516339869281
E00016174,64.46280991735537,0.0,16.52892561983471,19.00826446280992,0.0
E00016204,45.0,0.0,25.0,30.0,0.0
E00016206,51.239669421487605,0.8264462809917356,21.487603305785125,25.619834710743802,0.8264462809917356
E00016160,81.6793893129771,0.7633587786259542,3.816793893129771,12.977099236641221,0.7633587786259542
E00016183,57.983193277310924,0.0,1.680672268907563,39.49579831932773,0.8403361344537815
E00016185,76.3157894736842,0.0,3.508771929824561,20.17543859649123,0.0
E00016191,62.295081967213115,0.0,5.737704918032787,31.9672131147541,0.0
E00016195,63.28125,0.0,12.5,24.21875,0.0
E00016197,32.0,0.0,4.0,64.0,0.0
E00016161,37.34939759036145,0.0,21.08433734939759,40.36144578313253,1.2048192771084338
E00016190,19.871794871794872,0.0,58.333333333333336,21.794871794871796,0.0
E00016192,28.32369942196532,0.0,39.884393063583815,30.057803468208093,1.7341040462427746
E00016193,33.76623376623377,0.0,1.948051948051948,63.63636363636363,0.6493506493506493
E00016194,16.44736842105263,0.6578947368421053,49.3421052631579,33.55263157894737,0.0
E00016196,38.547486033519554,1.1173184357541899,37.98882681564246,21.22905027932961,1.1173184357541899
E00016905,28.07017543859649,0.8771929824561403,43.85964912280702,25.43859649122807,1.7543859649122806
E00016907,37.391304347826086,0.0,44.34782608695652,16.52173913043478,1.7391304347826086
E00016908,11.382113821138212,7.317073170731708,65.85365853658537,14.634146341463415,0.8130081300813008
E00016910,12.5,0.0,76.5625,10.9375,0.0
E00016912,8.24742268041237,2.0618556701030926,81.44329896907216,8.24742268041237,0.0
E00016909,14.383561643835616,0.684931506849315,73.97260273972603,10.273972602739725,0.684931506849315
E00016911,17.54385964912281,16.374269005847953,60.23391812865497,4.678362573099415,1.1695906432748537
E00016913,10.126582278481013,5.69620253164557,75.31645569620254,8.860759493670885,0.0
E00016914,15.2,0.0,75.2,9.6,0.0
E00016896,37.857142857142854,2.857142857142857,15.714285714285714,42.857142857142854,0.7142857142857143
E00016898,37.16814159292036,0.0,17.699115044247787,45.13274336283186,0.0
E00016900,50.0,0.0,15.277777777777779,34.72222222222222,0.0
E00016901,32.94117647058823,0.0,10.588235294117647,49.411764705882355,7.0588235294117645
E00016904,33.64485981308411,2.803738317757009,24.299065420560748,37.38317757009346,1.8691588785046729
E00016906,55.75221238938053,0.0,13.274336283185841,30.97345132743363,0.0
E00016883,36.61971830985915,0.0,32.394366197183096,30.985915492957748,0.0
E00016888,44.18604651162791,0.0,36.434108527131784,18.6046511627907,0.7751937984496124
E00016891,25.146198830409357,0.0,40.93567251461988,32.748538011695906,1.1695906432748537
E00016892,43.65079365079365,0.7936507936507936,18.253968253968253,37.301587301587304,0.0
E00016894,41.05960264900662,1.3245033112582782,29.801324503311257,25.827814569536425,1.9867549668874172
E00016880,34.78260869565217,0.0,46.95652173913044,17.391304347826086,0.8695652173913043
E00016897,32.22222222222222,0.5555555555555556,22.77777777777778,44.44444444444444,0.0
E00016899,42.138364779874216,1.8867924528301887,10.69182389937107,45.283018867924525,0.0
E00016902,40.14598540145985,2.18978102189781,25.547445255474454,31.386861313868614,0.7299270072992701
E00016903,46.09375,0.78125,14.0625,38.28125,0.78125
E00016564,55.6390977443609,0.7518796992481203,21.804511278195488,21.804511278195488,0.0
E00016567,14.634146341463415,1.2195121951219512,71.95121951219512,12.195121951219512,0.0
E00016569,59.375,0.0,19.53125,21.09375,0.0
E00016571,81.73913043478261,0.0,4.3478260869565215,13.91304347826087,0.0
E00173700,44.66019417475728,0.0,41.74757281553398,13.592233009708737,0.0
E00173702,51.42857142857143,0.0,40.0,8.571428571428571,0.0
E00016558,38.095238095238095,0.7936507936507936,28.571428571428573,32.53968253968254,0.0
E00016561,34.710743801652896,0.0,28.925619834710744,35.53719008264463,0.8264462809917356
E00016566,44.24778761061947,0.0,22.123893805309734,32.743362831858406,0.8849557522123894
E00016568,42.361111111111114,2.0833333333333335,25.0,27.77777777777778,2.7777777777777777
E00016572,36.734693877551024,0.0,31.292517006802722,31.972789115646258,0.0
E00016575,54.330708661417326,0.7874015748031497,29.133858267716537,15.748031496062993,0.0
E00016557,34.73684210526316,0.0,22.105263157894736,42.10526315789474,1.0526315789473684
E00016559,45.25547445255474,0.0,21.8978102189781,32.11678832116788,0.7299270072992701
E00016560,41.0958904109589,0.0,13.698630136986301,44.52054794520548,0.684931506849315
E00016562,48.97959183673469,1.3605442176870748,19.047619047619047,30.612244897959183,0.0
E00016563,52.38095238095238,0.0,22.22222222222222,24.603174603174605,0.7936507936507936
E00016565,38.96103896103896,0.0,35.064935064935064,25.974025974025974,0.0
E00016544,57.04697986577181,0.0,18.79194630872483,22.818791946308725,1.342281879194631
E00016574,62.5,0.0,15.625,20.3125,1.5625
E00016576,54.4,0.0,19.2,24.8,1.6
E00016577,63.888888888888886,0.6944444444444444,18.75,14.583333333333334,2.0833333333333335
E00016578,66.66666666666667,0.0,12.037037037037036,19.444444444444443,1.8518518518518519
E00016635,33.714285714285715,0.5714285714285714,12.571428571428571,52.57142857142857,0.5714285714285714
E00016640,18.309859154929576,0.0,69.01408450704226,11.971830985915492,0.704225352112676
E00016641,21.08843537414966,2.7210884353741496,60.54421768707483,8.843537414965986,6.802721088435374
E00016642,24.043715846994534,6.557377049180328,48.63387978142077,19.12568306010929,1.639344262295082
E00016643,31.292517006802722,0.6802721088435374,51.70068027210884,15.646258503401361,0.6802721088435374
E00016630,40.13157894736842,5.921052631578948,20.394736842105264,32.89473684210526,0.6578947368421053
E00016647,16.556291390728475,1.3245033112582782,48.34437086092715,33.77483443708609,0.0
E00016648,27.205882352941178,0.0,25.0,47.794117647058826,0.0
E00016649,9.420289855072463,0.0,51.44927536231884,39.130434782608695,0.0
E00016651,34.45945945945946,8.108108108108109,21.62162162162162,35.810810810810814,0.0
E00016629,22.641509433962263,2.5157232704402515,52.20125786163522,21.38364779874214,1.2578616352201257
E00016650,35.24590163934426,0.819672131147541,50.0,13.114754098360656,0.819672131147541
E00016652,12.4031007751938,0.0,66.66666666666667,20.155038759689923,0.7751937984496124
E00016654,5.2631578947368425,0.0,81.203007518797,13.533834586466165,0.0
E00016657,15.107913669064748,1.4388489208633093,70.50359712230215,12.949640287769784,0.0
E00016633,29.357798165137616,0.0,41.28440366972477,28.440366972477065,0.9174311926605505
E00016636,29.32330827067669,0.0,1.5037593984962405,69.17293233082707,0.0
E00016638,23.80952380952381,1.1904761904761905,3.5714285714285716,70.23809523809524,1.1904761904761905
E00016639,17.5,22.0,54.0,6.5,0.0
E00016674,62.295081967213115,0.819672131147541,14.754098360655737,22.131147540983605,0.0
E00174018,22.22222222222222,5.128205128205129,4.700854700854701,67.52136752136752,0.42735042735042733
E00174019,21.428571428571427,21.428571428571427,30.952380952380953,23.80952380952381,2.380952380952381
E00174021,38.18181818181818,0.0,10.909090909090908,50.90909090909091,0.0
E00016628,38.92617449664429,15.436241610738255,19.463087248322147,24.161073825503355,2.0134228187919465
E00016637,51.03092783505155,4.123711340206185,5.670103092783505,39.175257731958766,0.0
E00174024,30.70175438596491,0.8771929824561403,7.894736842105263,58.771929824561404,1.7543859649122806
E00174029,17.857142857142858,0.0,8.035714285714286,74.10714285714286,0.0
E00174030,34.54545454545455,4.545454545454546,22.727272727272727,38.18181818181818,0.0
E00016644,21.153846153846153,1.9230769230769231,35.57692307692308,34.61538461538461,6.730769230769231
E00016645,35.294117647058826,2.9411764705882355,34.705882352941174,23.529411764705884,3.5294117647058822
E00016646,26.01156069364162,0.5780346820809249,35.26011560693642,38.15028901734104,0.0
E00016584,36.90987124463519,1.2875536480686696,23.175965665236053,38.197424892703864,0.4291845493562232
E00016596,69.04761904761905,0.0,15.079365079365079,15.079365079365079,0.7936507936507936
E00016598,51.31578947368421,1.7543859649122806,20.17543859649123,25.87719298245614,0.8771929824561403
E00016623,36.41618497109827,0.0,28.32369942196532,35.26011560693642,0.0
E00174036,56.70103092783505,4.123711340206185,16.49484536082474,21.649484536082475,1.0309278350515463
E00174038,33.1578947368421,1.0526315789473684,14.210526315789474,50.526315789473685,1.0526315789473684
E00016585,51.492537313432834,0.0,6.7164179104477615,41.791044776119406,0.0
E00016593,55.73770491803279,1.639344262295082,4.918032786885246,36.885245901639344,0.819672131147541
E00016600,83.33333333333333,0.0,11.805555555555555,4.861111111111111,0.0
E00016602,71.42857142857143,0.0,20.30075187969925,8.270676691729323,0.0
E00016624,37.2093023255814,3.10077519379845,11.627906976744185,46.51162790697674,1.550387596899225
E00016625,65.46762589928058,0.0,10.79136690647482,23.741007194244606,0.0
E00016587,48.369565217391305,1.6304347826086956,31.52173913043478,17.934782608695652,0.5434782608695652
E00016594,52.22929936305732,0.6369426751592356,18.471337579617835,27.388535031847134,1.2738853503184713
E00016605,53.591160220994475,0.5524861878453039,15.469613259668508,29.834254143646408,0.5524861878453039
E00016608,63.73626373626374,0.0,16.483516483516482,18.681318681318682,1.098901098901099
E00016626,72.5925925925926,0.0,9.62962962962963,17.77777777777778,0.0
E00016589,55.6390977443609,0.7518796992481203,32.330827067669176,9.774436090225564,1.5037593984962405
E00016595,8.661417322834646,0.7874015748031497,84.25196850393701,6.299212598425197,0.0
E00016597,11.278195488721805,3.7593984962406015,69.92481203007519,13.533834586466165,1.5037593984962405
E00016599,41.007194244604314,5.755395683453237,20.863309352517987,31.654676258992804,0.7194244604316546
E00016601,20.863309352517987,0.0,62.589928057553955,15.107913669064748,1.4388489208633093
E00016607,27.82608695652174,0.0,53.91304347826087,17.391304347826086,0.8695652173913043
E00016573,48.46153846153846,0.7692307692307693,12.307692307692308,37.69230769230769,0.7692307692307693
E00016579,29.104477611940297,0.0,21.64179104477612,47.76119402985075,1.492537313432836
E00016580,49.404761904761905,1.1904761904761905,16.666666666666668,32.73809523809524,0.0
E00016581,33.87096774193548,0.0,29.56989247311828,36.02150537634409,0.5376344086021505
E00016582,54.44444444444444,0.5555555555555556,16.11111111111111,28.88888888888889,0.0
E00016546,33.333333333333336,0.7092198581560284,12.056737588652481,51.773049645390074,2.127659574468085
E00016547,57.926829268292686,0.6097560975609756,8.536585365853659,32.31707317073171,0.6097560975609756
E00016548,73.72262773722628,0.7299270072992701,9.489051094890511,14.598540145985401,1.4598540145985401
E00016550,43.037974683544306,0.6329113924050633,13.924050632911392,42.40506329113924,0.0
E00016583,50.413223140495866,0.0,34.710743801652896,14.87603305785124,0.0
E00016542,41.48148148148148,0.7407407407407407,36.2962962962963,19.25925925925926,2.2222222222222223
E00016552,21.12676056338028,2.816901408450704,63.38028169014085,8.450704225352112,4.225352112676056
E00016554,71.54471544715447,0.0,5.691056910569106,19.51219512195122,3.252032520325203
E00016555,33.333333333333336,0.0,52.63157894736842,10.526315789473685,3.508771929824561
E00016556,61.111111111111114,0.7936507936507936,18.253968253968253,17.46031746031746,2.380952380952381
E00016543,36.904761904761905,0.5952380952380952,32.73809523809524,28.571428571428573,1.1904761904761905
E00016545,26.5625,0.0,55.46875,12.5,5.46875
E00016549,84.32835820895522,0.0,2.985074626865672,8.955223880597014,3.7313432835820897
E00016551,82.14285714285714,0.0,6.428571428571429,5.714285714285714,5.714285714285714
E00016553,60.0,0.0,13.846153846153847,16.923076923076923,9.23076923076923
E00016335,69.23076923076923,0.0,6.593406593406593,24.175824175824175,0.0
E00016336,63.23529411764706,10.294117647058824,8.088235294117647,16.91176470588235,1.4705882352941178
E00016339,85.47008547008546,1.7094017094017093,5.128205128205129,5.128205128205129,2.5641025641025643
E00016340,78.62595419847328,0.0,6.106870229007634,14.50381679389313,0.7633587786259542
E00016341,87.82608695652173,1.7391304347826086,3.4782608695652173,6.086956521739131,0.8695652173913043
E00016309,46.57534246575342,0.0,14.383561643835616,38.35616438356164,0.684931506849315
E00016323,41.228070175438596,0.8771929824561403,43.85964912280702,12.280701754385966,1.7543859649122806
E00016324,46.58385093167702,0.6211180124223602,22.981366459627328,28.571428571428573,1.2422360248447204
E00016325,30.281690140845072,0.704225352112676,4.225352112676056,64.78873239436619,0.0
E00016327,58.064516129032256,0.0,12.903225806451612,29.032258064516128,0.0
E00016326,65.3225806451613,0.0,14.516129032258064,20.161290322580644,0.0
E00016329,42.361111111111114,8.333333333333334,25.694444444444443,22.22222222222222,1.3888888888888888
E00016332,75.67567567567568,1.3513513513513513,6.081081081081081,16.89189189189189,0.0
E00016333,59.45945945945946,0.0,11.711711711711711,28.82882882882883,0.0
E00016337,82.78688524590164,2.459016393442623,5.737704918032787,9.01639344262295,0.0
E00016311,69.84126984126983,0.0,11.11111111111111,19.047619047619047,0.0
E00016328,68.25396825396825,0.7936507936507936,11.11111111111111,19.841269841269842,0.0
E00016330,45.2991452991453,0.0,24.786324786324787,28.205128205128204,1.7094017094017093
E00016331,59.12408759124087,0.0,6.569343065693431,34.306569343065696,0.0
E00016334,71.77914110429448,0.0,7.361963190184049,19.01840490797546,1.8404907975460123
E00016613,88.66666666666667,0.6666666666666666,2.0,8.0,0.6666666666666666
E00016614,42.96875,0.78125,42.96875,10.15625,3.125
E00016615,71.31147540983606,0.0,0.0,28.688524590163933,0.0
E00016618,24.137931034482758,0.8620689655172413,53.44827586206897,19.82758620689655,1.7241379310344827
E00016621,14.074074074074074,0.0,64.44444444444444,20.74074074074074,0.7407407407407407
E00016609,85.57692307692308,0.9615384615384616,0.9615384615384616,11.538461538461538,0.9615384615384616
E00016617,71.53284671532846,0.0,10.94890510948905,17.51824817518248,0.0
E00016619,62.5,0.0,27.941176470588236,8.823529411764707,0.7352941176470589
E00016620,89.74358974358974,0.8547008547008547,3.4188034188034186,5.982905982905983,0.0
E00016622,39.25233644859813,0.0,37.38317757009346,21.49532710280374,1.8691588785046729
E00016588,64.02439024390245,0.0,7.317073170731708,26.21951219512195,2.4390243902439024
E00016592,63.78378378378378,0.5405405405405406,3.7837837837837838,31.35135135135135,0.5405405405405406
E00016604,87.73584905660377,0.0,0.9433962264150944,11.320754716981131,0.0
E00016611,37.142857142857146,10.476190476190476,10.476190476190476,41.904761904761905,0.0
E00016612,66.66666666666667,0.0,15.555555555555555,16.666666666666668,1.1111111111111112
E00016616,37.60683760683761,0.0,10.256410256410257,52.136752136752136,0.0
E00016590,63.1578947368421,0.0,12.865497076023392,23.976608187134502,0.0
E00016591,61.53846153846154,0.0,21.53846153846154,15.384615384615385,1.5384615384615385
E00016603,60.60606060606061,0.0,18.181818181818183,20.707070707070706,0.5050505050505051
E00016606,74.54545454545455,0.0,7.878787878787879,17.575757575757574,0.0
E00016610,67.66917293233082,1.5037593984962405,8.270676691729323,22.55639097744361,0.0
E00016653,65.35433070866142,0.0,11.023622047244094,22.04724409448819,1.5748031496062993
E00016655,36.36363636363637,0.6993006993006993,7.6923076923076925,54.54545454545455,0.6993006993006993
E00016656,45.45454545454545,1.2987012987012987,11.03896103896104,40.90909090909091,1.2987012987012987
E00016662,66.66666666666667,0.0,9.401709401709402,23.076923076923077,0.8547008547008547
E00016664,61.49068322981366,0.6211180124223602,7.453416149068323,30.434782608695652,0.0
E00016631,53.57142857142857,0.7142857142857143,17.857142857142858,27.142857142857142,0.7142857142857143
E00016658,29.906542056074766,0.9345794392523364,4.672897196261682,63.55140186915888,0.9345794392523364
E00016659,37.1900826446281,0.8264462809917356,32.231404958677686,28.925619834710744,0.8264462809917356
E00016660,43.39622641509434,0.0,26.41509433962264,30.18867924528302,0.0
E00016663,40.26845637583892,0.0,22.14765100671141,36.241610738255034,1.342281879194631
E00016632,45.11278195488722,0.0,15.789473684210526,38.34586466165413,0.7518796992481203
E00016666,48.818897637795274,4.724409448818897,17.322834645669293,28.346456692913385,0.7874015748031497
E00016667,47.16981132075472,0.0,18.238993710691823,33.9622641509434,0.6289308176100629
E00016669,32.743362831858406,0.8849557522123894,34.51327433628319,31.858407079646017,0.0
E00016673,59.50413223140496,0.8264462809917356,14.87603305785124,23.96694214876033,0.8264462809917356
E00016668,42.73504273504273,1.7094017094017093,39.31623931623932,16.23931623931624,0.0
E00016670,70.27027027027027,0.9009009009009009,8.108108108108109,18.91891891891892,1.8018018018018018
E00016671,44.0,0.0,37.333333333333336,18.666666666666668,0.0
E00016672,48.93617021276596,0.0,19.858156028368793,30.49645390070922,0.7092198581560284
E00173708,31.325301204819276,1.2048192771084338,4.819277108433735,62.65060240963855,0.0
E00173710,53.389830508474574,2.542372881355932,13.559322033898304,29.661016949152543,0.847457627118644
E00016661,62.8099173553719,0.0,15.702479338842975,19.00826446280992,2.479338842975207
E00173936,7.964601769911504,8.849557522123893,61.94690265486726,21.238938053097346,0.0
E00173937,20.90909090909091,11.818181818181818,3.6363636363636362,62.72727272727273,0.9090909090909091
E00173938,36.241610738255034,0.6711409395973155,3.3557046979865772,58.38926174496644,1.342281879194631
E00174035,51.48514851485149,0.9900990099009901,1.9801980198019802,45.54455445544554,0.0
E00016796,26.751592356687897,0.0,47.77070063694268,24.840764331210192,0.6369426751592356
E00016799,52.89855072463768,0.0,14.492753623188406,32.608695652173914,0.0
E00016804,53.24074074074074,0.46296296296296297,8.796296296296296,35.648148148148145,1.8518518518518519
E00016805,46.3768115942029,0.0,27.536231884057973,26.08695652173913,0.0
E00016806,40.77669902912621,0.0,33.00970873786408,24.271844660194176,1.941747572815534
E00016781,51.81818181818182,0.0,29.09090909090909,18.181818181818183,0.9090909090909091
E00016793,12.389380530973451,0.0,78.76106194690266,7.964601769911504,0.8849557522123894
E00016794,31.858407079646017,0.0,33.6283185840708,31.858407079646017,2.6548672566371683
E00016801,53.271028037383175,0.0,16.822429906542055,29.906542056074766,0.0
E00016803,46.53465346534654,0.0,26.73267326732673,24.752475247524753,1.9801980198019802
E00016808,37.735849056603776,0.0,28.30188679245283,30.18867924528302,3.7735849056603774
E00016813,54.861111111111114,0.0,18.75,26.38888888888889,0.0
E00016814,51.93798449612403,0.0,20.155038759689923,26.356589147286822,1.550387596899225
E00016815,49.54128440366973,0.0,20.18348623853211,29.357798165137616,0.9174311926605505
E00016818,44.61538461538461,1.5384615384615385,26.923076923076923,26.153846153846153,0.7692307692307693
E00016819,41.964285714285715,0.0,30.357142857142858,26.785714285714285,0.8928571428571429
E00016778,42.857142857142854,0.7142857142857143,24.285714285714285,30.0,2.142857142857143
E00016788,49.572649572649574,0.0,28.205128205128204,22.22222222222222,0.0
E00016791,41.6,2.4,24.8,29.6,1.6
E00016800,38.392857142857146,0.0,25.0,36.607142857142854,0.0
E00016820,21.69811320754717,0.0,41.509433962264154,35.84905660377358,0.9433962264150944
E00016823,40.98360655737705,0.0,30.327868852459016,27.868852459016395,0.819672131147541
E00016300,40.54054054054054,0.0,4.054054054054054,53.37837837837838,2.027027027027027
E00016310,82.41758241758242,0.0,4.395604395604396,12.087912087912088,1.098901098901099
E00016312,45.0,2.142857142857143,15.714285714285714,36.42857142857143,0.7142857142857143
E00016343,85.4014598540146,0.7299270072992701,1.4598540145985401,11.678832116788321,0.7299270072992701
E00016344,47.66839378238342,0.5181347150259067,7.253886010362694,43.523316062176164,1.0362694300518134
E00016301,60.49382716049383,0.6172839506172839,8.641975308641975,29.012345679012345,1.2345679012345678
E00016302,57.5,0.0,24.166666666666668,17.5,0.8333333333333334
E00016316,72.26890756302521,0.8403361344537815,11.764705882352942,13.445378151260504,1.680672268907563
E00016338,56.21301775147929,11.242603550295858,13.017751479289942,19.526627218934912,0.0
E00016342,71.29629629629629,1.8518518518518519,4.62962962962963,21.296296296296298,0.9259259259259259
E00016303,58.641975308641975,0.6172839506172839,17.28395061728395,23.45679012345679,0.0
E00016304,55.12820512820513,0.0,14.102564102564102,29.487179487179485,1.2820512820512822
E00016313,56.60377358490566,2.830188679245283,2.830188679245283,37.735849056603776,0.0
E00016318,67.71653543307086,0.7874015748031497,7.874015748031496,22.834645669291337,0.7874015748031497
E00016345,54.09836065573771,0.819672131147541,7.377049180327869,37.704918032786885,0.0
E00016307,28.91566265060241,1.8072289156626506,44.57831325301205,22.289156626506024,2.4096385542168677
E00016314,40.310077519379846,0.0,40.310077519379846,17.829457364341085,1.550387596899225
E00016319,25.0,0.8333333333333334,52.5,19.166666666666668,2.5
E00016321,33.333333333333336,0.0,14.465408805031446,52.20125786163522,0.0
E00016322,37.5,7.738095238095238,26.19047619047619,26.19047619047619,2.380952380952381
E00016305,43.96551724137931,0.8620689655172413,32.758620689655174,19.82758620689655,2.586206896551724
E00016306,26.470588235294116,0.5882352941176471,56.470588235294116,16.470588235294116,0.0
E00016308,32.41379310344828,0.0,26.896551724137932,40.0,0.6896551724137931
E00016315,40.72164948453608,0.0,34.5360824742268,24.742268041237114,0.0
E00016317,63.02521008403362,0.0,11.764705882352942,25.210084033613445,0.0
E00016320,60.65573770491803,0.0,11.475409836065573,26.229508196721312,1.639344262295082
E00016779,39.77272727272727,0.0,23.863636363636363,36.36363636363637,0.0
E00016789,77.08333333333333,0.0,1.3888888888888888,20.833333333333332,0.6944444444444444
E00016797,75.0,0.0,9.027777777777779,13.194444444444445,2.7777777777777777
E00016798,29.605263157894736,0.0,12.5,56.578947368421055,1.3157894736842106
E00016821,51.25,0.625,20.625,26.875,0.625
E00016780,30.76923076923077,0.0,19.871794871794872,47.43589743589744,1.9230769230769231
E00016782,42.52873563218391,0.0,16.666666666666668,40.804597701149426,0.0
E00016790,18.681318681318682,1.098901098901099,21.978021978021978,57.142857142857146,1.098901098901099
E00016792,11.764705882352942,0.0,20.58823529411765,67.6470588235294,0.0
E00016795,42.10526315789474,1.7543859649122806,27.19298245614035,26.31578947368421,2.6315789473684212
E00016783,48.05194805194805,1.2987012987012987,30.51948051948052,20.12987012987013,0.0
E00016802,39.75155279503105,1.8633540372670807,28.571428571428573,29.81366459627329,0.0
E00016807,27.31958762886598,1.0309278350515463,32.98969072164948,38.144329896907216,0.5154639175257731
E00016809,49.044585987261144,0.0,21.656050955414013,29.29936305732484,0.0
E00016810,38.888888888888886,0.0,20.13888888888889,40.27777777777778,0.6944444444444444
E00016784,49.59349593495935,0.8130081300813008,24.390243902439025,25.203252032520325,0.0
E00016811,35.82089552238806,0.0,20.895522388059703,42.53731343283582,0.746268656716418
E00016812,63.24786324786325,0.0,13.675213675213675,22.22222222222222,0.8547008547008547
E00016816,54.80769230769231,0.0,16.346153846153847,27.884615384615383,0.9615384615384616
E00016817,60.0,0.0,14.782608695652174,24.347826086956523,0.8695652173913043
E00016785,25.454545454545453,0.9090909090909091,40.90909090909091,31.818181818181817,0.9090909090909091
