OA11CD,+2 or more,+1,0,-1,-2 or less
E00016403,4.929577464788732,32.394366197183096,42.25352112676056,13.380281690140846,7.042253521126761
E00016437,6.918238993710692,17.61006289308176,44.0251572327044,24.528301886792452,6.918238993710692
E00016439,0.5617977528089888,16.853932584269664,62.92134831460674,15.730337078651685,3.932584269662921
E00016442,0.0,35.97122302158273,43.884892086330936,16.546762589928058,3.597122302158273
E00016399,5.673758865248227,31.20567375886525,43.262411347517734,17.02127659574468,2.8368794326241136
E00016401,6.4935064935064934,33.76623376623377,51.298701298701296,6.4935064935064934,1.948051948051948
E00016406,4.201680672268908,15.966386554621849,61.34453781512605,15.966386554621849,2.5210084033613445
E00016435,5.882352941176471,18.235294117647058,57.64705882352941,15.882352941176471,2.3529411764705883
E00016395,13.91304347826087,16.52173913043478,47.82608695652174,13.91304347826087,7.826086956521739
E00016404,23.333333333333332,30.0,33.333333333333336,11.666666666666666,1.6666666666666667
E00016405,15.217391304347826,15.217391304347826,54.34782608695652,12.318840579710145,2.898550724637681
E00016408,7.352941176470588,19.11764705882353,60.294117647058826,10.294117647058824,2.9411764705882355
E00016410,31.25,23.214285714285715,31.25,8.035714285714286,6.25
E00016438,0.7575757575757576,25.0,62.878787878787875,10.606060606060606,0.7575757575757576
E00016398,4.504504504504505,23.423423423423422,58.55855855855856,8.108108108108109,5.405405405405405
E00016431,6.363636363636363,19.09090909090909,59.09090909090909,12.727272727272727,2.727272727272727
E00016432,7.5,29.375,50.0,11.25,1.875
E00016434,11.377245508982035,25.748502994011975,49.10179640718563,11.976047904191617,1.7964071856287425
E00173943,3.048780487804878,26.829268292682926,59.75609756097561,8.536585365853659,1.829268292682927
E00173946,3.2432432432432434,37.83783783783784,52.432432432432435,5.405405405405405,1.0810810810810811
E00016397,3.8095238095238093,26.19047619047619,53.80952380952381,13.80952380952381,2.380952380952381
E00016433,12.142857142857142,19.285714285714285,57.142857142857146,10.0,1.4285714285714286
E00016436,7.920792079207921,24.752475247524753,49.504950495049506,15.841584158415841,1.9801980198019802
E00016440,7.407407407407407,28.703703703703702,45.370370370370374,16.666666666666668,1.8518518518518519
E00016441,6.372549019607843,18.137254901960784,54.90196078431372,16.176470588235293,4.411764705882353
E00016412,13.907284768211921,25.165562913907284,45.033112582781456,13.245033112582782,2.6490066225165565
E00016414,13.88888888888889,12.5,52.083333333333336,15.277777777777779,6.25
E00016418,6.5359477124183005,16.33986928104575,59.47712418300654,15.686274509803921,1.9607843137254901
E00016422,7.207207207207207,17.117117117117118,50.450450450450454,20.72072072072072,4.504504504504505
E00016402,10.15625,24.21875,47.65625,14.84375,3.125
E00016407,0.0,10.273972602739725,65.75342465753425,21.91780821917808,2.0547945205479454
E00016409,3.4246575342465753,25.34246575342466,49.31506849315068,19.17808219178082,2.73972602739726
E00016411,4.651162790697675,16.27906976744186,64.53488372093024,12.790697674418604,1.744186046511628
E00016413,12.698412698412698,27.77777777777778,38.888888888888886,17.46031746031746,3.1746031746031744
E00016415,6.428571428571429,27.142857142857142,50.714285714285715,12.857142857142858,2.857142857142857
E00016416,10.576923076923077,19.23076923076923,49.03846153846154,18.26923076923077,2.8846153846153846
E00016419,16.949152542372882,29.661016949152543,39.83050847457627,9.322033898305085,4.237288135593221
E00016420,6.6115702479338845,19.00826446280992,44.62809917355372,25.619834710743802,4.132231404958677
E00173947,1.6260162601626016,18.69918699186992,47.96747967479675,25.203252032520325,6.504065040650406
E00173948,0.0,18.71345029239766,69.00584795321637,11.695906432748538,0.5847953216374269
E00016417,9.420289855072463,23.18840579710145,50.72463768115942,14.492753623188406,2.1739130434782608
E00016421,5.6,22.4,45.6,24.0,2.4
E00016423,9.836065573770492,26.229508196721312,36.885245901639344,19.672131147540984,7.377049180327869
E00016424,6.504065040650406,19.51219512195122,53.65853658536585,18.69918699186992,1.6260162601626016
E00016427,4.761904761904762,22.857142857142858,46.666666666666664,22.857142857142858,2.857142857142857
E00016396,13.432835820895523,13.432835820895523,55.97014925373134,14.925373134328359,2.2388059701492535
E00016426,4.477611940298507,20.895522388059703,54.47761194029851,15.671641791044776,4.477611940298507
E00016428,3.821656050955414,19.745222929936304,51.59235668789809,21.656050955414013,3.1847133757961785
E00016429,20.161290322580644,32.25806451612903,41.12903225806452,3.225806451612903,3.225806451612903
E00016430,8.333333333333334,25.833333333333332,48.333333333333336,12.5,5.0
E00016680,2.459016393442623,8.19672131147541,68.0327868852459,17.21311475409836,4.098360655737705
E00016716,0.6289308176100629,11.949685534591195,60.37735849056604,23.270440251572328,3.7735849056603774
E00016717,0.0,10.784313725490197,69.6078431372549,14.705882352941176,4.901960784313726
E00016719,6.837606837606837,11.965811965811966,58.11965811965812,19.65811965811966,3.4188034188034186
E00016720,1.3513513513513513,6.756756756756757,64.1891891891892,16.89189189189189,10.81081081081081
E00016725,0.0,5.882352941176471,57.142857142857146,21.84873949579832,15.126050420168067
E00016706,11.650485436893204,23.300970873786408,42.71844660194175,20.388349514563107,1.941747572815534
E00016708,9.23076923076923,20.0,46.92307692307692,19.23076923076923,4.615384615384615
E00016709,19.708029197080293,25.547445255474454,38.68613138686131,13.138686131386862,2.9197080291970803
E00016714,7.017543859649122,27.19298245614035,45.6140350877193,12.280701754385966,7.894736842105263
E00016715,4.8,30.4,47.2,13.6,4.0
E00016675,1.7241379310344827,12.931034482758621,63.793103448275865,20.689655172413794,0.8620689655172413
E00016677,12.977099236641221,28.244274809160306,44.274809160305345,12.213740458015268,2.2900763358778624
E00016683,4.3478260869565215,21.014492753623188,50.72463768115942,21.014492753623188,2.898550724637681
E00016697,8.264462809917354,33.05785123966942,36.36363636363637,14.87603305785124,7.43801652892562
E00173940,18.58407079646018,36.283185840707965,34.51327433628319,6.1946902654867255,4.424778761061947
E00173949,12.837837837837839,41.891891891891895,32.432432432432435,10.81081081081081,2.027027027027027
E00016684,6.542056074766355,17.757009345794394,59.81308411214953,12.149532710280374,3.7383177570093458
E00016687,1.8518518518518519,14.814814814814815,69.44444444444444,12.962962962962964,0.9259259259259259
E00016694,6.666666666666667,20.74074074074074,58.51851851851852,12.592592592592593,1.4814814814814814
E00016718,3.90625,20.3125,59.375,12.5,3.90625
E00016721,6.422018348623853,22.01834862385321,52.293577981651374,18.34862385321101,0.9174311926605505
E00016723,6.504065040650406,13.008130081300813,54.47154471544715,24.390243902439025,1.6260162601626016
E00016679,15.384615384615385,27.47252747252747,45.05494505494506,10.989010989010989,1.098901098901099
E00016689,20.0,22.608695652173914,46.08695652173913,11.304347826086957,0.0
E00016693,18.4,22.4,46.4,10.4,2.4
E00016701,12.5,17.045454545454547,54.54545454545455,15.909090909090908,0.0
E00173939,0.0,25.53191489361702,52.12765957446808,21.27659574468085,1.0638297872340425
E00016210,11.971830985915492,21.12676056338028,53.521126760563384,9.859154929577464,3.5211267605633805
E00016239,13.513513513513514,14.18918918918919,56.75675675675676,14.18918918918919,1.3513513513513513
E00016240,3.5294117647058822,21.176470588235293,57.64705882352941,15.294117647058824,2.3529411764705883
E00016241,9.090909090909092,21.678321678321677,53.14685314685315,13.286713286713287,2.797202797202797
E00016245,12.371134020618557,27.835051546391753,47.422680412371136,9.278350515463918,3.0927835051546393
E00016211,15.044247787610619,19.469026548672566,48.67256637168141,15.044247787610619,1.7699115044247788
E00016213,6.470588235294118,28.235294117647058,42.35294117647059,19.41176470588235,3.5294117647058822
E00016244,13.28125,27.34375,32.8125,15.625,10.9375
E00016250,9.21985815602837,24.822695035460992,46.808510638297875,18.43971631205674,0.7092198581560284
E00174011,5.660377358490566,20.754716981132077,62.264150943396224,7.547169811320755,3.7735849056603774
E00174032,9.848484848484848,18.181818181818183,42.42424242424242,9.090909090909092,20.454545454545453
E00174033,21.951219512195124,29.26829268292683,24.390243902439025,17.073170731707318,7.317073170731708
E00016216,11.695906432748538,28.65497076023392,47.36842105263158,12.280701754385966,0.0
E00016236,5.882352941176471,23.529411764705884,58.333333333333336,10.294117647058824,1.9607843137254901
E00016246,13.138686131386862,27.00729927007299,41.605839416058394,13.138686131386862,5.109489051094891
E00016248,9.770114942528735,16.666666666666668,65.51724137931035,6.896551724137931,1.1494252873563218
E00016252,13.414634146341463,29.26829268292683,45.73170731707317,9.75609756097561,1.829268292682927
E00016214,22.22222222222222,21.604938271604937,42.592592592592595,12.345679012345679,1.2345679012345678
E00016215,23.703703703703702,18.51851851851852,36.2962962962963,18.51851851851852,2.962962962962963
E00016217,16.129032258064516,27.419354838709676,47.31182795698925,9.13978494623656,0.0
E00016237,44.642857142857146,25.892857142857142,19.642857142857142,8.035714285714286,1.7857142857142858
E00016247,12.857142857142858,36.42857142857143,45.714285714285715,5.0,0.0
E00016253,17.424242424242426,20.454545454545453,46.96969696969697,13.636363636363637,1.5151515151515151
E00016209,13.924050632911392,19.620253164556964,46.20253164556962,12.025316455696203,8.227848101265822
E00016235,5.517241379310345,17.93103448275862,57.241379310344826,19.310344827586206,0.0
E00016238,16.574585635359117,22.099447513812155,49.171270718232044,8.839779005524862,3.314917127071823
E00173941,11.428571428571429,21.904761904761905,41.904761904761905,20.952380952380953,3.8095238095238093
E00173942,12.987012987012987,18.181818181818183,44.15584415584416,20.77922077922078,3.896103896103896
E00016881,12.5,22.115384615384617,46.15384615384615,15.384615384615385,3.8461538461538463
E00016915,4.195804195804196,20.27972027972028,51.74825174825175,17.482517482517483,6.293706293706293
E00016916,9.154929577464788,19.718309859154928,50.70422535211268,11.971830985915492,8.450704225352112
E00016920,4.761904761904762,20.634920634920636,55.55555555555556,15.079365079365079,3.9682539682539684
E00173950,3.4188034188034186,23.076923076923077,64.95726495726495,8.547008547008547,0.0
E00173951,5.0359712230215825,21.58273381294964,59.71223021582734,12.949640287769784,0.7194244604316546
E00016921,13.740458015267176,21.374045801526716,54.961832061068705,8.396946564885496,1.5267175572519085
E00016922,18.055555555555557,23.61111111111111,48.611111111111114,9.027777777777779,0.6944444444444444
E00016923,17.94871794871795,25.0,48.717948717948715,7.051282051282051,1.2820512820512822
E00016925,31.65829145728643,21.105527638190956,39.698492462311556,5.527638190954774,2.0100502512562812
E00016926,20.30075187969925,27.06766917293233,31.57894736842105,16.541353383458645,4.511278195488722
E00016917,16.75977653631285,16.75977653631285,45.81005586592179,12.849162011173185,7.82122905027933
E00016918,11.538461538461538,23.71794871794872,49.35897435897436,14.743589743589743,0.6410256410256411
E00016919,19.858156028368793,29.078014184397162,37.5886524822695,11.347517730496454,2.127659574468085
E00016924,19.892473118279568,20.967741935483872,49.46236559139785,8.064516129032258,1.6129032258064515
E00016927,15.555555555555555,31.11111111111111,47.407407407407405,4.444444444444445,1.4814814814814814
E00016879,32.121212121212125,25.454545454545453,30.303030303030305,11.515151515151516,0.6060606060606061
E00016884,36.92307692307692,17.692307692307693,35.38461538461539,7.6923076923076925,2.3076923076923075
E00016886,22.516556291390728,21.192052980132452,43.04635761589404,11.920529801324504,1.3245033112582782
E00016893,24.444444444444443,26.666666666666668,37.03703703703704,11.11111111111111,0.7407407407407407
E00016885,22.62773722627737,28.467153284671532,43.065693430656935,5.109489051094891,0.7299270072992701
E00016887,37.254901960784316,25.49019607843137,32.35294117647059,4.901960784313726,0.0
E00016889,12.931034482758621,31.896551724137932,41.37931034482759,12.068965517241379,1.7241379310344827
E00016890,5.839416058394161,15.328467153284672,50.36496350364963,24.817518248175183,3.6496350364963503
E00016895,20.895522388059703,27.611940298507463,44.02985074626866,6.7164179104477615,0.746268656716418
E00016159,28.333333333333332,35.833333333333336,28.333333333333332,6.666666666666667,0.8333333333333334
E00016173,18.796992481203006,38.34586466165413,32.330827067669176,9.022556390977444,1.5037593984962405
E00016176,36.2962962962963,38.51851851851852,22.962962962962962,2.2222222222222223,0.0
E00016184,9.16030534351145,45.038167938931295,38.93129770992366,3.816793893129771,3.053435114503817
E00016186,15.384615384615385,36.36363636363637,38.46153846153846,8.391608391608392,1.3986013986013985
E00016188,18.705035971223023,38.1294964028777,35.25179856115108,7.194244604316546,0.7194244604316546
E00016164,19.09090909090909,28.181818181818183,40.90909090909091,9.090909090909092,2.727272727272727
E00016170,16.666666666666668,31.333333333333332,41.333333333333336,8.666666666666666,2.0
E00016175,9.395973154362416,35.57046979865772,44.966442953020135,8.053691275167786,2.0134228187919465
E00016181,15.0,17.857142857142858,51.42857142857143,9.285714285714286,6.428571428571429
E00016182,57.25190839694657,22.900763358778626,16.793893129770993,2.2900763358778624,0.7633587786259542
E00016162,24.031007751937985,34.883720930232556,36.434108527131784,4.651162790697675,0.0
E00016198,11.428571428571429,33.333333333333336,46.666666666666664,8.571428571428571,0.0
E00016202,7.0,21.0,47.0,23.0,2.0
E00016205,25.58139534883721,37.2093023255814,36.434108527131784,0.7751937984496124,0.0
E00016208,10.714285714285714,52.857142857142854,32.142857142857146,4.285714285714286,0.0
E00016199,16.80672268907563,26.89075630252101,37.81512605042017,17.647058823529413,0.8403361344537815
E00016200,2.380952380952381,8.333333333333334,64.28571428571429,22.61904761904762,2.380952380952381
E00016201,8.928571428571429,23.214285714285715,35.714285714285715,25.0,7.142857142857143
E00016203,9.30232558139535,12.4031007751938,63.565891472868216,13.953488372093023,0.7751937984496124
E00016207,14.912280701754385,25.43859649122807,45.6140350877193,11.403508771929825,2.6315789473684212
E00016163,22.48062015503876,31.007751937984494,37.2093023255814,8.527131782945736,0.7751937984496124
E00016165,30.252100840336134,32.773109243697476,32.773109243697476,3.361344537815126,0.8403361344537815
E00016168,22.093023255813954,27.906976744186046,39.53488372093023,8.13953488372093,2.3255813953488373
E00016169,48.275862068965516,21.551724137931036,25.862068965517242,3.4482758620689653,0.8620689655172413
E00016172,6.299212598425197,33.07086614173228,48.818897637795274,11.023622047244094,0.7874015748031497
E00016177,18.181818181818183,38.84297520661157,38.84297520661157,4.132231404958677,0.0
E00016219,10.273972602739725,21.91780821917808,59.58904109589041,7.534246575342466,0.684931506849315
E00016220,5.147058823529412,25.0,61.76470588235294,8.088235294117647,0.0
E00016221,6.164383561643835,38.35616438356164,43.15068493150685,10.95890410958904,1.36986301369863
E00016223,13.08411214953271,25.233644859813083,52.33644859813084,7.4766355140186915,1.8691588785046729
E00016225,9.401709401709402,24.786324786324787,56.41025641025641,8.547008547008547,0.8547008547008547
E00016255,3.9603960396039604,38.613861386138616,45.54455445544554,11.881188118811881,0.0
E00016218,5.3097345132743365,27.43362831858407,55.75221238938053,8.849557522123893,2.6548672566371683
E00016222,11.25,25.625,49.375,11.25,2.5
E00016224,14.102564102564102,38.46153846153846,38.46153846153846,7.6923076923076925,1.2820512820512822
E00016226,14.166666666666666,31.666666666666668,40.0,11.666666666666666,2.5
E00016227,14.388489208633093,30.215827338129497,43.884892086330936,8.633093525179856,2.8776978417266186
E00016228,23.2,28.8,42.4,4.8,0.8
E00016229,19.23076923076923,21.978021978021978,43.40659340659341,14.835164835164836,0.5494505494505495
E00016230,19.402985074626866,31.34328358208955,37.3134328358209,9.701492537313433,2.2388059701492535
E00016231,13.10344827586207,28.275862068965516,42.758620689655174,13.10344827586207,2.7586206896551726
E00016232,6.153846153846154,27.692307692307693,44.61538461538461,17.692307692307693,3.8461538461538463
E00016233,2.5974025974025974,20.77922077922078,52.5974025974026,18.83116883116883,5.194805194805195
E00016212,24.166666666666668,29.166666666666668,27.5,15.833333333333334,3.3333333333333335
E00016249,14.40677966101695,16.10169491525424,55.932203389830505,11.864406779661017,1.694915254237288
E00016254,22.429906542056074,24.299065420560748,41.12149532710281,11.214953271028037,0.9345794392523364
E00173952,19.444444444444443,29.62962962962963,38.888888888888886,8.333333333333334,3.7037037037037037
E00174016,24.489795918367346,20.408163265306122,38.775510204081634,16.3265306122449,0.0
E00174022,18.681318681318682,23.076923076923077,50.54945054945055,6.593406593406593,1.098901098901099
E00174008,0.7692307692307693,25.384615384615383,67.6923076923077,5.384615384615385,0.7692307692307693
E00174010,0.0,13.333333333333334,73.33333333333333,12.5,0.8333333333333334
E00174013,2.380952380952381,16.666666666666668,69.84126984126983,11.11111111111111,0.0
E00174015,1.8691588785046729,34.57943925233645,58.87850467289719,4.672897196261682,0.0
E00174025,2.3622047244094486,23.62204724409449,62.20472440944882,11.023622047244094,0.7874015748031497
E00174027,0.0,21.875,73.95833333333333,4.166666666666667,0.0
E00016178,6.6115702479338845,30.578512396694215,50.413223140495866,9.090909090909092,3.3057851239669422
E00016179,26.5625,34.375,27.34375,10.15625,1.5625
E00016180,26.515151515151516,36.36363636363637,31.818181818181817,5.303030303030303,0.0
E00016187,31.53846153846154,43.07692307692308,21.53846153846154,3.076923076923077,0.7692307692307693
E00016189,57.8125,28.125,13.28125,0.0,0.78125
E00016166,14.851485148514852,31.683168316831683,51.48514851485149,1.9801980198019802,0.0
E00016167,35.0,39.166666666666664,22.5,3.3333333333333335,0.0
E00016171,9.15032679738562,28.104575163398692,52.287581699346404,8.49673202614379,1.9607843137254901
E00016174,27.272727272727273,47.107438016528924,24.793388429752067,0.8264462809917356,0.0
E00016204,18.571428571428573,35.0,40.714285714285715,4.285714285714286,1.4285714285714286
E00016206,25.619834710743802,22.31404958677686,47.107438016528924,4.958677685950414,0.0
E00016160,56.48854961832061,25.954198473282442,16.03053435114504,1.5267175572519085,0.0
E00016183,27.73109243697479,33.61344537815126,34.45378151260504,4.201680672268908,0.0
E00016185,35.96491228070175,48.24561403508772,13.157894736842104,2.6315789473684212,0.0
E00016191,37.704918032786885,36.885245901639344,22.950819672131146,2.459016393442623,0.0
E00016195,35.15625,36.71875,25.0,3.125,0.0
E00016197,14.666666666666666,24.0,54.0,6.666666666666667,0.6666666666666666
E00016161,15.060240963855422,25.903614457831324,49.397590361445786,9.036144578313253,0.6024096385542169
E00016190,5.128205128205129,18.58974358974359,69.23076923076923,5.769230769230769,1.2820512820512822
E00016192,12.716763005780347,23.69942196531792,54.335260115606935,7.514450867052023,1.7341040462427746
E00016193,1.2987012987012987,27.272727272727273,61.688311688311686,9.090909090909092,0.6493506493506493
E00016194,1.9736842105263157,20.394736842105264,67.76315789473684,9.210526315789474,0.6578947368421053
E00016196,11.1731843575419,38.547486033519554,40.22346368715084,8.379888268156424,1.675977653631285
E00016905,7.017543859649122,28.94736842105263,53.50877192982456,10.526315789473685,0.0
E00016907,25.217391304347824,37.391304347826086,24.347826086956523,10.434782608695652,2.608695652173913
E00016908,6.504065040650406,20.32520325203252,63.41463414634146,9.75609756097561,0.0
E00016910,13.28125,28.125,35.9375,20.3125,2.34375
E00016912,8.24742268041237,14.43298969072165,57.7319587628866,14.43298969072165,5.154639175257732
E00016909,2.73972602739726,21.91780821917808,56.16438356164384,17.80821917808219,1.36986301369863
E00016911,13.450292397660819,20.46783625730994,46.78362573099415,18.128654970760234,1.1695906432748537
E00016913,5.69620253164557,29.11392405063291,49.36708860759494,12.658227848101266,3.1645569620253164
E00016914,5.6,20.8,53.6,17.6,2.4
E00016896,7.142857142857143,30.0,51.42857142857143,10.714285714285714,0.7142857142857143
E00016898,14.15929203539823,25.663716814159294,49.557522123893804,8.849557522123893,1.7699115044247788
E00016900,15.972222222222221,36.111111111111114,38.888888888888886,8.333333333333334,0.6944444444444444
E00016901,14.117647058823529,17.647058823529413,54.11764705882353,11.764705882352942,2.3529411764705883
E00016904,4.672897196261682,22.429906542056074,58.87850467289719,13.08411214953271,0.9345794392523364
E00016906,18.58407079646018,28.31858407079646,40.70796460176991,12.389380530973451,0.0
E00016883,23.239436619718308,26.056338028169016,44.36619718309859,4.929577464788732,1.408450704225352
E00016888,27.906976744186046,26.356589147286822,34.883720930232556,10.077519379844961,0.7751937984496124
E00016891,16.95906432748538,20.46783625730994,47.953216374269005,10.526315789473685,4.093567251461988
E00016892,16.666666666666668,30.158730158730158,42.857142857142854,9.523809523809524,0.7936507936507936
E00016894,17.880794701986755,27.1523178807947,40.397350993377486,14.56953642384106,0.0
E00016880,18.26086956521739,28.695652173913043,43.47826086956522,6.956521739130435,2.608695652173913
E00016897,11.11111111111111,18.333333333333332,57.77777777777778,10.0,2.7777777777777777
E00016899,5.031446540880503,30.81761006289308,54.716981132075475,8.80503144654088,0.6289308176100629
E00016902,16.05839416058394,36.496350364963504,41.605839416058394,3.6496350364963503,2.18978102189781
E00016903,17.96875,33.59375,32.03125,14.0625,2.34375
E00016564,26.31578947368421,32.330827067669176,33.08270676691729,8.270676691729323,0.0
E00016567,3.658536585365854,20.73170731707317,43.90243902439025,28.048780487804876,3.658536585365854
E00016569,14.84375,42.96875,30.46875,10.15625,1.5625
E00016571,40.869565217391305,36.52173913043478,13.043478260869565,8.695652173913043,0.8695652173913043
E00173700,26.21359223300971,19.41747572815534,10.679611650485437,37.86407766990291,5.825242718446602
E00173702,24.761904761904763,18.095238095238095,16.19047619047619,38.095238095238095,2.857142857142857
E00016558,7.142857142857143,20.634920634920636,61.904761904761905,9.523809523809524,0.7936507936507936
E00016561,8.264462809917354,27.272727272727273,49.586776859504134,12.396694214876034,2.479338842975207
E00016566,23.008849557522122,27.43362831858407,38.93805309734513,9.734513274336283,0.8849557522123894
E00016568,25.0,30.555555555555557,37.5,6.25,0.6944444444444444
E00016572,18.367346938775512,15.646258503401361,47.61904761904762,15.646258503401361,2.7210884353741496
E00016575,8.661417322834646,28.346456692913385,47.24409448818898,15.748031496062993,0.0
E00016557,12.631578947368421,32.63157894736842,44.21052631578947,8.421052631578947,2.1052631578947367
E00016559,21.16788321167883,21.16788321167883,43.065693430656935,8.02919708029197,6.569343065693431
E00016560,13.013698630136986,13.013698630136986,50.68493150684932,17.80821917808219,5.47945205479452
E00016562,25.85034013605442,23.12925170068027,42.17687074829932,6.802721088435374,2.0408163265306123
E00016563,15.873015873015873,44.44444444444444,26.984126984126984,7.936507936507937,4.761904761904762
E00016565,12.987012987012987,30.51948051948052,40.90909090909091,10.38961038961039,5.194805194805195
E00016544,26.174496644295303,24.161073825503355,38.92617449664429,9.395973154362416,1.342281879194631
E00016574,28.125,30.46875,33.59375,6.25,1.5625
E00016576,26.4,33.6,32.8,6.4,0.8
E00016577,37.5,20.833333333333332,34.02777777777778,4.861111111111111,2.7777777777777777
E00016578,39.81481481481482,23.14814814814815,27.77777777777778,7.407407407407407,1.8518518518518519
E00016635,13.142857142857142,20.0,54.857142857142854,9.142857142857142,2.857142857142857
E00016640,19.718309859154928,19.718309859154928,50.0,7.746478873239437,2.816901408450704
E00016641,9.523809523809524,20.408163265306122,41.49659863945578,25.170068027210885,3.401360544217687
E00016642,8.19672131147541,18.0327868852459,57.923497267759565,13.114754098360656,2.73224043715847
E00016643,13.605442176870747,16.3265306122449,55.10204081632653,11.564625850340136,3.401360544217687
E00016630,15.131578947368421,27.63157894736842,45.39473684210526,11.18421052631579,0.6578947368421053
E00016647,11.920529801324504,18.543046357615893,45.6953642384106,17.218543046357617,6.622516556291391
E00016648,11.029411764705882,13.970588235294118,53.6764705882353,8.088235294117647,13.235294117647058
E00016649,4.3478260869565215,20.28985507246377,57.971014492753625,5.072463768115942,12.318840579710145
E00016651,8.783783783783784,29.72972972972973,52.027027027027025,8.783783783783784,0.6756756756756757
E00016629,16.9811320754717,25.157232704402517,43.39622641509434,10.69182389937107,3.7735849056603774
E00016650,15.573770491803279,15.573770491803279,54.09836065573771,9.836065573770492,4.918032786885246
E00016652,6.976744186046512,17.05426356589147,62.7906976744186,10.852713178294573,2.3255813953488373
E00016654,0.7518796992481203,12.781954887218046,66.16541353383458,19.548872180451127,0.7518796992481203
E00016657,2.8776978417266186,28.057553956834532,53.23741007194245,12.23021582733813,3.597122302158273
E00016633,16.513761467889907,23.853211009174313,40.36697247706422,15.596330275229358,3.669724770642202
E00016636,1.5037593984962405,12.781954887218046,70.67669172932331,12.781954887218046,2.255639097744361
E00016638,5.9523809523809526,15.476190476190476,57.142857142857146,20.238095238095237,1.1904761904761905
E00016639,4.5,29.5,53.0,12.5,0.5
E00016674,31.9672131147541,36.0655737704918,22.131147540983605,9.836065573770492,0.0
E00174018,0.42735042735042733,15.811965811965813,74.35897435897436,8.974358974358974,0.42735042735042733
E00174019,13.095238095238095,25.0,45.23809523809524,13.095238095238095,3.5714285714285716
E00174021,1.8181818181818181,12.727272727272727,67.27272727272727,12.727272727272727,5.454545454545454
E00016628,14.093959731543624,37.58389261744966,38.25503355704698,7.382550335570469,2.684563758389262
E00016637,14.43298969072165,32.47422680412371,40.20618556701031,9.278350515463918,3.6082474226804124
E00174024,7.894736842105263,25.43859649122807,52.63157894736842,7.894736842105263,6.140350877192983
E00174029,11.607142857142858,14.285714285714286,53.57142857142857,18.75,1.7857142857142858
E00174030,11.818181818181818,22.727272727272727,51.81818181818182,12.727272727272727,0.9090909090909091
E00016644,2.4038461538461537,18.75,62.01923076923077,14.423076923076923,2.4038461538461537
E00016645,16.470588235294116,25.88235294117647,49.411764705882355,6.470588235294118,1.7647058823529411
E00016646,12.716763005780347,24.277456647398843,52.02312138728324,8.670520231213873,2.3121387283236996
E00016584,16.738197424892704,21.888412017167383,42.06008583690987,13.304721030042918,6.008583690987124
E00016596,23.015873015873016,34.92063492063492,30.952380952380953,7.936507936507937,3.1746031746031744
E00016598,20.17543859649123,33.333333333333336,37.280701754385966,6.140350877192983,3.0701754385964914
E00016623,3.468208092485549,26.589595375722542,54.91329479768786,7.514450867052023,7.514450867052023
E00174036,22.68041237113402,28.8659793814433,36.08247422680412,7.216494845360825,5.154639175257732
E00174038,5.2631578947368425,24.736842105263158,46.31578947368421,12.631578947368421,11.052631578947368
E00016585,15.671641791044776,25.37313432835821,52.23880597014925,5.970149253731344,0.746268656716418
E00016593,31.557377049180328,24.59016393442623,39.75409836065574,4.098360655737705,0.0
E00016600,48.611111111111114,27.083333333333332,20.833333333333332,2.7777777777777777,0.6944444444444444
E00016602,33.08270676691729,29.32330827067669,33.83458646616541,3.007518796992481,0.7518796992481203
E00016624,20.930232558139537,20.930232558139537,51.16279069767442,6.2015503875969,0.7751937984496124
E00016625,25.179856115107913,41.726618705035975,31.654676258992804,1.4388489208633093,0.0
E00016587,25.0,29.347826086956523,36.41304347826087,8.152173913043478,1.0869565217391304
E00016594,19.10828025477707,37.5796178343949,36.30573248407644,5.732484076433121,1.2738853503184713
E00016605,17.12707182320442,29.281767955801104,41.988950276243095,9.392265193370166,2.2099447513812156
E00016608,29.67032967032967,30.76923076923077,35.16483516483517,4.395604395604396,0.0
E00016626,37.03703703703704,32.592592592592595,25.925925925925927,2.2222222222222223,2.2222222222222223
E00016589,33.08270676691729,27.06766917293233,33.08270676691729,6.7669172932330826,0.0
E00016595,1.5748031496062993,22.834645669291337,58.267716535433074,17.322834645669293,0.0
E00016597,2.255639097744361,19.548872180451127,71.42857142857143,5.2631578947368425,1.5037593984962405
E00016599,8.633093525179856,43.884892086330936,33.093525179856115,10.79136690647482,3.597122302158273
E00016601,10.79136690647482,28.057553956834532,46.0431654676259,12.949640287769784,2.158273381294964
E00016607,12.173913043478262,30.434782608695652,52.17391304347826,5.217391304347826,0.0
E00016573,27.692307692307693,30.76923076923077,33.84615384615385,5.384615384615385,2.3076923076923075
E00016579,14.925373134328359,22.388059701492537,42.53731343283582,17.16417910447761,2.985074626865672
E00016580,22.023809523809526,23.214285714285715,47.023809523809526,5.9523809523809526,1.7857142857142858
E00016581,18.27956989247312,21.50537634408602,42.473118279569896,16.129032258064516,1.6129032258064515
E00016582,21.11111111111111,34.44444444444444,32.77777777777778,11.666666666666666,0.0
E00016546,23.404255319148938,23.404255319148938,39.00709219858156,9.21985815602837,4.964539007092198
E00016547,21.951219512195124,27.4390243902439,38.41463414634146,6.097560975609756,6.097560975609756
E00016548,35.03649635036496,29.927007299270073,28.467153284671532,5.839416058394161,0.7299270072992701
E00016550,12.658227848101266,23.417721518987342,48.734177215189874,11.39240506329114,3.7974683544303796
E00016583,17.355371900826448,25.619834710743802,47.93388429752066,6.6115702479338845,2.479338842975207
E00016542,20.74074074074074,25.925925925925927,37.77777777777778,8.148148148148149,7.407407407407407
E00016552,4.225352112676056,28.87323943661972,50.70422535211268,13.380281690140846,2.816901408450704
E00016554,30.89430894308943,30.08130081300813,30.08130081300813,8.130081300813009,0.8130081300813008
E00016555,26.31578947368421,26.31578947368421,35.96491228070175,9.649122807017545,1.7543859649122806
E00016556,24.603174603174605,23.80952380952381,39.682539682539684,10.317460317460318,1.5873015873015872
E00016543,8.333333333333334,26.19047619047619,52.976190476190474,11.30952380952381,1.1904761904761905
E00016545,11.71875,26.5625,44.53125,14.84375,2.34375
E00016549,35.82089552238806,38.059701492537314,17.16417910447761,8.208955223880597,0.746268656716418
E00016551,40.0,39.285714285714285,15.0,5.0,0.7142857142857143
E00016553,23.846153846153847,38.46153846153846,30.76923076923077,5.384615384615385,1.5384615384615385
E00016335,29.67032967032967,36.26373626373626,29.67032967032967,3.2967032967032965,1.098901098901099
E00016336,30.88235294117647,35.294117647058826,25.735294117647058,7.352941176470588,0.7352941176470589
E00016339,40.17094017094017,41.02564102564103,15.384615384615385,1.7094017094017093,1.7094017094017093
E00016340,28.244274809160306,40.458015267175576,26.717557251908396,2.2900763358778624,2.2900763358778624
E00016341,45.21739130434783,39.130434782608695,13.91304347826087,0.8695652173913043,0.8695652173913043
E00016309,28.767123287671232,16.438356164383563,45.205479452054796,8.904109589041095,0.684931506849315
E00016323,24.56140350877193,28.07017543859649,37.719298245614034,8.771929824561404,0.8771929824561403
E00016324,14.906832298136646,30.434782608695652,40.37267080745342,9.316770186335404,4.968944099378882
E00016325,15.492957746478874,31.690140845070424,42.95774647887324,8.450704225352112,1.408450704225352
E00016327,26.612903225806452,33.87096774193548,29.838709677419356,7.258064516129032,2.4193548387096775
E00016326,29.838709677419356,31.451612903225808,27.419354838709676,10.483870967741936,0.8064516129032258
E00016329,22.22222222222222,43.75,25.0,8.333333333333334,0.6944444444444444
E00016332,41.891891891891895,33.108108108108105,18.91891891891892,6.081081081081081,0.0
E00016333,32.432432432432435,27.92792792792793,31.53153153153153,7.207207207207207,0.9009009009009009
E00016337,45.90163934426229,30.327868852459016,20.491803278688526,3.278688524590164,0.0
E00016311,34.12698412698413,38.888888888888886,21.428571428571427,3.1746031746031744,2.380952380952381
E00016328,22.22222222222222,42.857142857142854,30.952380952380953,3.1746031746031744,0.7936507936507936
E00016330,22.22222222222222,29.914529914529915,36.75213675213675,9.401709401709402,1.7094017094017093
E00016331,35.03649635036496,29.197080291970803,24.817518248175183,10.218978102189782,0.7299270072992701
E00016334,21.47239263803681,41.717791411042946,30.67484662576687,4.9079754601226995,1.2269938650306749
E00016613,58.0,24.666666666666668,13.333333333333334,3.3333333333333335,0.6666666666666666
E00016614,35.9375,31.25,23.4375,4.6875,4.6875
E00016615,35.24590163934426,27.049180327868854,27.868852459016395,9.01639344262295,0.819672131147541
E00016618,11.206896551724139,21.551724137931036,50.86206896551724,16.379310344827587,0.0
E00016621,2.2222222222222223,28.14814814814815,60.74074074074074,7.407407407407407,1.4814814814814814
E00016609,39.42307692307692,37.5,18.26923076923077,4.8076923076923075,0.0
E00016617,42.33576642335766,28.467153284671532,23.357664233576642,5.109489051094891,0.7299270072992701
E00016619,37.5,26.470588235294116,30.88235294117647,3.676470588235294,1.4705882352941178
E00016620,44.44444444444444,35.042735042735046,17.094017094017094,3.4188034188034186,0.0
E00016622,8.411214953271028,33.64485981308411,44.85981308411215,11.214953271028037,1.8691588785046729
E00016588,16.463414634146343,47.5609756097561,27.4390243902439,7.317073170731708,1.2195121951219512
E00016592,26.486486486486488,38.91891891891892,32.432432432432435,1.6216216216216217,0.5405405405405406
E00016604,28.30188679245283,40.56603773584906,25.471698113207548,5.660377358490566,0.0
E00016611,19.047619047619047,24.761904761904763,44.76190476190476,11.428571428571429,0.0
E00016612,52.22222222222222,35.55555555555556,10.0,2.2222222222222223,0.0
E00016616,13.675213675213675,36.75213675213675,40.17094017094017,5.982905982905983,3.4188034188034186
E00016590,23.391812865497077,41.52046783625731,27.485380116959064,7.017543859649122,0.5847953216374269
E00016591,40.0,26.923076923076923,27.692307692307693,4.615384615384615,0.7692307692307693
E00016603,35.35353535353536,26.767676767676768,31.31313131313131,4.545454545454546,2.0202020202020203
E00016606,38.18181818181818,38.18181818181818,21.818181818181817,1.2121212121212122,0.6060606060606061
E00016610,29.32330827067669,39.097744360902254,24.81203007518797,4.511278195488722,2.255639097744361
E00016653,25.984251968503937,37.79527559055118,25.984251968503937,9.448818897637794,0.7874015748031497
E00016655,12.587412587412587,21.678321678321677,48.25174825174825,14.685314685314685,2.797202797202797
E00016656,12.987012987012987,34.41558441558441,40.90909090909091,7.792207792207792,3.896103896103896
E00016662,23.931623931623932,49.572649572649574,22.22222222222222,3.4188034188034186,0.8547008547008547
E00016664,13.043478260869565,50.31055900621118,27.950310559006212,7.453416149068323,1.2422360248447204
E00016631,16.428571428571427,37.857142857142854,35.0,10.0,0.7142857142857143
E00016658,10.280373831775702,23.364485981308412,48.598130841121495,14.018691588785046,3.7383177570093458
E00016659,4.958677685950414,24.793388429752067,62.8099173553719,6.6115702479338845,0.8264462809917356
E00016660,11.949685534591195,25.157232704402517,48.42767295597484,11.949685534591195,2.5157232704402515
E00016663,10.06711409395973,28.859060402684563,41.61073825503356,16.778523489932887,2.684563758389262
E00016632,13.533834586466165,27.81954887218045,39.849624060150376,14.285714285714286,4.511278195488722
E00016666,29.133858267716537,30.708661417322833,29.921259842519685,7.874015748031496,2.3622047244094486
E00016667,20.12578616352201,24.528301886792452,41.509433962264154,11.320754716981131,2.5157232704402515
E00016669,7.079646017699115,26.548672566371682,45.13274336283186,15.929203539823009,5.3097345132743365
E00016673,18.181818181818183,18.181818181818183,38.01652892561984,14.87603305785124,10.743801652892563
E00016668,24.786324786324787,21.367521367521366,41.88034188034188,11.11111111111111,0.8547008547008547
E00016670,32.432432432432435,34.234234234234236,23.423423423423422,8.108108108108109,1.8018018018018018
E00016671,22.666666666666668,20.0,52.0,2.6666666666666665,2.6666666666666665
E00016672,19.858156028368793,21.27659574468085,39.716312056737586,15.602836879432624,3.5460992907801416
E00173708,6.024096385542169,34.93975903614458,46.98795180722892,10.843373493975903,1.2048192771084338
E00173710,12.711864406779661,51.69491525423729,27.11864406779661,5.084745762711864,3.389830508474576
E00016661,19.834710743801654,24.793388429752067,42.14876033057851,11.570247933884298,1.6528925619834711
E00173936,4.424778761061947,20.353982300884955,57.52212389380531,16.8141592920354,0.8849557522123894
E00173937,0.0,13.636363636363637,76.36363636363636,10.0,0.0
E00173938,2.684563758389262,29.530201342281877,53.02013422818792,12.080536912751677,2.684563758389262
E00174035,0.9900990099009901,33.663366336633665,43.56435643564357,20.792079207920793,0.9900990099009901
E00016796,10.828025477707007,21.019108280254777,54.140127388535035,10.19108280254777,3.821656050955414
E00016799,15.217391304347826,25.36231884057971,42.028985507246375,17.391304347826086,0.0
E00016804,2.7777777777777777,31.48148148148148,52.77777777777778,10.185185185185185,2.7777777777777777
E00016805,15.942028985507246,29.71014492753623,38.405797101449274,13.043478260869565,2.898550724637681
E00016806,20.388349514563107,27.184466019417474,37.86407766990291,12.62135922330097,1.941747572815534
E00016781,19.09090909090909,38.18181818181818,28.181818181818183,11.818181818181818,2.727272727272727
E00016793,8.849557522123893,20.353982300884955,52.21238938053097,15.929203539823009,2.6548672566371683
E00016794,6.1946902654867255,29.20353982300885,50.442477876106196,11.504424778761061,2.6548672566371683
E00016801,24.299065420560748,27.102803738317757,36.44859813084112,12.149532710280374,0.0
E00016803,15.841584158415841,27.722772277227723,43.56435643564357,9.900990099009901,2.9702970297029703
E00016808,9.433962264150944,32.075471698113205,38.679245283018865,17.92452830188679,1.8867924528301887
E00016813,10.416666666666666,38.888888888888886,40.97222222222222,8.333333333333334,1.3888888888888888
E00016814,23.25581395348837,20.155038759689923,41.08527131782946,10.852713178294573,4.651162790697675
E00016815,15.596330275229358,33.944954128440365,34.862385321100916,11.009174311926605,4.587155963302752
E00016818,22.307692307692307,27.692307692307693,40.0,8.461538461538462,1.5384615384615385
E00016819,24.107142857142858,21.428571428571427,41.07142857142857,9.821428571428571,3.5714285714285716
E00016778,13.571428571428571,27.142857142857142,47.142857142857146,8.571428571428571,3.5714285714285716
E00016788,22.22222222222222,28.205128205128204,41.02564102564103,8.547008547008547,0.0
E00016791,18.4,20.8,38.4,20.8,1.6
E00016800,12.5,23.214285714285715,50.0,10.714285714285714,3.5714285714285716
E00016820,12.264150943396226,14.150943396226415,55.660377358490564,14.150943396226415,3.7735849056603774
