OA11CD,No cars or vans,One car or van,Two cars or vans,Three cars or vans,Four cars or vans
E00016403,65.49295774647888,32.394366197183096,1.408450704225352,0.0,0.704225352112676
E00016437,54.716981132075475,40.25157232704402,5.031446540880503,0.0,0.0
E00016439,76.96629213483146,20.224719101123597,2.808988764044944,0.0,0.0
E00016442,66.90647482014388,29.496402877697843,3.597122302158273,0.0,0.0
E00016399,58.156028368794324,34.751773049645394,4.964539007092198,1.4184397163120568,0.7092198581560284
E00016401,60.38961038961039,37.66233766233766,1.948051948051948,0.0,0.0
E00016406,59.66386554621849,33.61344537815126,5.042016806722689,1.680672268907563,0.0
E00016435,57.05882352941177,37.64705882352941,3.5294117647058822,1.7647058823529411,0.0
E00016395,51.30434782608695,45.21739130434783,3.4782608695652173,0.0,0.0
E00016404,55.0,30.0,10.0,5.0,0.0
E00016405,63.04347826086956,33.333333333333336,2.898550724637681,0.7246376811594203,0.0
E00016408,48.529411764705884,39.705882352941174,5.882352941176471,4.411764705882353,1.4705882352941178
E00016410,40.17857142857143,39.285714285714285,16.071428571428573,4.464285714285714,0.0
E00016438,66.66666666666667,31.818181818181817,1.5151515151515151,0.0,0.0
E00016398,53.153153153153156,36.03603603603604,9.90990990990991,0.9009009009009009,0.0
E00016431,60.90909090909091,36.36363636363637,1.8181818181818181,0.9090909090909091,0.0
E00016432,61.875,33.125,3.75,0.625,0.625
E00016434,64.07185628742515,31.736526946107784,4.191616766467066,0.0,0.0
E00173943,55.48780487804878,39.02439024390244,5.487804878048781,0.0,0.0
E00173946,66.48648648648648,29.18918918918919,3.2432432432432434,0.5405405405405406,0.5405405405405406
E00016397,62.38095238095238,28.095238095238095,9.523809523809524,0.0,0.0
E00016433,62.857142857142854,25.0,8.571428571428571,3.5714285714285716,0.0
E00016436,63.366336633663366,33.663366336633665,2.9702970297029703,0.0,0.0
E00016440,59.25925925925926,36.111111111111114,3.7037037037037037,0.9259259259259259,0.0
E00016441,66.66666666666667,28.92156862745098,3.4313725490196076,0.49019607843137253,0.49019607843137253
E00016412,62.25165562913907,29.801324503311257,5.960264900662252,1.9867549668874172,0.0
E00016414,63.19444444444444,29.166666666666668,6.944444444444445,0.6944444444444444,0.0
E00016418,55.55555555555556,35.947712418300654,5.882352941176471,2.6143790849673203,0.0
E00016422,48.648648648648646,42.34234234234234,7.207207207207207,1.8018018018018018,0.0
E00016402,66.40625,29.6875,3.90625,0.0,0.0
E00016407,61.64383561643836,34.93150684931507,2.73972602739726,0.684931506849315,0.0
E00016409,58.21917808219178,34.93150684931507,6.8493150684931505,0.0,0.0
E00016411,63.372093023255815,33.72093023255814,2.9069767441860463,0.0,0.0
E00016413,70.63492063492063,26.19047619047619,3.1746031746031744,0.0,0.0
E00016415,60.714285714285715,37.857142857142854,0.7142857142857143,0.0,0.7142857142857143
E00016416,58.65384615384615,37.5,2.8846153846153846,0.9615384615384616,0.0
E00016419,50.0,42.3728813559322,3.389830508474576,3.389830508474576,0.847457627118644
E00016420,57.85123966942149,37.1900826446281,4.958677685950414,0.0,0.0
E00173947,71.54471544715447,27.642276422764226,0.8130081300813008,0.0,0.0
E00173948,65.49707602339181,33.333333333333336,1.1695906432748537,0.0,0.0
E00016417,63.768115942028984,31.884057971014492,4.3478260869565215,0.0,0.0
E00016421,68.8,27.2,3.2,0.8,0.0
E00016423,63.114754098360656,31.147540983606557,4.918032786885246,0.819672131147541,0.0
E00016424,60.16260162601626,34.959349593495936,4.065040650406504,0.0,0.8130081300813008
E00016427,74.28571428571429,23.80952380952381,1.9047619047619047,0.0,0.0
E00016396,73.88059701492537,21.64179104477612,3.7313432835820897,0.746268656716418,0.0
E00016426,67.16417910447761,32.08955223880597,0.746268656716418,0.0,0.0
E00016428,74.52229299363057,21.656050955414013,3.821656050955414,0.0,0.0
E00016429,50.806451612903224,40.32258064516129,8.064516129032258,0.8064516129032258,0.0
E00016430,65.83333333333333,31.666666666666668,2.5,0.0,0.0
E00016680,63.114754098360656,34.42622950819672,2.459016393442623,0.0,0.0
E00016716,64.15094339622641,32.704402515723274,3.1446540880503147,0.0,0.0
E00016717,73.52941176470588,25.49019607843137,0.9803921568627451,0.0,0.0
E00016719,68.37606837606837,25.641025641025642,4.273504273504273,1.7094017094017093,0.0
E00016720,62.16216216216216,35.810810810810814,1.3513513513513513,0.6756756756756757,0.0
E00016725,74.78991596638656,22.689075630252102,2.5210084033613445,0.0,0.0
E00016706,73.7864077669903,24.271844660194176,1.941747572815534,0.0,0.0
E00016708,62.30769230769231,33.07692307692308,4.615384615384615,0.0,0.0
E00016709,59.12408759124087,29.197080291970803,9.489051094890511,1.4598540145985401,0.7299270072992701
E00016714,70.17543859649123,22.80701754385965,5.2631578947368425,0.8771929824561403,0.8771929824561403
E00016715,60.8,33.6,4.8,0.8,0.0
E00016675,59.48275862068966,35.3448275862069,4.310344827586207,0.8620689655172413,0.0
E00016677,52.67175572519084,36.6412213740458,9.923664122137405,0.7633587786259542,0.0
E00016683,56.52173913043478,39.85507246376812,3.6231884057971016,0.0,0.0
E00016697,49.586776859504134,42.14876033057851,6.6115702479338845,1.6528925619834711,0.0
E00173940,50.442477876106196,30.97345132743363,15.929203539823009,2.6548672566371683,0.0
E00173949,43.24324324324324,43.24324324324324,11.486486486486486,2.027027027027027,0.0
E00016684,48.598130841121495,45.794392523364486,5.607476635514018,0.0,0.0
E00016687,58.333333333333336,34.25925925925926,5.555555555555555,1.8518518518518519,0.0
E00016694,53.333333333333336,42.96296296296296,1.4814814814814814,2.2222222222222223,0.0
E00016718,72.65625,23.4375,3.125,0.78125,0.0
E00016721,73.39449541284404,23.853211009174313,1.834862385321101,0.9174311926605505,0.0
E00016723,66.66666666666667,31.70731707317073,1.6260162601626016,0.0,0.0
E00016679,40.65934065934066,46.15384615384615,12.087912087912088,1.098901098901099,0.0
E00016689,46.08695652173913,42.608695652173914,10.434782608695652,0.8695652173913043,0.0
E00016693,55.2,37.6,5.6,1.6,0.0
E00016701,52.27272727272727,38.63636363636363,7.954545454545454,0.0,1.1363636363636365
E00173939,62.765957446808514,31.914893617021278,5.319148936170213,0.0,0.0
E00016210,70.4225352112676,23.239436619718308,4.929577464788732,1.408450704225352,0.0
E00016239,75.0,20.27027027027027,4.72972972972973,0.0,0.0
E00016240,60.0,36.470588235294116,2.3529411764705883,1.1764705882352942,0.0
E00016241,75.52447552447552,20.97902097902098,3.4965034965034967,0.0,0.0
E00016245,55.670103092783506,39.175257731958766,4.123711340206185,1.0309278350515463,0.0
E00016211,60.176991150442475,33.6283185840708,4.424778761061947,0.8849557522123894,0.8849557522123894
E00016213,65.88235294117646,29.41176470588235,4.117647058823529,0.0,0.5882352941176471
E00016244,45.3125,44.53125,10.15625,0.0,0.0
E00016250,63.12056737588652,33.333333333333336,2.8368794326241136,0.7092198581560284,0.0
E00174011,81.13207547169812,18.867924528301888,0.0,0.0,0.0
E00174032,57.57575757575758,34.09090909090909,7.575757575757576,0.0,0.7575757575757576
E00174033,48.78048780487805,43.90243902439025,4.878048780487805,2.4390243902439024,0.0
E00016216,51.461988304093566,39.1812865497076,8.187134502923977,1.1695906432748537,0.0
E00016236,73.52941176470588,23.03921568627451,1.9607843137254901,1.4705882352941178,0.0
E00016246,57.66423357664234,36.496350364963504,5.839416058394161,0.0,0.0
E00016248,62.06896551724138,32.758620689655174,3.4482758620689653,1.7241379310344827,0.0
E00016252,54.26829268292683,40.853658536585364,4.878048780487805,0.0,0.0
E00016214,54.32098765432099,37.03703703703704,8.024691358024691,0.6172839506172839,0.0
E00016215,55.55555555555556,38.51851851851852,4.444444444444445,1.4814814814814814,0.0
E00016217,50.53763440860215,38.70967741935484,9.13978494623656,1.6129032258064515,0.0
E00016237,36.607142857142854,48.214285714285715,14.285714285714286,0.8928571428571429,0.0
E00016247,59.285714285714285,34.285714285714285,6.428571428571429,0.0,0.0
E00016253,53.78787878787879,34.84848484848485,6.818181818181818,3.787878787878788,0.7575757575757576
E00016209,62.65822784810127,33.54430379746835,3.1645569620253164,0.6329113924050633,0.0
E00016235,71.03448275862068,25.517241379310345,2.7586206896551726,0.6896551724137931,0.0
E00016238,73.48066298342542,22.099447513812155,3.867403314917127,0.5524861878453039,0.0
E00173941,70.47619047619048,20.0,8.571428571428571,0.9523809523809523,0.0
E00173942,74.02597402597402,23.376623376623378,2.5974025974025974,0.0,0.0
E00016881,73.07692307692308,20.192307692307693,5.769230769230769,0.9615384615384616,0.0
E00016915,69.93006993006993,23.776223776223777,6.293706293706293,0.0,0.0
E00016916,66.19718309859155,31.690140845070424,2.112676056338028,0.0,0.0
E00016920,66.66666666666667,27.77777777777778,3.9682539682539684,1.5873015873015872,0.0
E00173950,70.08547008547009,25.641025641025642,4.273504273504273,0.0,0.0
E00173951,53.23741007194245,43.16546762589928,3.597122302158273,0.0,0.0
E00016921,58.778625954198475,32.06106870229008,8.396946564885496,0.7633587786259542,0.0
E00016922,63.888888888888886,27.77777777777778,7.638888888888889,0.0,0.6944444444444444
E00016923,50.64102564102564,40.38461538461539,7.6923076923076925,0.0,1.2820512820512822
E00016925,55.27638190954774,30.65326633165829,7.035175879396985,6.532663316582915,0.5025125628140703
E00016926,57.142857142857146,30.827067669172934,9.774436090225564,2.255639097744361,0.0
E00016917,64.24581005586592,27.932960893854748,5.027932960893855,2.2346368715083798,0.5586592178770949
E00016918,64.1025641025641,28.205128205128204,7.6923076923076925,0.0,0.0
E00016919,63.829787234042556,29.078014184397162,6.382978723404255,0.7092198581560284,0.0
E00016924,55.913978494623656,33.87096774193548,9.13978494623656,0.5376344086021505,0.5376344086021505
E00016927,57.03703703703704,38.51851851851852,2.962962962962963,1.4814814814814814,0.0
E00016879,40.0,38.78787878787879,19.393939393939394,1.8181818181818181,0.0
E00016884,38.46153846153846,38.46153846153846,20.0,2.3076923076923075,0.7692307692307693
E00016886,58.27814569536424,31.125827814569536,8.609271523178808,1.9867549668874172,0.0
E00016893,41.48148148148148,45.925925925925924,9.62962962962963,2.2222222222222223,0.7407407407407407
E00016885,43.7956204379562,45.25547445255474,8.02919708029197,2.18978102189781,0.7299270072992701
E00016887,31.372549019607842,60.78431372549019,6.862745098039215,0.9803921568627451,0.0
E00016889,48.275862068965516,41.37931034482759,8.620689655172415,1.7241379310344827,0.0
E00016890,62.77372262773723,32.846715328467155,3.6496350364963503,0.7299270072992701,0.0
E00016895,47.76119402985075,41.04477611940298,6.7164179104477615,4.477611940298507,0.0
E00016159,33.333333333333336,51.666666666666664,15.0,0.0,0.0
E00016173,34.58646616541353,51.8796992481203,11.278195488721805,0.0,2.255639097744361
E00016176,22.22222222222222,59.25925925925926,15.555555555555555,2.2222222222222223,0.7407407407407407
E00016184,43.51145038167939,47.32824427480916,8.396946564885496,0.0,0.7633587786259542
E00016186,54.54545454545455,37.06293706293706,7.6923076923076925,0.6993006993006993,0.0
E00016188,38.84892086330935,50.35971223021583,9.352517985611511,1.4388489208633093,0.0
E00016164,44.54545454545455,43.63636363636363,9.090909090909092,0.9090909090909091,1.8181818181818181
E00016170,67.33333333333333,28.0,4.0,0.6666666666666666,0.0
E00016175,55.033557046979865,39.59731543624161,4.026845637583893,0.6711409395973155,0.6711409395973155
E00016181,59.285714285714285,37.142857142857146,3.5714285714285716,0.0,0.0
E00016182,25.954198473282442,56.48854961832061,15.267175572519085,0.7633587786259542,1.5267175572519085
E00016162,39.53488372093023,46.51162790697674,11.627906976744185,2.3255813953488373,0.0
E00016198,51.42857142857143,41.904761904761905,5.714285714285714,0.9523809523809523,0.0
E00016202,56.0,38.0,5.0,0.0,1.0
E00016205,25.58139534883721,60.46511627906977,10.077519379844961,2.3255813953488373,1.550387596899225
E00016208,43.57142857142857,40.714285714285715,13.571428571428571,1.4285714285714286,0.7142857142857143
E00016199,55.46218487394958,38.65546218487395,5.042016806722689,0.8403361344537815,0.0
E00016200,65.47619047619048,29.761904761904763,3.5714285714285716,0.0,1.1904761904761905
E00016201,69.64285714285714,25.0,5.357142857142857,0.0,0.0
E00016203,69.76744186046511,26.356589147286822,3.875968992248062,0.0,0.0
E00016207,43.85964912280702,47.36842105263158,8.771929824561404,0.0,0.0
E00016163,36.434108527131784,55.03875968992248,6.976744186046512,0.7751937984496124,0.7751937984496124
E00016165,36.134453781512605,49.57983193277311,13.445378151260504,0.8403361344537815,0.0
E00016168,33.72093023255814,55.81395348837209,8.13953488372093,1.1627906976744187,1.1627906976744187
E00016169,15.517241379310345,58.62068965517241,18.103448275862068,6.896551724137931,0.8620689655172413
E00016172,62.99212598425197,34.645669291338585,0.7874015748031497,1.5748031496062993,0.0
E00016177,36.36363636363637,51.239669421487605,11.570247933884298,0.8264462809917356,0.0
E00016219,60.273972602739725,36.3013698630137,3.4246575342465753,0.0,0.0
E00016220,61.76470588235294,31.61764705882353,5.147058823529412,0.0,1.4705882352941178
E00016221,54.794520547945204,36.986301369863014,6.8493150684931505,0.684931506849315,0.684931506849315
E00016223,53.271028037383175,37.38317757009346,8.411214953271028,0.9345794392523364,0.0
E00016225,46.15384615384615,43.58974358974359,7.6923076923076925,1.7094017094017093,0.8547008547008547
E00016255,46.53465346534654,43.56435643564357,9.900990099009901,0.0,0.0
E00016218,53.097345132743364,42.47787610619469,3.5398230088495577,0.0,0.8849557522123894
E00016222,55.625,38.75,5.625,0.0,0.0
E00016224,42.94871794871795,47.43589743589744,8.333333333333334,1.2820512820512822,0.0
E00016226,47.5,38.333333333333336,10.0,3.3333333333333335,0.8333333333333334
E00016227,43.884892086330936,48.92086330935252,6.474820143884892,0.7194244604316546,0.0
E00016228,40.8,50.4,7.2,1.6,0.0
E00016229,54.94505494505494,35.714285714285715,8.241758241758241,1.098901098901099,0.0
E00016230,50.74626865671642,34.32835820895522,12.686567164179104,0.746268656716418,1.492537313432836
E00016231,56.55172413793103,33.793103448275865,8.275862068965518,0.6896551724137931,0.6896551724137931
E00016232,60.0,34.61538461538461,5.384615384615385,0.0,0.0
E00016233,59.09090909090909,31.818181818181817,8.441558441558442,0.6493506493506493,0.0
E00016212,44.166666666666664,45.833333333333336,9.166666666666666,0.0,0.8333333333333334
E00016249,65.2542372881356,29.661016949152543,4.237288135593221,0.847457627118644,0.0
E00016254,42.05607476635514,42.05607476635514,10.280373831775702,5.607476635514018,0.0
E00173952,54.629629629629626,37.03703703703704,8.333333333333334,0.0,0.0
E00174016,55.10204081632653,36.734693877551024,8.16326530612245,0.0,0.0
E00174022,42.857142857142854,47.252747252747255,9.89010989010989,0.0,0.0
E00174008,71.53846153846153,26.923076923076923,1.5384615384615385,0.0,0.0
E00174010,73.33333333333333,23.333333333333332,3.3333333333333335,0.0,0.0
E00174013,73.80952380952381,23.80952380952381,1.5873015873015872,0.0,0.7936507936507936
E00174015,67.28971962616822,30.8411214953271,1.8691588785046729,0.0,0.0
E00174025,69.29133858267717,29.921259842519685,0.7874015748031497,0.0,0.0
E00174027,59.375,40.625,0.0,0.0,0.0
E00016178,58.67768595041322,34.710743801652896,6.6115702479338845,0.0,0.0
E00016179,47.65625,41.40625,7.03125,3.90625,0.0
E00016180,43.18181818181818,46.21212121212121,8.333333333333334,1.5151515151515151,0.7575757575757576
E00016187,32.30769230769231,48.46153846153846,16.923076923076923,2.3076923076923075,0.0
E00016189,25.78125,58.59375,14.0625,1.5625,0.0
E00016166,47.524752475247524,36.633663366336634,13.861386138613861,1.9801980198019802,0.0
E00016167,15.833333333333334,52.5,26.666666666666668,3.3333333333333335,1.6666666666666667
E00016171,47.05882352941177,42.48366013071895,9.803921568627452,0.6535947712418301,0.0
E00016174,23.96694214876033,58.67768595041322,14.87603305785124,2.479338842975207,0.0
E00016204,42.857142857142854,47.142857142857146,8.571428571428571,0.7142857142857143,0.7142857142857143
E00016206,46.28099173553719,40.49586776859504,10.743801652892563,2.479338842975207,0.0
E00016160,19.083969465648856,59.541984732824424,19.083969465648856,1.5267175572519085,0.7633587786259542
E00016183,34.45378151260504,54.621848739495796,10.92436974789916,0.0,0.0
E00016185,24.56140350877193,58.771929824561404,14.035087719298245,1.7543859649122806,0.8771929824561403
E00016191,25.40983606557377,51.63934426229508,20.491803278688526,2.459016393442623,0.0
E00016195,36.71875,52.34375,10.15625,0.78125,0.0
E00016197,55.333333333333336,35.333333333333336,8.666666666666666,0.6666666666666666,0.0
E00016161,54.81927710843374,36.74698795180723,7.228915662650603,0.0,1.2048192771084338
E00016190,65.38461538461539,29.487179487179485,4.487179487179487,0.6410256410256411,0.0
E00016192,62.42774566473989,31.213872832369944,5.780346820809249,0.0,0.5780346820809249
E00016193,65.58441558441558,31.16883116883117,3.2467532467532467,0.0,0.0
E00016194,71.05263157894737,25.657894736842106,3.289473684210526,0.0,0.0
E00016196,47.486033519553075,45.25139664804469,7.262569832402234,0.0,0.0
E00016905,54.3859649122807,37.719298245614034,6.140350877192983,1.7543859649122806,0.0
E00016907,49.56521739130435,36.52173913043478,13.91304347826087,0.0,0.0
E00016908,67.47967479674797,26.829268292682926,5.691056910569106,0.0,0.0
E00016910,61.71875,34.375,3.125,0.78125,0.0
E00016912,69.0721649484536,28.8659793814433,2.0618556701030926,0.0,0.0
E00016909,60.95890410958904,31.506849315068493,7.534246575342466,0.0,0.0
E00016911,53.21637426900585,40.35087719298246,5.847953216374269,0.0,0.5847953216374269
E00016913,58.860759493670884,37.34177215189873,3.1645569620253164,0.6329113924050633,0.0
E00016914,70.4,24.8,4.8,0.0,0.0
E00016896,56.42857142857143,39.285714285714285,4.285714285714286,0.0,0.0
E00016898,53.097345132743364,32.743362831858406,14.15929203539823,0.0,0.0
E00016900,55.55555555555556,36.80555555555556,5.555555555555555,2.0833333333333335,0.0
E00016901,60.0,34.11764705882353,4.705882352941177,1.1764705882352942,0.0
E00016904,52.33644859813084,33.64485981308411,14.018691588785046,0.0,0.0
E00016906,43.36283185840708,45.13274336283186,9.734513274336283,1.7699115044247788,0.0
E00016883,45.774647887323944,40.84507042253521,10.56338028169014,2.112676056338028,0.704225352112676
E00016888,44.18604651162791,44.18604651162791,10.852713178294573,0.7751937984496124,0.0
E00016891,59.06432748538012,32.748538011695906,6.432748538011696,1.7543859649122806,0.0
E00016892,50.0,42.857142857142854,4.761904761904762,2.380952380952381,0.0
E00016894,50.33112582781457,43.70860927152318,5.960264900662252,0.0,0.0
E00016880,43.47826086956522,39.130434782608695,13.91304347826087,3.4782608695652173,0.0
E00016897,58.888888888888886,36.111111111111114,5.0,0.0,0.0
E00016899,51.57232704402516,42.76729559748428,5.660377358490566,0.0,0.0
E00016902,49.63503649635037,43.7956204379562,6.569343065693431,0.0,0.0
E00016903,38.28125,50.0,9.375,2.34375,0.0
E00016564,39.849624060150376,48.87218045112782,11.278195488721805,0.0,0.0
E00016567,69.51219512195122,25.609756097560975,4.878048780487805,0.0,0.0
E00016569,50.78125,36.71875,9.375,2.34375,0.78125
E00016571,27.82608695652174,48.69565217391305,19.130434782608695,4.3478260869565215,0.0
E00173700,62.13592233009709,32.03883495145631,5.825242718446602,0.0,0.0
E00173702,51.42857142857143,40.0,5.714285714285714,2.857142857142857,0.0
E00016558,61.904761904761905,33.333333333333336,4.761904761904762,0.0,0.0
E00016561,61.15702479338843,30.578512396694215,6.6115702479338845,1.6528925619834711,0.0
E00016566,50.442477876106196,40.70796460176991,5.3097345132743365,1.7699115044247788,1.7699115044247788
E00016568,49.30555555555556,38.888888888888886,9.027777777777779,2.0833333333333335,0.6944444444444444
E00016572,53.06122448979592,38.095238095238095,6.122448979591836,2.7210884353741496,0.0
E00016575,44.881889763779526,46.45669291338583,7.086614173228346,1.5748031496062993,0.0
E00016557,70.52631578947368,25.263157894736842,3.1578947368421053,1.0526315789473684,0.0
E00016559,58.394160583941606,35.03649635036496,5.109489051094891,0.7299270072992701,0.7299270072992701
E00016560,51.36986301369863,43.83561643835616,4.794520547945205,0.0,0.0
E00016562,50.34013605442177,42.17687074829932,6.122448979591836,1.3605442176870748,0.0
E00016563,53.96825396825397,37.301587301587304,7.936507936507937,0.7936507936507936,0.0
E00016565,53.896103896103895,39.61038961038961,5.194805194805195,0.6493506493506493,0.6493506493506493
E00016544,51.67785234899329,41.61073825503356,6.7114093959731544,0.0,0.0
E00016574,35.9375,45.3125,15.625,2.34375,0.78125
E00016576,46.4,44.0,6.4,1.6,1.6
E00016577,36.80555555555556,49.30555555555556,9.722222222222221,3.4722222222222223,0.6944444444444444
E00016578,33.333333333333336,47.22222222222222,18.51851851851852,0.9259259259259259,0.0
E00016635,61.714285714285715,29.714285714285715,7.428571428571429,1.1428571428571428,0.0
E00016640,49.29577464788732,42.95774647887324,6.338028169014085,0.0,1.408450704225352
E00016641,63.265306122448976,30.612244897959183,4.761904761904762,1.3605442176870748,0.0
E00016642,61.202185792349724,33.87978142076503,4.918032786885246,0.0,0.0
E00016643,58.50340136054422,31.972789115646258,8.843537414965986,0.6802721088435374,0.0
E00016630,48.68421052631579,41.44736842105263,7.894736842105263,1.3157894736842106,0.6578947368421053
E00016647,68.21192052980132,26.490066225165563,5.298013245033113,0.0,0.0
E00016648,64.70588235294117,25.0,9.558823529411764,0.7352941176470589,0.0
E00016649,67.3913043478261,30.434782608695652,1.4492753623188406,0.7246376811594203,0.0
E00016651,51.351351351351354,41.21621621621622,4.72972972972973,0.6756756756756757,2.027027027027027
E00016629,58.490566037735846,34.59119496855346,6.918238993710692,0.0,0.0
E00016650,59.01639344262295,28.688524590163933,12.295081967213115,0.0,0.0
E00016652,76.74418604651163,17.829457364341085,3.10077519379845,0.7751937984496124,1.550387596899225
E00016654,72.18045112781955,26.31578947368421,1.5037593984962405,0.0,0.0
E00016657,69.7841726618705,28.057553956834532,2.158273381294964,0.0,0.0
E00016633,65.13761467889908,31.192660550458715,3.669724770642202,0.0,0.0
E00016636,79.69924812030075,18.045112781954888,0.7518796992481203,1.5037593984962405,0.0
E00016638,66.66666666666667,29.761904761904763,3.5714285714285716,0.0,0.0
E00016639,58.5,36.5,4.0,0.5,0.5
E00016674,46.721311475409834,42.622950819672134,7.377049180327869,2.459016393442623,0.819672131147541
E00174018,81.19658119658119,17.521367521367523,1.2820512820512822,0.0,0.0
E00174019,63.095238095238095,32.142857142857146,2.380952380952381,2.380952380952381,0.0
E00174021,70.9090909090909,29.09090909090909,0.0,0.0,0.0
E00016628,55.70469798657718,38.25503355704698,5.369127516778524,0.6711409395973155,0.0
E00016637,62.88659793814433,32.98969072164948,3.6082474226804124,0.5154639175257731,0.0
E00174024,64.91228070175438,31.57894736842105,3.508771929824561,0.0,0.0
E00174029,67.85714285714286,29.464285714285715,2.6785714285714284,0.0,0.0
E00174030,53.63636363636363,39.09090909090909,6.363636363636363,0.0,0.9090909090909091
E00016644,64.42307692307692,31.25,3.8461538461538463,0.4807692307692308,0.0
E00016645,54.705882352941174,35.294117647058826,5.882352941176471,4.117647058823529,0.0
E00016646,55.49132947976879,37.57225433526011,5.780346820809249,0.5780346820809249,0.5780346820809249
E00016584,53.648068669527895,38.197424892703864,6.437768240343348,1.7167381974248928,0.0
E00016596,38.095238095238095,50.79365079365079,8.73015873015873,2.380952380952381,0.0
E00016598,42.54385964912281,48.24561403508772,8.333333333333334,0.43859649122807015,0.43859649122807015
E00016623,51.445086705202314,37.57225433526011,9.826589595375722,1.1560693641618498,0.0
E00174036,47.422680412371136,48.45360824742268,4.123711340206185,0.0,0.0
E00174038,68.42105263157895,27.894736842105264,3.1578947368421053,0.5263157894736842,0.0
E00016585,52.23880597014925,37.3134328358209,9.701492537313433,0.746268656716418,0.0
E00016593,45.49180327868852,44.67213114754098,9.426229508196721,0.0,0.4098360655737705
E00016600,16.666666666666668,68.05555555555556,11.805555555555555,3.4722222222222223,0.0
E00016602,27.06766917293233,56.390977443609025,15.037593984962406,0.7518796992481203,0.7518796992481203
E00016624,49.6124031007752,43.41085271317829,5.426356589147287,1.550387596899225,0.0
E00016625,35.97122302158273,54.67625899280576,9.352517985611511,0.0,0.0
E00016587,41.84782608695652,45.65217391304348,9.782608695652174,2.1739130434782608,0.5434782608695652
E00016594,36.94267515923567,52.86624203821656,8.9171974522293,1.2738853503184713,0.0
E00016605,40.331491712707184,50.828729281767956,8.287292817679559,0.5524861878453039,0.0
E00016608,41.75824175824176,47.252747252747255,9.89010989010989,0.0,1.098901098901099
E00016626,30.37037037037037,60.0,7.407407407407407,2.2222222222222223,0.0
E00016589,43.609022556390975,39.849624060150376,13.533834586466165,2.255639097744361,0.7518796992481203
E00016595,70.07874015748031,28.346456692913385,1.5748031496062993,0.0,0.0
E00016597,78.19548872180451,20.30075187969925,1.5037593984962405,0.0,0.0
E00016599,47.48201438848921,45.32374100719424,7.194244604316546,0.0,0.0
E00016601,51.07913669064748,43.884892086330936,3.597122302158273,1.4388489208633093,0.0
E00016607,53.04347826086956,39.130434782608695,7.826086956521739,0.0,0.0
E00016573,36.15384615384615,46.15384615384615,16.923076923076923,0.0,0.7692307692307693
E00016579,52.985074626865675,38.80597014925373,8.208955223880597,0.0,0.0
E00016580,47.61904761904762,48.214285714285715,3.5714285714285716,0.5952380952380952,0.0
E00016581,49.46236559139785,43.54838709677419,5.913978494623656,0.5376344086021505,0.5376344086021505
E00016582,46.111111111111114,45.55555555555556,6.111111111111111,2.2222222222222223,0.0
E00016546,60.99290780141844,34.04255319148936,4.25531914893617,0.7092198581560284,0.0
E00016547,42.073170731707314,48.170731707317074,6.7073170731707314,1.2195121951219512,1.829268292682927
E00016548,25.547445255474454,59.85401459854015,13.86861313868613,0.7299270072992701,0.0
E00016550,58.22784810126582,33.54430379746835,6.329113924050633,1.8987341772151898,0.0
E00016583,55.37190082644628,38.01652892561984,6.6115702479338845,0.0,0.0
E00016542,42.22222222222222,47.407407407407405,6.666666666666667,1.4814814814814814,2.2222222222222223
E00016552,50.70422535211268,40.84507042253521,8.450704225352112,0.0,0.0
E00016554,37.39837398373984,53.65853658536585,7.317073170731708,0.8130081300813008,0.8130081300813008
E00016555,55.26315789473684,35.08771929824562,7.017543859649122,2.6315789473684212,0.0
E00016556,39.682539682539684,41.26984126984127,14.285714285714286,3.1746031746031744,1.5873015873015872
E00016543,50.595238095238095,42.26190476190476,7.142857142857143,0.0,0.0
E00016545,47.65625,48.4375,2.34375,1.5625,0.0
E00016549,29.850746268656717,54.47761194029851,14.925373134328359,0.746268656716418,0.0
E00016551,15.714285714285714,50.714285714285715,22.857142857142858,6.428571428571429,4.285714285714286
E00016553,34.61538461538461,46.92307692307692,13.076923076923077,3.8461538461538463,1.5384615384615385
E00016335,39.56043956043956,42.857142857142854,16.483516483516482,1.098901098901099,0.0
E00016336,35.294117647058826,47.794117647058826,16.176470588235293,0.7352941176470589,0.0
E00016339,20.512820512820515,47.863247863247864,24.786324786324787,6.837606837606837,0.0
E00016340,27.480916030534353,58.01526717557252,12.213740458015268,2.2900763358778624,0.0
E00016341,26.08695652173913,54.78260869565217,16.52173913043478,1.7391304347826086,0.8695652173913043
E00016309,46.57534246575342,41.0958904109589,9.58904109589041,2.73972602739726,0.0
E00016323,40.35087719298246,47.36842105263158,10.526315789473685,1.7543859649122806,0.0
E00016324,50.93167701863354,42.2360248447205,5.590062111801243,0.6211180124223602,0.6211180124223602
E00016325,63.38028169014085,30.281690140845072,5.633802816901408,0.0,0.704225352112676
E00016327,41.935483870967744,50.0,7.258064516129032,0.8064516129032258,0.0
E00016326,29.838709677419356,53.225806451612904,12.903225806451612,3.225806451612903,0.8064516129032258
E00016329,39.583333333333336,50.0,6.25,2.7777777777777777,1.3888888888888888
E00016332,27.027027027027028,50.0,16.89189189189189,4.054054054054054,2.027027027027027
E00016333,34.234234234234236,49.549549549549546,13.513513513513514,2.7027027027027026,0.0
E00016337,27.868852459016395,45.90163934426229,26.229508196721312,0.0,0.0
E00016311,35.714285714285715,50.79365079365079,11.11111111111111,2.380952380952381,0.0
E00016328,41.26984126984127,52.38095238095238,6.349206349206349,0.0,0.0
E00016330,52.99145299145299,38.46153846153846,8.547008547008547,0.0,0.0
E00016331,34.306569343065696,50.36496350364963,11.678832116788321,2.18978102189781,1.4598540145985401
E00016334,23.312883435582823,57.668711656441715,13.496932515337424,5.521472392638037,0.0
E00016613,14.666666666666666,50.0,25.333333333333332,8.666666666666666,1.3333333333333333
E00016614,37.5,45.3125,14.84375,2.34375,0.0
E00016615,23.770491803278688,52.459016393442624,18.0327868852459,4.918032786885246,0.819672131147541
E00016618,49.13793103448276,42.241379310344826,8.620689655172415,0.0,0.0
E00016621,59.25925925925926,36.2962962962963,1.4814814814814814,2.962962962962963,0.0
E00016609,21.153846153846153,60.57692307692308,12.5,3.8461538461538463,1.9230769230769231
E00016617,21.8978102189781,58.394160583941606,16.78832116788321,2.18978102189781,0.7299270072992701
E00016619,31.61764705882353,47.794117647058826,15.441176470588236,4.411764705882353,0.7352941176470589
E00016620,23.076923076923077,48.717948717948715,22.22222222222222,4.273504273504273,1.7094017094017093
E00016622,49.532710280373834,34.57943925233645,14.018691588785046,0.9345794392523364,0.9345794392523364
E00016588,38.41463414634146,48.78048780487805,10.975609756097562,1.2195121951219512,0.6097560975609756
E00016592,33.513513513513516,54.054054054054056,11.891891891891891,0.5405405405405406,0.0
E00016604,34.905660377358494,49.056603773584904,13.20754716981132,1.8867924528301887,0.9433962264150944
E00016611,35.23809523809524,55.23809523809524,9.523809523809524,0.0,0.0
E00016612,23.333333333333332,48.888888888888886,21.11111111111111,5.555555555555555,1.1111111111111112
E00016616,54.7008547008547,36.75213675213675,5.982905982905983,2.5641025641025643,0.0
E00016590,41.52046783625731,49.707602339181285,8.187134502923977,0.5847953216374269,0.0
E00016591,26.923076923076923,48.46153846153846,18.46153846153846,3.8461538461538463,2.3076923076923075
E00016603,28.78787878787879,45.95959595959596,20.707070707070706,4.040404040404041,0.5050505050505051
E00016606,29.696969696969695,53.93939393939394,13.93939393939394,2.4242424242424243,0.0
E00016610,30.827067669172934,60.902255639097746,7.518796992481203,0.7518796992481203,0.0
E00016653,33.85826771653543,54.330708661417326,7.086614173228346,3.1496062992125986,1.5748031496062993
E00016655,62.93706293706294,32.86713286713287,2.797202797202797,0.6993006993006993,0.6993006993006993
E00016656,51.298701298701296,41.55844155844156,6.4935064935064934,0.0,0.6493506493506493
E00016662,41.02564102564103,50.427350427350426,7.6923076923076925,0.0,0.8547008547008547
E00016664,36.024844720496894,54.6583850931677,7.453416149068323,1.8633540372670807,0.0
E00016631,46.42857142857143,42.857142857142854,9.285714285714286,1.4285714285714286,0.0
E00016658,63.55140186915888,33.64485981308411,2.803738317757009,0.0,0.0
E00016659,62.8099173553719,30.578512396694215,5.785123966942149,0.8264462809917356,0.0
E00016660,60.37735849056604,32.075471698113205,6.918238993710692,0.6289308176100629,0.0
E00016663,52.348993288590606,39.59731543624161,6.7114093959731544,0.0,1.342281879194631
E00016632,49.62406015037594,40.6015037593985,9.022556390977444,0.7518796992481203,0.0
E00016666,44.09448818897638,42.51968503937008,11.811023622047244,1.5748031496062993,0.0
E00016667,38.9937106918239,41.509433962264154,15.723270440251572,2.5157232704402515,1.2578616352201257
E00016669,64.60176991150442,26.548672566371682,8.849557522123893,0.0,0.0
E00016673,39.66942148760331,48.760330578512395,9.917355371900827,0.8264462809917356,0.8264462809917356
E00016668,56.41025641025641,35.8974358974359,4.273504273504273,2.5641025641025643,0.8547008547008547
E00016670,36.93693693693694,53.153153153153156,8.108108108108109,1.8018018018018018,0.0
E00016671,44.0,40.0,12.0,4.0,0.0
E00016672,39.716312056737586,41.843971631205676,14.184397163120567,3.5460992907801416,0.7092198581560284
E00173708,53.01204819277108,40.963855421686745,6.024096385542169,0.0,0.0
E00173710,38.983050847457626,54.23728813559322,5.932203389830509,0.0,0.847457627118644
E00016661,42.14876033057851,47.93388429752066,5.785123966942149,4.132231404958677,0.0
E00173936,54.86725663716814,40.70796460176991,3.5398230088495577,0.8849557522123894,0.0
E00173937,65.45454545454545,31.818181818181817,2.727272727272727,0.0,0.0
E00173938,40.939597315436245,51.006711409395976,6.7114093959731544,1.342281879194631,0.0
E00174035,48.51485148514851,44.554455445544555,6.930693069306931,0.0,0.0
E00016796,59.87261146496815,33.12101910828026,4.45859872611465,2.5477707006369426,0.0
E00016799,46.3768115942029,42.028985507246375,10.144927536231885,1.4492753623188406,0.0
E00016804,68.51851851851852,27.77777777777778,2.7777777777777777,0.9259259259259259,0.0
E00016805,46.3768115942029,39.85507246376812,11.594202898550725,1.4492753623188406,0.7246376811594203
E00016806,44.66019417475728,43.689320388349515,9.70873786407767,1.941747572815534,0.0
E00016781,46.36363636363637,45.45454545454545,6.363636363636363,1.8181818181818181,0.0
E00016793,54.86725663716814,35.39823008849557,8.849557522123893,0.8849557522123894,0.0
E00016794,60.176991150442475,36.283185840707965,2.6548672566371683,0.8849557522123894,0.0
E00016801,43.925233644859816,51.401869158878505,3.7383177570093458,0.0,0.9345794392523364
E00016803,49.504950495049506,39.603960396039604,6.930693069306931,2.9702970297029703,0.9900990099009901
E00016808,51.886792452830186,38.679245283018865,6.60377358490566,2.830188679245283,0.0
E00016813,55.55555555555556,37.5,4.861111111111111,1.3888888888888888,0.6944444444444444
E00016814,50.3875968992248,41.08527131782946,6.2015503875969,2.3255813953488373,0.0
E00016815,49.54128440366973,39.44954128440367,8.256880733944953,1.834862385321101,0.9174311926605505
E00016818,51.53846153846154,34.61538461538461,11.538461538461538,2.3076923076923075,0.0
E00016819,46.42857142857143,34.82142857142857,14.285714285714286,2.6785714285714284,1.7857142857142858
E00016778,55.0,38.57142857142857,6.428571428571429,0.0,0.0
E00016788,50.427350427350426,41.88034188034188,5.128205128205129,1.7094017094017093,0.8547008547008547
E00016791,57.6,36.8,4.8,0.8,0.0
E00016800,62.5,30.357142857142858,4.464285714285714,0.8928571428571429,1.7857142857142858
E00016820,66.0377358490566,24.528301886792452,8.49056603773585,0.9433962264150944,0.0
E00016823,48.36065573770492,45.90163934426229,5.737704918032787,0.0,0.0
E00016300,58.78378378378378,36.486486486486484,2.027027027027027,2.7027027027027026,0.0
E00016310,25.274725274725274,59.34065934065934,12.087912087912088,3.2967032967032965,0.0
E00016312,47.857142857142854,36.42857142857143,13.571428571428571,0.7142857142857143,1.4285714285714286
E00016343,21.8978102189781,55.47445255474452,16.78832116788321,4.37956204379562,1.4598540145985401
E00016344,49.740932642487046,38.3419689119171,11.398963730569948,0.5181347150259067,0.0
E00016301,31.48148148148148,53.08641975308642,11.728395061728396,2.4691358024691357,1.2345679012345678
E00016302,40.0,50.0,10.0,0.0,0.0
E00016316,21.008403361344538,50.42016806722689,21.84873949579832,4.201680672268908,2.5210084033613445
E00016338,35.50295857988166,54.437869822485204,7.100591715976331,2.9585798816568047,0.0
E00016342,37.03703703703704,45.370370370370374,13.88888888888889,0.9259259259259259,2.7777777777777777
E00016303,41.97530864197531,48.148148148148145,9.25925925925926,0.6172839506172839,0.0
E00016304,44.23076923076923,46.794871794871796,8.974358974358974,0.0,0.0
E00016313,52.83018867924528,35.84905660377358,8.49056603773585,1.8867924528301887,0.9433962264150944
E00016318,33.85826771653543,53.54330708661417,11.023622047244094,1.5748031496062993,0.0
E00016345,35.24590163934426,52.459016393442624,9.01639344262295,3.278688524590164,0.0
E00016307,59.036144578313255,31.927710843373493,7.228915662650603,1.8072289156626506,0.0
E00016314,57.36434108527132,33.333333333333336,7.751937984496124,0.7751937984496124,0.7751937984496124
E00016319,61.666666666666664,34.166666666666664,3.3333333333333335,0.0,0.8333333333333334
E00016321,61.0062893081761,26.41509433962264,10.69182389937107,1.2578616352201257,0.6289308176100629
E00016322,54.166666666666664,41.07142857142857,4.166666666666667,0.5952380952380952,0.0
E00016305,49.13793103448276,39.6551724137931,8.620689655172415,2.586206896551724,0.0
E00016306,57.64705882352941,32.94117647058823,8.235294117647058,1.1764705882352942,0.0
E00016308,51.724137931034484,41.37931034482759,6.896551724137931,0.0,0.0
E00016315,48.45360824742268,42.2680412371134,7.216494845360825,2.0618556701030926,0.0
E00016317,34.45378151260504,50.42016806722689,10.084033613445378,4.201680672268908,0.8403361344537815
E00016320,35.24590163934426,57.377049180327866,7.377049180327869,0.0,0.0
E00016779,46.59090909090909,42.04545454545455,9.090909090909092,2.272727272727273,0.0
E00016789,34.72222222222222,47.22222222222222,15.277777777777779,2.7777777777777777,0.0
E00016797,25.0,50.0,21.52777777777778,2.7777777777777777,0.6944444444444444
E00016798,57.23684210526316,28.94736842105263,11.842105263157896,1.3157894736842106,0.6578947368421053
E00016821,45.0,38.75,14.375,0.625,1.25
E00016780,55.76923076923077,39.1025641025641,4.487179487179487,0.0,0.6410256410256411
E00016782,54.59770114942529,36.206896551724135,7.471264367816092,1.1494252873563218,0.5747126436781609
E00016790,73.62637362637362,20.87912087912088,5.4945054945054945,0.0,0.0
E00016792,78.82352941176471,18.823529411764707,2.3529411764705883,0.0,0.0
E00016795,42.98245614035088,50.0,5.2631578947368425,1.7543859649122806,0.0
E00016783,50.64935064935065,39.61038961038961,8.441558441558442,1.2987012987012987,0.0
E00016802,45.3416149068323,42.857142857142854,11.180124223602485,0.6211180124223602,0.0
E00016807,62.371134020618555,30.412371134020617,5.670103092783505,1.0309278350515463,0.5154639175257731
E00016809,50.318471337579616,40.76433121019108,7.643312101910828,1.2738853503184713,0.0
E00016810,53.47222222222222,34.72222222222222,9.722222222222221,2.0833333333333335,0.0
E00016784,54.47154471544715,32.520325203252035,12.195121951219512,0.8130081300813008,0.0
E00016811,55.223880597014926,33.582089552238806,8.208955223880597,2.985074626865672,0.0
E00016812,41.02564102564103,47.00854700854701,8.547008547008547,3.4188034188034186,0.0
E00016816,55.76923076923077,38.46153846153846,5.769230769230769,0.0,0.0
E00016817,47.82608695652174,38.26086956521739,10.434782608695652,1.7391304347826086,1.7391304347826086
E00016785,71.81818181818181,23.636363636363637,3.6363636363636362,0.0,0.9090909090909091
E00016786,40.816326530612244,53.06122448979592,4.081632653061225,1.0204081632653061,1.0204081632653061
E00016787,71.89781021897811,26.642335766423358,1.094890510948905,0.0,0.36496350364963503
E00016822,59.689922480620154,34.883720930232556,3.875968992248062,0.0,1.550387596899225
E00016824,50.98039215686274,41.1764705882353,6.862745098039215,0.9803921568627451,0.0
E00016445,36.71875,55.46875,7.8125,0.0,0.0
E00016448,16.93548387096774,51.61290322580645,24.193548387096776,7.258064516129032,0.0
E00016452,20.338983050847457,43.220338983050844,31.35593220338983,3.389830508474576,1.694915254237288
E00016454,36.97478991596638,41.1764705882353,20.168067226890756,1.680672268907563,0.0
E00016455,38.93805309734513,50.442477876106196,9.734513274336283,0.8849557522123894,0.0
E00016446,52.09580838323353,43.11377245508982,3.592814371257485,0.5988023952095808,0.5988023952095808
E00016453,55.0,37.5,5.833333333333333,1.6666666666666667,0.0
E00016456,45.3125,45.3125,7.8125,0.78125,0.78125
