OA11CD,Detached houses,Semi-detached houses,Terraced,Flats,Caravan or mobile
E00016403,0.0,0.684931506849315,0.684931506849315,98.63013698630137,0.0
E00016437,0.0,1.2422360248447204,2.484472049689441,96.27329192546584,0.0
E00016439,0.5524861878453039,0.5524861878453039,3.867403314917127,95.02762430939227,0.0
E00016442,0.6896551724137931,0.6896551724137931,2.0689655172413794,96.55172413793103,0.0
E00016399,9.722222222222221,20.833333333333332,31.25,38.19444444444444,0.0
E00016401,4.545454545454546,2.5974025974025974,5.194805194805195,87.66233766233766,0.0
E00016406,11.570247933884298,14.049586776859504,22.31404958677686,52.06611570247934,0.0
E00016435,2.3391812865497075,5.847953216374269,16.95906432748538,74.85380116959064,0.0
E00016395,3.4782608695652173,4.3478260869565215,36.52173913043478,55.65217391304348,0.0
E00016404,8.130081300813009,8.130081300813009,51.21951219512195,32.520325203252035,0.0
E00016405,1.3793103448275863,11.724137931034482,31.724137931034484,55.172413793103445,0.0
E00016408,2.857142857142857,17.142857142857142,62.857142857142854,17.142857142857142,0.0
E00016410,3.4188034188034186,9.401709401709402,64.95726495726495,22.22222222222222,0.0
E00016438,0.0,4.109589041095891,3.4246575342465753,92.46575342465754,0.0
E00016398,3.508771929824561,8.771929824561404,24.56140350877193,63.1578947368421,0.0
E00016431,1.7699115044247788,1.7699115044247788,22.123893805309734,74.33628318584071,0.0
E00016432,1.829268292682927,4.2682926829268295,23.78048780487805,70.1219512195122,0.0
E00016434,0.0,1.183431952662722,7.100591715976331,91.71597633136095,0.0
E00173943,0.6060606060606061,1.8181818181818181,1.2121212121212122,96.36363636363636,0.0
E00173946,0.0,0.5076142131979695,2.030456852791878,97.46192893401015,0.0
E00016397,1.3824884792626728,6.451612903225806,6.912442396313364,85.25345622119816,0.0
E00016433,3.5211267605633805,9.154929577464788,34.50704225352113,52.816901408450704,0.0
E00016436,0.9803921568627451,0.0,1.9607843137254901,97.05882352941177,0.0
E00016440,0.0,0.0,3.7037037037037037,96.29629629629629,0.0
E00016441,0.9803921568627451,4.411764705882353,6.862745098039215,87.74509803921569,0.0
E00016412,7.051282051282051,8.333333333333334,35.256410256410255,49.35897435897436,0.0
E00016414,4.72972972972973,9.45945945945946,29.054054054054053,56.75675675675676,0.0
E00016418,4.516129032258065,21.93548387096774,16.129032258064516,57.41935483870968,0.0
E00016422,2.6785714285714284,8.928571428571429,31.25,57.142857142857146,0.0
E00016402,0.0,0.0,1.5625,98.4375,0.0
E00016407,0.0,0.0,0.6666666666666666,99.33333333333333,0.0
E00016409,0.6802721088435374,10.204081632653061,9.523809523809524,79.59183673469387,0.0
E00016411,2.2857142857142856,2.857142857142857,2.857142857142857,92.0,0.0
E00016413,0.7874015748031497,8.661417322834646,10.236220472440944,80.31496062992126,0.0
E00016415,0.704225352112676,3.5211267605633805,11.971830985915492,83.80281690140845,0.0
E00016416,0.0,3.7383177570093458,3.7383177570093458,92.5233644859813,0.0
E00016419,2.5,7.5,10.0,80.0,0.0
E00016420,0.0,0.8264462809917356,2.479338842975207,96.69421487603306,0.0
E00173947,2.380952380952381,1.5873015873015872,4.761904761904762,91.26984126984127,0.0
E00173948,0.0,0.0,0.5714285714285714,99.42857142857143,0.0
E00016417,1.4285714285714286,3.5714285714285716,3.5714285714285716,91.42857142857143,0.0
E00016421,0.0,3.1496062992125986,3.937007874015748,92.91338582677166,0.0
E00016423,0.0,0.819672131147541,6.557377049180328,92.62295081967213,0.0
E00016424,0.0,1.6129032258064515,3.225806451612903,95.16129032258064,0.0
E00016427,0.9433962264150944,0.0,0.0,99.05660377358491,0.0
E00016396,2.0547945205479454,15.753424657534246,15.068493150684931,67.12328767123287,0.0
E00016426,0.0,0.7299270072992701,8.75912408759124,90.51094890510949,0.0
E00016428,0.5988023952095808,1.7964071856287425,2.395209580838323,95.20958083832335,0.0
E00016429,2.380952380952381,2.380952380952381,38.095238095238095,57.142857142857146,0.0
E00016430,2.4,0.8,2.4,94.4,0.0
E00016680,0.0,0.0,3.9682539682539684,96.03174603174604,0.0
E00016716,0.0,0.6172839506172839,0.6172839506172839,98.76543209876543,0.0
E00016717,0.0,0.0,0.9433962264150944,99.05660377358491,0.0
E00016719,0.847457627118644,0.0,1.694915254237288,97.45762711864407,0.0
E00016720,0.0,0.6535947712418301,1.9607843137254901,97.38562091503267,0.0
E00016725,0.0,0.0,1.6528925619834711,98.34710743801652,0.0
E00016706,3.7383177570093458,0.0,18.69158878504673,77.57009345794393,0.0
E00016708,4.545454545454546,8.333333333333334,41.666666666666664,45.45454545454545,0.0
E00016709,4.929577464788732,9.154929577464788,57.04225352112676,28.87323943661972,0.0
E00016714,1.6666666666666667,7.5,39.166666666666664,51.666666666666664,0.0
E00016715,5.511811023622047,6.299212598425197,34.645669291338585,53.54330708661417,0.0
E00016675,3.4188034188034186,1.7094017094017093,5.128205128205129,89.74358974358974,0.0
E00016677,6.7164179104477615,8.208955223880597,32.08955223880597,52.985074626865675,0.0
E00016683,3.4722222222222223,3.4722222222222223,18.055555555555557,75.0,0.0
E00016697,4.918032786885246,16.39344262295082,41.80327868852459,36.885245901639344,0.0
E00173940,5.217391304347826,6.956521739130435,69.56521739130434,18.26086956521739,0.0
E00173949,4.054054054054054,12.162162162162161,25.0,58.78378378378378,0.0
E00016684,1.8018018018018018,9.00900900900901,26.126126126126128,63.06306306306306,0.0
E00016687,0.0,1.8518518518518519,23.14814814814815,75.0,0.0
E00016694,4.37956204379562,15.328467153284672,32.846715328467155,47.44525547445255,0.0
E00016718,0.0,1.5625,2.34375,96.09375,0.0
E00016721,1.8181818181818181,2.727272727272727,0.9090909090909091,94.54545454545455,0.0
E00016723,2.4390243902439024,0.8130081300813008,2.4390243902439024,94.3089430894309,0.0
E00016679,4.395604395604396,16.483516483516482,59.34065934065934,19.78021978021978,0.0
E00016689,2.586206896551724,6.0344827586206895,45.689655172413794,45.689655172413794,0.0
E00016693,7.2,7.2,45.6,40.0,0.0
E00016701,3.8095238095238093,6.666666666666667,40.0,49.523809523809526,0.0
E00173939,1.8691588785046729,0.0,6.542056074766355,90.65420560747664,0.9345794392523364
E00016210,4.137931034482759,6.896551724137931,18.620689655172413,70.34482758620689,0.0
E00016239,4.666666666666667,5.333333333333333,26.0,64.0,0.0
E00016240,2.2988505747126435,6.896551724137931,6.896551724137931,83.9080459770115,0.0
E00016241,0.0,0.6944444444444444,13.194444444444445,86.11111111111111,0.0
E00016245,1.0309278350515463,6.185567010309279,12.371134020618557,80.41237113402062,0.0
E00016211,0.0,7.079646017699115,16.8141592920354,76.10619469026548,0.0
E00016213,1.1764705882352942,0.0,5.294117647058823,93.52941176470588,0.0
E00016244,1.5625,13.28125,25.0,60.15625,0.0
E00016250,0.704225352112676,0.0,4.929577464788732,94.36619718309859,0.0
E00174011,0.0,3.7037037037037037,3.7037037037037037,92.5925925925926,0.0
E00174032,1.5151515151515151,3.0303030303030303,26.515151515151516,68.93939393939394,0.0
E00174033,2.4390243902439024,4.878048780487805,39.02439024390244,53.65853658536585,0.0
E00016216,0.5747126436781609,1.7241379310344827,11.494252873563218,86.20689655172414,0.0
E00016236,3.3333333333333335,2.857142857142857,8.571428571428571,85.23809523809524,0.0
E00016246,3.6231884057971016,8.695652173913043,34.05797101449275,53.6231884057971,0.0
E00016248,1.6853932584269662,3.3707865168539324,5.617977528089888,89.32584269662921,0.0
E00016252,0.0,11.44578313253012,21.686746987951807,66.86746987951807,0.0
E00016214,3.658536585365854,12.195121951219512,40.24390243902439,43.90243902439025,0.0
E00016215,2.962962962962963,7.407407407407407,39.25925925925926,50.370370370370374,0.0
E00016217,1.5789473684210527,7.894736842105263,27.36842105263158,63.1578947368421,0.0
E00016237,0.0,4.310344827586207,86.20689655172414,9.482758620689655,0.0
E00016247,0.7092198581560284,4.964539007092198,30.49645390070922,63.829787234042556,0.0
E00016253,3.7313432835820897,8.955223880597014,42.53731343283582,44.776119402985074,0.0
E00016209,2.3255813953488373,4.069767441860465,27.325581395348838,66.27906976744185,0.0
E00016235,0.6451612903225806,5.806451612903226,6.451612903225806,87.09677419354838,0.0
E00016238,1.0638297872340425,2.6595744680851063,29.25531914893617,67.02127659574468,0.0
E00173941,3.7735849056603774,2.830188679245283,9.433962264150944,83.9622641509434,0.0
E00173942,1.1904761904761905,2.380952380952381,17.857142857142858,78.57142857142857,0.0
E00016881,3.7383177570093458,7.4766355140186915,28.97196261682243,59.81308411214953,0.0
E00016915,1.3333333333333333,1.3333333333333333,4.666666666666667,92.66666666666667,0.0
E00016916,1.36986301369863,4.109589041095891,8.904109589041095,84.93150684931507,0.684931506849315
E00016920,4.724409448818897,2.3622047244094486,13.385826771653543,79.5275590551181,0.0
E00173950,4.237288135593221,4.237288135593221,5.932203389830509,85.59322033898304,0.0
E00173951,5.673758865248227,1.4184397163120568,14.893617021276595,78.01418439716312,0.0
E00016921,2.272727272727273,5.303030303030303,17.424242424242426,75.0,0.0
E00016922,5.517241379310345,10.344827586206897,31.03448275862069,53.10344827586207,0.0
E00016923,1.8633540372670807,9.316770186335404,7.453416149068323,81.36645962732919,0.0
E00016925,0.49261083743842365,8.866995073891626,27.0935960591133,63.05418719211823,0.49261083743842365
E00016926,3.7037037037037037,8.148148148148149,34.074074074074076,54.074074074074076,0.0
E00016917,2.6595744680851063,14.361702127659575,15.957446808510639,67.02127659574468,0.0
E00016918,1.2195121951219512,7.317073170731708,3.658536585365854,87.8048780487805,0.0
E00016919,0.0,14.482758620689655,8.275862068965518,77.24137931034483,0.0
E00016924,0.5050505050505051,4.040404040404041,26.262626262626263,69.1919191919192,0.0
E00016927,0.0,7.857142857142857,14.285714285714286,77.85714285714286,0.0
E00016879,1.7857142857142858,14.880952380952381,36.30952380952381,47.023809523809526,0.0
E00016884,0.0,21.64179104477612,25.37313432835821,52.985074626865675,0.0
E00016886,2.5,14.375,15.0,68.125,0.0
E00016893,2.9197080291970803,9.489051094890511,33.57664233576642,54.01459854014598,0.0
E00016885,1.4492753623188406,5.072463768115942,44.20289855072464,49.27536231884058,0.0
E00016887,0.970873786407767,1.941747572815534,60.19417475728155,36.89320388349515,0.0
E00016889,2.542372881355932,5.084745762711864,40.67796610169491,51.69491525423729,0.0
E00016890,0.0,1.4388489208633093,5.755395683453237,92.80575539568345,0.0
E00016895,1.4492753623188406,24.63768115942029,13.768115942028986,60.14492753623188,0.0
E00016159,14.049586776859504,3.3057851239669422,17.355371900826448,65.2892561983471,0.0
E00016173,8.88888888888889,11.851851851851851,8.88888888888889,70.37037037037037,0.0
E00016176,4.316546762589928,15.107913669064748,41.007194244604314,39.568345323741006,0.0
E00016184,2.985074626865672,7.462686567164179,0.746268656716418,88.80597014925372,0.0
E00016186,1.3245033112582782,14.56953642384106,4.635761589403973,79.47019867549669,0.0
E00016188,3.5460992907801416,7.801418439716312,25.53191489361702,63.12056737588652,0.0
E00016164,8.849557522123893,24.778761061946902,23.893805309734514,42.47787610619469,0.0
E00016170,0.0,3.2679738562091503,7.189542483660131,89.54248366013071,0.0
E00016175,1.9736842105263157,3.289473684210526,14.473684210526315,80.26315789473684,0.0
E00016181,2.0408163265306123,4.761904761904762,31.972789115646258,61.224489795918366,0.0
E00016182,2.985074626865672,57.46268656716418,18.65671641791045,20.895522388059703,0.0
E00016162,3.787878787878788,5.303030303030303,15.909090909090908,75.0,0.0
E00016198,3.7383177570093458,1.8691588785046729,9.345794392523365,85.04672897196262,0.0
E00016202,1.0,1.0,3.0,95.0,0.0
E00016205,7.6923076923076925,6.923076923076923,8.461538461538462,76.92307692307692,0.0
E00016208,2.112676056338028,2.816901408450704,0.704225352112676,94.36619718309859,0.0
E00016199,0.8333333333333334,15.0,12.5,71.66666666666667,0.0
E00016200,0.0,1.1235955056179776,3.3707865168539324,95.50561797752809,0.0
E00016201,0.0,3.4482758620689653,3.4482758620689653,93.10344827586206,0.0
E00016203,0.7575757575757576,2.272727272727273,1.5151515151515151,95.45454545454545,0.0
E00016207,12.173913043478262,30.434782608695652,33.91304347826087,23.47826086956522,0.0
E00016163,1.492537313432836,16.417910447761194,2.2388059701492535,79.85074626865672,0.0
E00016165,20.161290322580644,5.645161290322581,8.064516129032258,66.12903225806451,0.0
E00016168,2.2222222222222223,12.222222222222221,3.3333333333333335,82.22222222222223,0.0
E00016169,24.166666666666668,12.5,15.0,48.333333333333336,0.0
E00016172,1.5625,3.125,7.03125,88.28125,0.0
E00016177,2.4390243902439024,8.130081300813009,5.691056910569106,83.73983739837398,0.0
E00016219,2.6490066225165565,7.28476821192053,9.271523178807946,80.79470198675497,0.0
E00016220,2.1739130434782608,5.072463768115942,7.971014492753623,84.78260869565217,0.0
E00016221,0.0,4.026845637583893,4.697986577181208,91.2751677852349,0.0
E00016223,4.504504504504505,12.612612612612613,16.216216216216218,66.66666666666667,0.0
E00016225,2.4390243902439024,6.504065040650406,5.691056910569106,85.36585365853658,0.0
E00016255,0.0,3.9603960396039604,15.841584158415841,80.1980198019802,0.0
E00016218,3.4188034188034186,5.128205128205129,4.273504273504273,87.17948717948718,0.0
E00016222,1.8518518518518519,11.728395061728396,7.407407407407407,79.01234567901234,0.0
E00016224,3.1055900621118013,6.211180124223603,13.664596273291925,77.01863354037268,0.0
E00016226,8.333333333333334,17.5,3.3333333333333335,70.83333333333333,0.0
E00016227,2.8368794326241136,16.31205673758865,8.51063829787234,72.34042553191489,0.0
E00016228,5.46875,16.40625,7.8125,70.3125,0.0
E00016229,3.723404255319149,12.23404255319149,20.21276595744681,63.829787234042556,0.0
E00016230,1.4705882352941178,8.088235294117647,47.794117647058826,42.64705882352941,0.0
E00016231,2.0547945205479454,10.95890410958904,20.54794520547945,66.43835616438356,0.0
E00016232,3.8461538461538463,10.76923076923077,1.5384615384615385,83.84615384615384,0.0
E00016233,0.6410256410256411,0.0,1.2820512820512822,98.07692307692308,0.0
E00016212,1.6260162601626016,3.252032520325203,79.67479674796748,15.447154471544716,0.0
E00016249,0.8403361344537815,10.92436974789916,23.529411764705884,64.70588235294117,0.0
E00016254,5.607476635514018,13.08411214953271,57.94392523364486,23.364485981308412,0.0
E00173952,0.8928571428571429,8.035714285714286,67.85714285714286,23.214285714285715,0.0
E00174016,3.0303030303030303,17.171717171717173,47.474747474747474,32.323232323232325,0.0
E00174022,2.1739130434782608,6.521739130434782,44.56521739130435,46.73913043478261,0.0
E00174008,0.0,0.0,0.7518796992481203,99.24812030075188,0.0
E00174010,0.0,0.0,0.8064516129032258,99.19354838709677,0.0
E00174013,0.0,0.7633587786259542,2.2900763358778624,96.94656488549619,0.0
E00174015,0.9174311926605505,0.9174311926605505,1.834862385321101,96.3302752293578,0.0
E00174025,0.0,1.4814814814814814,0.0,97.77777777777777,0.7407407407407407
E00174027,0.0,0.0,1.0101010101010102,98.98989898989899,0.0
E00016178,1.6260162601626016,3.252032520325203,21.13821138211382,73.98373983739837,0.0
E00016179,0.0,0.0,7.03125,92.96875,0.0
E00016180,2.2058823529411766,11.764705882352942,13.970588235294118,72.05882352941177,0.0
E00016187,3.8461538461538463,16.153846153846153,16.923076923076923,63.07692307692308,0.0
E00016189,0.0,3.076923076923077,69.23076923076923,27.692307692307693,0.0
E00016166,3.883495145631068,15.533980582524272,2.912621359223301,77.66990291262135,0.0
E00016167,7.142857142857143,14.285714285714286,46.03174603174603,32.53968253968254,0.0
E00016171,0.0,2.5,13.75,83.75,0.0
E00016174,7.8125,8.59375,58.59375,25.0,0.0
E00016204,0.704225352112676,0.704225352112676,7.746478873239437,90.84507042253522,0.0
E00016206,8.94308943089431,11.382113821138212,9.75609756097561,69.91869918699187,0.0
E00016160,9.848484848484848,9.090909090909092,69.6969696969697,11.363636363636363,0.0
E00016183,3.3057851239669422,5.785123966942149,28.925619834710744,61.98347107438016,0.0
E00016185,10.169491525423728,13.559322033898304,22.88135593220339,53.389830508474574,0.0
E00016191,14.516129032258064,12.903225806451612,20.161290322580644,51.61290322580645,0.8064516129032258
E00016195,7.575757575757576,7.575757575757576,40.15151515151515,44.696969696969695,0.0
E00016197,2.5974025974025974,2.5974025974025974,9.090909090909092,85.71428571428571,0.0
E00016161,1.1764705882352942,6.470588235294118,11.764705882352942,80.58823529411765,0.0
E00016190,0.0,1.2658227848101267,12.658227848101266,86.07594936708861,0.0
E00016192,1.694915254237288,3.9548022598870056,28.8135593220339,65.53672316384181,0.0
E00016193,0.0,0.0,1.9230769230769231,98.07692307692308,0.0
E00016194,2.5974025974025974,0.0,0.6493506493506493,96.75324675324676,0.0
E00016196,0.5494505494505495,9.340659340659341,8.241758241758241,81.86813186813187,0.0
E00016905,2.6315789473684212,9.649122807017545,31.57894736842105,56.14035087719298,0.0
E00016907,11.304347826086957,26.956521739130434,37.391304347826086,24.347826086956523,0.0
E00016908,3.225806451612903,5.645161290322581,23.387096774193548,67.74193548387096,0.0
E00016910,0.0,0.7751937984496124,4.651162790697675,94.57364341085271,0.0
E00016912,0.8403361344537815,0.8403361344537815,4.201680672268908,94.11764705882354,0.0
E00016909,0.6711409395973155,0.6711409395973155,4.026845637583893,94.63087248322148,0.0
E00016911,4.093567251461988,8.771929824561404,32.16374269005848,54.97076023391813,0.0
E00016913,2.5,6.25,18.125,73.125,0.0
E00016914,2.34375,6.25,14.84375,76.5625,0.0
E00016896,0.6802721088435374,7.482993197278912,12.244897959183673,78.2312925170068,1.3605442176870748
E00016898,2.608695652173913,2.608695652173913,31.304347826086957,63.47826086956522,0.0
E00016900,1.3793103448275863,4.827586206896552,26.896551724137932,66.89655172413794,0.0
E00016901,0.0,10.465116279069768,23.25581395348837,66.27906976744185,0.0
E00016904,3.6363636363636362,10.0,26.363636363636363,60.0,0.0
E00016906,2.6315789473684212,7.017543859649122,40.35087719298246,50.0,0.0
E00016883,2.816901408450704,15.492957746478874,26.760563380281692,54.929577464788736,0.0
E00016888,3.8461538461538463,17.692307692307693,30.0,48.46153846153846,0.0
E00016891,0.5586592178770949,5.58659217877095,20.670391061452513,73.18435754189944,0.0
E00016892,3.90625,3.90625,27.34375,64.84375,0.0
E00016894,0.6578947368421053,13.157894736842104,29.605263157894736,56.578947368421055,0.0
E00016880,10.256410256410257,29.914529914529915,43.58974358974359,16.23931623931624,0.0
E00016897,1.092896174863388,4.371584699453552,13.114754098360656,81.4207650273224,0.0
E00016899,2.5157232704402515,11.320754716981131,21.38364779874214,64.77987421383648,0.0
E00016902,2.8368794326241136,7.092198581560283,32.6241134751773,57.4468085106383,0.0
E00016903,5.46875,7.8125,58.59375,28.125,0.0
E00016564,1.4814814814814814,7.407407407407407,68.88888888888889,22.22222222222222,0.0
E00016567,1.2048192771084338,6.024096385542169,1.2048192771084338,91.56626506024097,0.0
E00016569,4.545454545454546,11.363636363636363,60.60606060606061,23.484848484848484,0.0
E00016571,2.5641025641025643,50.427350427350426,36.75213675213675,10.256410256410257,0.0
E00173700,2.857142857142857,13.333333333333334,42.857142857142854,40.95238095238095,0.0
E00173702,4.761904761904762,39.04761904761905,8.571428571428571,47.61904761904762,0.0
E00016558,1.5625,5.46875,7.8125,85.15625,0.0
E00016561,2.3622047244094486,3.937007874015748,26.771653543307085,66.92913385826772,0.0
E00016566,4.166666666666667,8.333333333333334,39.166666666666664,48.333333333333336,0.0
E00016568,6.802721088435374,23.80952380952381,4.081632653061225,65.3061224489796,0.0
E00016572,2.0134228187919465,12.751677852348994,10.738255033557047,74.49664429530202,0.0
E00016575,0.7692307692307693,0.7692307692307693,15.384615384615385,83.07692307692308,0.0
E00016557,5.0,5.0,11.0,79.0,0.0
E00016559,2.1739130434782608,8.695652173913043,42.028985507246375,47.10144927536232,0.0
E00016560,1.3605442176870748,2.7210884353741496,18.367346938775512,77.55102040816327,0.0
E00016562,2.0,4.0,36.0,58.0,0.0
E00016563,1.550387596899225,10.852713178294573,63.565891472868216,24.031007751937985,0.0
E00016565,1.2903225806451613,9.03225806451613,20.64516129032258,69.03225806451613,0.0
E00016544,1.2820512820512822,16.025641025641026,32.05128205128205,50.64102564102564,0.0
E00016574,3.8461538461538463,7.6923076923076925,73.84615384615384,14.615384615384615,0.0
E00016576,1.550387596899225,24.8062015503876,30.232558139534884,43.41085271317829,0.0
E00016577,4.081632653061225,22.448979591836736,32.6530612244898,40.816326530612244,0.0
E00016578,0.0,27.92792792792793,43.24324324324324,28.82882882882883,0.0
E00016635,5.555555555555555,15.0,7.777777777777778,71.66666666666667,0.0
E00016640,6.666666666666667,11.333333333333334,32.0,50.0,0.0
E00016641,0.0,0.0,9.523809523809524,90.47619047619048,0.0
E00016642,3.225806451612903,8.064516129032258,23.118279569892472,65.59139784946237,0.0
E00016643,2.7027027027027026,4.72972972972973,39.189189189189186,53.37837837837838,0.0
E00016630,3.1645569620253164,18.354430379746834,21.518987341772153,56.962025316455694,0.0
E00016647,1.2987012987012987,6.4935064935064934,7.142857142857143,85.06493506493507,0.0
E00016648,2.158273381294964,8.633093525179856,10.79136690647482,78.41726618705036,0.0
E00016649,1.4388489208633093,11.510791366906474,12.23021582733813,74.82014388489209,0.0
E00016651,2.684563758389262,6.040268456375839,35.57046979865772,55.70469798657718,0.0
E00016629,2.5,12.5,24.375,60.625,0.0
E00016650,0.8064516129032258,14.516129032258064,3.225806451612903,81.45161290322581,0.0
E00016652,0.0,11.678832116788321,15.328467153284672,72.99270072992701,0.0
E00016654,0.0,0.0,0.0,100.0,0.0
E00016657,0.7142857142857143,1.4285714285714286,2.857142857142857,95.0,0.0
E00016633,0.8695652173913043,1.7391304347826086,6.086956521739131,91.30434782608695,0.0
E00016636,0.0,0.746268656716418,1.492537313432836,97.76119402985074,0.0
E00016638,0.0,6.896551724137931,4.597701149425287,88.50574712643679,0.0
E00016639,1.9801980198019802,7.920792079207921,29.702970297029704,60.396039603960396,0.0
E00016674,3.2,9.6,68.8,18.4,0.0
E00174018,0.0,1.2096774193548387,2.0161290322580645,96.7741935483871,0.0
E00174019,2.6548672566371683,3.5398230088495577,19.469026548672566,74.33628318584071,0.0
E00174021,0.0,1.7543859649122806,1.7543859649122806,96.49122807017544,0.0
E00016628,6.134969325153374,5.521472392638037,32.515337423312886,55.828220858895705,0.0
E00016637,1.5151515151515151,11.11111111111111,24.242424242424242,63.13131313131313,0.0
E00174024,2.4193548387096775,6.451612903225806,22.580645161290324,68.54838709677419,0.0
E00174029,1.7391304347826086,11.304347826086957,3.4782608695652173,83.47826086956522,0.0
E00174030,0.8620689655172413,11.206896551724139,6.896551724137931,81.03448275862068,0.0
E00016644,0.0,2.586206896551724,5.172413793103448,92.24137931034483,0.0
E00016645,5.232558139534884,9.883720930232558,13.372093023255815,71.51162790697674,0.0
E00016646,5.142857142857143,4.571428571428571,14.857142857142858,75.42857142857143,0.0
E00016584,1.680672268907563,4.621848739495798,38.23529411764706,55.46218487394958,0.0
E00016596,2.3622047244094486,6.299212598425197,65.35433070866142,25.984251968503937,0.0
E00016598,4.25531914893617,16.595744680851062,36.170212765957444,42.97872340425532,0.0
E00016623,2.272727272727273,3.409090909090909,3.409090909090909,90.9090909090909,0.0
E00174036,2.0202020202020203,7.070707070707071,40.4040404040404,50.505050505050505,0.0
E00174038,1.0309278350515463,4.123711340206185,7.731958762886598,87.11340206185567,0.0
E00016585,0.7194244604316546,3.597122302158273,30.215827338129497,65.46762589928058,0.0
E00016593,3.5842293906810037,9.67741935483871,39.06810035842294,47.67025089605735,0.0
E00016600,0.6896551724137931,7.586206896551724,78.62068965517241,13.10344827586207,0.0
E00016602,0.746268656716418,23.134328358208954,47.014925373134325,29.104477611940297,0.0
E00016624,0.7352941176470589,15.441176470588236,13.235294117647058,69.11764705882354,1.4705882352941178
E00016625,0.6993006993006993,8.391608391608392,76.22377622377623,14.685314685314685,0.0
E00016587,4.301075268817204,18.27956989247312,23.655913978494624,53.763440860215056,0.0
E00016594,1.25,8.75,31.25,58.75,0.0
E00016605,2.1739130434782608,5.434782608695652,56.52173913043478,35.869565217391305,0.0
E00016608,1.075268817204301,10.75268817204301,63.44086021505376,24.731182795698924,0.0
E00016626,1.4184397163120568,9.21985815602837,70.2127659574468,19.148936170212767,0.0
E00016589,23.529411764705884,12.5,24.264705882352942,39.705882352941174,0.0
E00016595,0.0,0.7874015748031497,4.724409448818897,94.48818897637796,0.0
E00016597,0.0,0.7246376811594203,7.971014492753623,91.30434782608695,0.0
E00016599,0.7092198581560284,7.092198581560283,29.078014184397162,62.4113475177305,0.7092198581560284
E00016601,4.316546762589928,5.755395683453237,22.302158273381295,67.62589928057554,0.0
E00016607,2.5641025641025643,8.547008547008547,16.23931623931624,72.64957264957265,0.0
E00016573,2.2058823529411766,8.823529411764707,30.88235294117647,58.088235294117645,0.0
E00016579,2.0833333333333335,5.555555555555555,29.86111111111111,62.5,0.0
E00016580,4.166666666666667,4.166666666666667,50.0,41.666666666666664,0.0
E00016581,1.5789473684210527,8.421052631578947,22.105263157894736,67.89473684210526,0.0
E00016582,3.7837837837837838,5.945945945945946,68.64864864864865,21.62162162162162,0.0
E00016546,2.7777777777777777,6.944444444444445,24.305555555555557,65.97222222222223,0.0
E00016547,2.4390243902439024,7.926829268292683,44.51219512195122,45.1219512195122,0.0
E00016548,2.18978102189781,24.087591240875913,56.2043795620438,17.51824817518248,0.0
E00016550,1.2658227848101267,7.594936708860759,22.78481012658228,68.35443037974683,0.0
E00016583,0.819672131147541,16.39344262295082,22.131147540983605,60.65573770491803,0.0
E00016542,2.9411764705882355,12.5,46.3235294117647,38.23529411764706,0.0
E00016552,3.4722222222222223,9.027777777777779,40.27777777777778,47.22222222222222,0.0
E00016554,3.225806451612903,8.064516129032258,60.483870967741936,28.225806451612904,0.0
E00016555,3.508771929824561,21.92982456140351,46.49122807017544,28.07017543859649,0.0
E00016556,3.1746031746031744,38.888888888888886,25.396825396825395,32.53968253968254,0.0
E00016543,1.7647058823529411,3.5294117647058822,10.588235294117647,84.11764705882354,0.0
E00016545,3.816793893129771,10.687022900763358,29.770992366412212,55.725190839694655,0.0
E00016549,1.4814814814814814,11.11111111111111,80.74074074074075,6.666666666666667,0.0
E00016551,1.4285714285714286,80.71428571428571,12.857142857142858,5.0,0.0
E00016553,2.2900763358778624,33.587786259541986,42.74809160305343,21.374045801526716,0.0
E00016335,0.0,5.434782608695652,81.52173913043478,13.043478260869565,0.0
E00016336,2.857142857142857,37.857142857142854,49.285714285714285,10.0,0.0
E00016339,1.6666666666666667,61.666666666666664,32.5,4.166666666666667,0.0
E00016340,1.5037593984962405,14.285714285714286,76.69172932330827,7.518796992481203,0.0
E00016341,1.680672268907563,42.857142857142854,52.10084033613445,3.361344537815126,0.0
E00016309,3.3557046979865772,12.080536912751677,27.516778523489933,57.04697986577181,0.0
E00016323,1.7391304347826086,13.043478260869565,23.47826086956522,61.73913043478261,0.0
E00016324,0.5988023952095808,6.586826347305389,34.73053892215569,58.08383233532934,0.0
E00016325,0.0,7.947019867549669,20.52980132450331,70.86092715231788,0.6622516556291391
E00016327,2.3076923076923075,4.615384615384615,57.69230769230769,35.38461538461539,0.0
E00016326,4.032258064516129,9.67741935483871,60.483870967741936,25.806451612903224,0.0
E00016329,4.166666666666667,20.833333333333332,50.69444444444444,24.305555555555557,0.0
E00016332,4.545454545454546,16.883116883116884,67.53246753246754,11.03896103896104,0.0
E00016333,2.6548672566371683,17.699115044247787,46.017699115044245,33.6283185840708,0.0
E00016337,0.8130081300813008,10.56910569105691,85.36585365853658,3.252032520325203,0.0
E00016311,1.5748031496062993,8.661417322834646,71.65354330708661,18.11023622047244,0.0
E00016328,2.3076923076923075,6.153846153846154,42.30769230769231,49.23076923076923,0.0
E00016330,4.201680672268908,4.201680672268908,41.1764705882353,50.42016806722689,0.0
E00016331,4.316546762589928,17.985611510791365,58.273381294964025,19.424460431654676,0.0
E00016334,1.829268292682927,9.146341463414634,81.09756097560975,7.926829268292683,0.0
E00016613,3.225806451612903,37.41935483870968,56.12903225806452,3.225806451612903,0.0
E00016614,3.125,10.15625,56.25,30.46875,0.0
E00016615,3.125,26.5625,35.15625,35.15625,0.0
E00016618,0.8547008547008547,2.5641025641025643,11.11111111111111,85.47008547008546,0.0
E00016621,0.0,1.4598540145985401,2.18978102189781,96.35036496350365,0.0
E00016609,2.857142857142857,16.19047619047619,75.23809523809524,5.714285714285714,0.0
E00016617,0.7246376811594203,76.81159420289855,6.521739130434782,15.942028985507246,0.0
E00016619,0.7142857142857143,55.0,15.714285714285714,28.571428571428573,0.0
E00016620,1.694915254237288,10.169491525423728,83.05084745762711,5.084745762711864,0.0
E00016622,1.834862385321101,14.678899082568808,9.174311926605505,74.31192660550458,0.0
E00016588,5.9880239520958085,8.982035928143713,11.377245508982035,73.65269461077844,0.0
E00016592,12.23404255319149,12.76595744680851,20.74468085106383,54.255319148936174,0.0
E00016604,0.0,14.814814814814815,59.25925925925926,25.925925925925927,0.0
E00016611,0.9090909090909091,6.363636363636363,19.09090909090909,73.63636363636364,0.0
E00016612,41.935483870967744,21.50537634408602,17.204301075268816,19.35483870967742,0.0
E00016616,0.0,4.958677685950414,33.05785123966942,61.98347107438016,0.0
E00016590,2.3255813953488373,4.069767441860465,44.76744186046512,48.83720930232558,0.0
E00016591,9.774436090225564,27.06766917293233,30.075187969924812,33.08270676691729,0.0
E00016603,16.915422885572138,20.895522388059703,11.442786069651742,50.74626865671642,0.0
E00016606,0.5847953216374269,31.57894736842105,43.27485380116959,24.56140350877193,0.0
E00016610,2.2388059701492535,6.7164179104477615,65.67164179104478,25.37313432835821,0.0
E00016653,2.3622047244094486,18.89763779527559,59.05511811023622,19.68503937007874,0.0
E00016655,2.7586206896551726,2.0689655172413794,18.620689655172413,76.55172413793103,0.0
E00016656,4.487179487179487,10.256410256410257,19.23076923076923,66.02564102564102,0.0
E00016662,1.6528925619834711,6.6115702479338845,85.9504132231405,5.785123966942149,0.0
E00016664,4.878048780487805,10.365853658536585,45.73170731707317,39.02439024390244,0.0
E00016631,1.408450704225352,7.042253521126761,29.577464788732396,61.971830985915496,0.0
E00016658,4.62962962962963,3.7037037037037037,19.444444444444443,72.22222222222223,0.0
E00016659,0.0,4.838709677419355,2.4193548387096775,92.74193548387096,0.0
E00016660,3.1055900621118013,10.559006211180124,14.285714285714286,72.04968944099379,0.0
E00016663,5.333333333333333,14.666666666666666,9.333333333333334,70.66666666666667,0.0
E00016632,4.477611940298507,8.208955223880597,35.82089552238806,51.492537313432834,0.0
E00016666,0.7751937984496124,4.651162790697675,43.41085271317829,51.16279069767442,0.0
E00016667,0.6211180124223602,11.801242236024844,25.46583850931677,62.11180124223603,0.0
E00016669,0.8771929824561403,3.508771929824561,12.280701754385966,83.33333333333333,0.0
E00016673,3.252032520325203,4.065040650406504,31.70731707317073,60.97560975609756,0.0
E00016668,2.5641025641025643,3.4188034188034186,46.15384615384615,47.863247863247864,0.0
E00016670,3.508771929824561,9.649122807017545,62.280701754385966,24.56140350877193,0.0
E00016671,2.6666666666666665,4.0,30.666666666666668,62.666666666666664,0.0
E00016672,1.3793103448275863,11.724137931034482,26.20689655172414,60.689655172413794,0.0
E00173708,0.0,0.0,2.3255813953488373,97.67441860465117,0.0
E00173710,2.4,10.4,25.6,61.6,0.0
E00016661,1.6260162601626016,8.130081300813009,37.39837398373984,52.84552845528455,0.0
E00173936,0.8849557522123894,9.734513274336283,9.734513274336283,79.64601769911505,0.0
E00173937,0.0,0.9090909090909091,2.727272727272727,96.36363636363636,0.0
E00173938,0.6622516556291391,0.0,0.6622516556291391,98.67549668874172,0.0
E00174035,0.0,0.9900990099009901,0.0,99.00990099009901,0.0
E00016796,1.2422360248447204,6.832298136645963,25.46583850931677,66.45962732919254,0.0
E00016799,6.474820143884892,2.158273381294964,44.60431654676259,46.76258992805755,0.0
E00016804,0.8888888888888888,2.2222222222222223,4.444444444444445,92.44444444444444,0.0
E00016805,7.042253521126761,9.154929577464788,58.45070422535211,25.35211267605634,0.0
E00016806,0.9433962264150944,13.20754716981132,45.283018867924525,40.56603773584906,0.0
E00016781,4.504504504504505,9.00900900900901,44.14414414414414,42.34234234234234,0.0
E00016793,3.5398230088495577,20.353982300884955,30.97345132743363,45.13274336283186,0.0
E00016794,1.7699115044247788,6.1946902654867255,17.699115044247787,74.33628318584071,0.0
E00016801,3.7037037037037037,8.333333333333334,40.74074074074074,47.22222222222222,0.0
E00016803,0.9900990099009901,14.851485148514852,38.613861386138616,45.54455445544554,0.0
E00016808,0.0,2.7777777777777777,34.25925925925926,62.96296296296296,0.0
E00016813,2.0689655172413794,2.0689655172413794,34.48275862068966,61.37931034482759,0.0
E00016814,4.615384615384615,24.615384615384617,16.153846153846153,54.61538461538461,0.0
E00016815,4.504504504504505,12.612612612612613,42.34234234234234,40.54054054054054,0.0
E00016818,3.7313432835820897,7.462686567164179,36.56716417910448,51.492537313432834,0.746268656716418
E00016819,3.5398230088495577,23.008849557522122,24.778761061946902,48.67256637168141,0.0
E00016778,2.127659574468085,10.638297872340425,18.43971631205674,68.79432624113475,0.0
E00016788,3.389830508474576,9.322033898305085,41.52542372881356,45.76271186440678,0.0
E00016791,8.527131782945736,17.829457364341085,17.05426356589147,56.58914728682171,0.0
E00016800,3.5398230088495577,14.15929203539823,14.15929203539823,68.14159292035399,0.0
E00016820,2.803738317757009,12.149532710280374,6.542056074766355,78.50467289719626,0.0
E00016823,3.90625,6.25,21.875,67.96875,0.0
E00016300,0.6622516556291391,8.609271523178808,13.907284768211921,76.82119205298014,0.0
E00016310,1.098901098901099,19.78021978021978,71.42857142857143,7.6923076923076925,0.0
E00016312,4.929577464788732,6.338028169014085,25.35211267605634,63.38028169014085,0.0
E00016343,1.408450704225352,23.239436619718308,72.53521126760563,2.816901408450704,0.0
E00016344,2.512562814070352,11.557788944723619,22.110552763819097,63.81909547738694,0.0
E00016301,3.6363636363636362,7.878787878787879,52.121212121212125,36.36363636363637,0.0
E00016302,5.785123966942149,18.181818181818183,15.702479338842975,60.33057851239669,0.0
E00016316,26.89075630252101,26.89075630252101,14.285714285714286,31.932773109243698,0.0
E00016338,0.0,9.714285714285714,49.714285714285715,40.57142857142857,0.0
E00016342,9.174311926605505,28.440366972477065,32.11009174311926,30.275229357798164,0.0
E00016303,1.7341040462427746,4.624277456647399,38.15028901734104,55.49132947976879,0.0
E00016304,2.4390243902439024,4.2682926829268295,35.97560975609756,57.31707317073171,0.0
E00016313,1.8867924528301887,5.660377358490566,63.20754716981132,29.245283018867923,0.0
E00016318,0.7874015748031497,5.511811023622047,81.10236220472441,12.598425196850394,0.0
E00016345,1.6260162601626016,8.94308943089431,46.34146341463415,43.08943089430894,0.0
E00016307,2.9940119760479043,4.790419161676646,14.37125748502994,77.8443113772455,0.0
E00016314,5.343511450381679,14.50381679389313,25.19083969465649,54.961832061068705,0.0
E00016319,0.7936507936507936,7.142857142857143,20.634920634920636,71.42857142857143,0.0
E00016321,5.9523809523809526,9.523809523809524,5.9523809523809526,78.57142857142857,0.0
E00016322,2.840909090909091,6.818181818181818,28.40909090909091,61.93181818181818,0.0
E00016305,4.273504273504273,22.22222222222222,23.931623931623932,49.572649572649574,0.0
E00016306,5.232558139534884,8.720930232558139,18.023255813953487,68.02325581395348,0.0
E00016308,2.5806451612903225,9.67741935483871,7.096774193548387,80.64516129032258,0.0
E00016315,3.58974358974359,12.307692307692308,18.46153846153846,65.64102564102564,0.0
E00016317,3.278688524590164,9.01639344262295,34.42622950819672,53.278688524590166,0.0
E00016320,1.639344262295082,14.754098360655737,32.78688524590164,50.81967213114754,0.0
E00016779,4.49438202247191,11.235955056179776,41.57303370786517,42.69662921348315,0.0
E00016789,2.0689655172413794,37.93103448275862,28.96551724137931,31.03448275862069,0.0
E00016797,2.7586206896551726,41.37931034482759,33.10344827586207,22.75862068965517,0.0
E00016798,4.45859872611465,10.19108280254777,14.64968152866242,70.70063694267516,0.0
E00016821,8.588957055214724,12.269938650306749,8.588957055214724,70.5521472392638,0.0
E00016780,4.761904761904762,2.9761904761904763,0.5952380952380952,91.66666666666667,0.0
E00016782,2.8735632183908044,20.114942528735632,5.172413793103448,71.83908045977012,0.0
E00016790,2.1739130434782608,1.0869565217391304,0.0,96.73913043478261,0.0
E00016792,1.1363636363636365,1.1363636363636365,4.545454545454546,93.18181818181819,0.0
E00016795,3.4482758620689653,8.620689655172415,35.3448275862069,52.58620689655172,0.0
E00016783,0.6211180124223602,11.801242236024844,35.40372670807454,52.17391304347826,0.0
E00016802,1.2422360248447204,13.664596273291925,26.08695652173913,59.006211180124225,0.0
E00016807,1.5463917525773196,11.855670103092784,24.742268041237114,61.855670103092784,0.0
E00016809,4.2682926829268295,8.536585365853659,29.26829268292683,57.926829268292686,0.0
E00016810,4.137931034482759,11.03448275862069,39.310344827586206,45.51724137931034,0.0
E00016784,4.065040650406504,8.94308943089431,30.89430894308943,56.09756097560975,0.0
E00016811,5.0359712230215825,9.352517985611511,38.84892086330935,46.76258992805755,0.0
E00016812,1.639344262295082,13.114754098360656,60.65573770491803,24.59016393442623,0.0
E00016816,3.8095238095238093,8.571428571428571,51.42857142857143,36.19047619047619,0.0
E00016817,5.128205128205129,12.820512820512821,61.53846153846154,20.512820512820515,0.0
E00016785,0.0,4.310344827586207,20.689655172413794,75.0,0.0
E00016786,3.0,6.0,77.0,14.0,0.0
E00016787,1.0830324909747293,0.36101083032490977,0.7220216606498195,97.83393501805054,0.0
E00016822,5.384615384615385,9.23076923076923,43.07692307692308,42.30769230769231,0.0
E00016824,7.766990291262136,10.679611650485437,53.398058252427184,28.155339805825243,0.0
E00016445,7.462686567164179,8.955223880597014,12.686567164179104,70.8955223880597,0.0
E00016448,13.6,61.6,16.8,8.0,0.0
E00016452,54.47154471544715,18.69918699186992,0.8130081300813008,26.016260162601625,0.0
E00016454,8.403361344537815,44.53781512605042,7.563025210084033,39.49579831932773,0.0
E00016455,4.385964912280702,10.526315789473685,26.31578947368421,58.771929824561404,0.0
E00016446,1.7647058823529411,4.117647058823529,10.0,83.52941176470588,0.5882352941176471
E00016453,3.278688524590164,4.918032786885246,4.098360655737705,87.70491803278688,0.0
E00016456,3.90625,10.15625,2.34375,83.59375,0.0
E00016457,3.676470588235294,4.411764705882353,9.558823529411764,82.3529411764706,0.0
E00016462,2.5477707006369426,3.821656050955414,21.019108280254777,72.61146496815287,0.0
E00173944,1.408450704225352,2.816901408450704,9.859154929577464,85.91549295774648,0.0
E00173945,0.746268656716418,9.701492537313433,3.7313432835820897,85.82089552238806,0.0
E00016444,9.649122807017545,21.92982456140351,11.403508771929825,57.01754385964912,0.0
E00016484,22.62773722627737,36.496350364963504,12.408759124087592,28.467153284671532,0.0
E00016485,0.8264462809917356,1.6528925619834711,1.6528925619834711,95.86776859504133,0.0
E00016488,14.912280701754385,72.80701754385964,4.385964912280702,7.894736842105263,0.0
E00016489,12.135922330097088,19.902912621359224,1.941747572815534,66.01941747572816,0.0
E00016443,16.153846153846153,29.23076923076923,30.76923076923077,23.846153846153847,0.0
E00016483,3.6036036036036037,6.306306306306307,19.81981981981982,70.27027027027027,0.0
E00016486,4.316546762589928,17.26618705035971,38.84892086330935,39.568345323741006,0.0
E00016487,2.4,20.0,20.0,57.6,0.0
