OA11CD,0-18,19-65,66+
E00016115,25.308641975308642,59.25925925925926,15.432098765432098
E00016136,29.87012987012987,57.79220779220779,12.337662337662337
E00016137,31.27962085308057,58.76777251184834,9.95260663507109
E00016138,26.70807453416149,62.732919254658384,10.559006211180124
E00016139,28.143712574850298,66.46706586826348,5.389221556886228
E00016116,32.03883495145631,61.650485436893206,6.310679611650485
E00016129,27.979274611398964,67.35751295336787,4.66321243523316
E00016142,26.17801047120419,66.2303664921466,7.591623036649215
E00016144,22.485207100591715,72.7810650887574,4.733727810650888
E00016145,24.06015037593985,71.42857142857143,4.511278195488722
E00016150,36.46408839779006,60.773480662983424,2.7624309392265194
E00016117,30.45977011494253,60.91954022988506,8.620689655172415
E00016132,33.333333333333336,62.34567901234568,4.320987654320987
E00016143,25.118483412322274,66.35071090047393,8.530805687203792
E00016147,24.277456647398843,67.05202312138728,8.670520231213873
E00016153,23.870967741935484,67.74193548387096,8.387096774193548
E00016141,27.210884353741495,57.82312925170068,14.965986394557824
E00016146,27.624309392265193,61.32596685082873,11.049723756906078
E00016148,23.60248447204969,59.62732919254658,16.770186335403725
E00016149,25.185185185185187,68.14814814814815,6.666666666666667
E00016151,24.840764331210192,63.69426751592356,11.464968152866241
E00016152,26.229508196721312,68.85245901639344,4.918032786885246
E00016126,18.93491124260355,59.76331360946745,21.301775147928993
E00016127,24.186046511627907,61.86046511627907,13.953488372093023
E00016131,25.0,63.333333333333336,11.666666666666666
E00016134,22.2972972972973,57.432432432432435,20.27027027027027
E00016140,23.225806451612904,63.225806451612904,13.548387096774194
E00016118,17.435897435897434,63.58974358974359,18.974358974358974
E00016154,19.883040935672515,55.55555555555556,24.56140350877193
E00016155,24.892703862660944,67.81115879828326,7.296137339055794
E00016156,19.487179487179485,63.58974358974359,16.923076923076923
E00016157,24.30939226519337,69.06077348066299,6.629834254143646
E00016112,19.642857142857142,62.5,17.857142857142858
E00016119,23.668639053254438,62.72189349112426,13.609467455621301
E00016121,27.659574468085108,63.829787234042556,8.51063829787234
E00016123,23.45679012345679,61.111111111111114,15.432098765432098
E00016158,19.871794871794872,66.66666666666667,13.461538461538462
E00016113,22.63157894736842,60.0,17.36842105263158
E00016120,27.38095238095238,63.095238095238095,9.523809523809524
E00016122,26.237623762376238,62.87128712871287,10.891089108910892
E00016124,37.27810650887574,52.662721893491124,10.059171597633137
E00016125,31.794871794871796,56.92307692307692,11.282051282051283
E00016114,25.0,64.02439024390245,10.975609756097562
E00016128,24.096385542168676,62.65060240963855,13.25301204819277
E00016130,17.80821917808219,68.4931506849315,13.698630136986301
E00016133,23.863636363636363,69.88636363636364,6.25
E00016135,18.78787878787879,66.06060606060606,15.151515151515152
E00016178,24.050632911392405,59.49367088607595,16.455696202531644
E00016179,20.114942528735632,72.41379310344827,7.471264367816092
E00016180,24.503311258278146,56.29139072847682,19.205298013245034
E00016187,27.528089887640448,52.80898876404494,19.662921348314608
E00016189,26.797385620915033,56.86274509803921,16.33986928104575
E00016159,24.22360248447205,58.38509316770186,17.391304347826086
E00016173,21.73913043478261,67.0807453416149,11.180124223602485
E00016176,28.571428571428573,64.62585034013605,6.802721088435374
E00016184,11.016949152542374,76.27118644067797,12.711864406779661
E00016186,16.740088105726873,76.65198237885463,6.607929515418502
E00016188,14.388489208633093,67.62589928057554,17.985611510791365
E00016166,21.62162162162162,69.36936936936937,9.00900900900901
E00016167,22.834645669291337,54.330708661417326,22.834645669291337
E00016171,13.432835820895523,80.59701492537313,5.970149253731344
E00016174,25.0,59.55882352941177,15.441176470588236
E00016204,17.6056338028169,66.90140845070422,15.492957746478874
E00016206,21.62162162162162,70.94594594594595,7.4324324324324325
E00016164,18.452380952380953,66.66666666666667,14.880952380952381
E00016170,22.857142857142858,71.83673469387755,5.3061224489795915
E00016175,16.233766233766232,73.37662337662337,10.38961038961039
E00016181,17.532467532467532,70.77922077922078,11.688311688311689
E00016182,25.396825396825395,64.55026455026454,10.052910052910052
E00016160,20.858895705521473,54.60122699386503,24.539877300613497
E00016183,18.796992481203006,62.40601503759399,18.796992481203006
E00016185,17.24137931034483,55.172413793103445,27.586206896551722
E00016191,15.602836879432624,59.57446808510638,24.822695035460992
E00016195,20.833333333333332,59.72222222222222,19.444444444444443
E00016197,14.583333333333334,76.38888888888889,9.027777777777779
E00016161,19.148936170212767,65.42553191489361,15.425531914893616
E00016190,17.0,60.0,23.0
E00016192,23.417721518987342,67.72151898734177,8.860759493670885
E00016193,16.52173913043478,77.3913043478261,6.086956521739131
E00016194,16.939890710382514,77.04918032786885,6.0109289617486334
E00016196,22.083333333333332,69.58333333333333,8.333333333333334
E00016162,24.46043165467626,67.62589928057554,7.913669064748201
E00016198,36.111111111111114,59.12698412698413,4.761904761904762
E00016202,22.22222222222222,70.51282051282051,7.264957264957265
E00016205,8.108108108108109,79.27927927927928,12.612612612612613
E00016208,27.848101265822784,64.55696202531645,7.594936708860759
E00016199,25.301204819277107,63.855421686746986,10.843373493975903
E00016200,27.167630057803468,65.89595375722543,6.936416184971098
E00016201,16.666666666666668,76.85185185185185,6.481481481481482
E00016203,48.0,52.0,0.0
E00016207,31.192660550458715,64.22018348623853,4.587155963302752
E00016163,25.146198830409357,67.25146198830409,7.60233918128655
E00016165,24.84472049689441,62.11180124223603,13.043478260869565
E00016168,11.458333333333334,77.08333333333333,11.458333333333334
E00016169,24.264705882352942,59.55882352941177,16.176470588235293
E00016172,12.698412698412698,74.60317460317461,12.698412698412698
E00016177,15.942028985507246,76.81159420289855,7.246376811594203
E00016210,16.49484536082474,68.04123711340206,15.463917525773196
E00016239,16.428571428571427,75.0,8.571428571428571
E00016240,19.27710843373494,77.51004016064257,3.21285140562249
E00016241,23.333333333333332,65.55555555555556,11.11111111111111
E00016245,24.022346368715084,70.39106145251397,5.58659217877095
E00016211,20.81218274111675,72.58883248730965,6.598984771573604
E00016213,19.138755980861244,73.20574162679426,7.655502392344498
E00016244,13.372093023255815,77.32558139534883,9.30232558139535
E00016250,20.245398773006134,73.61963190184049,6.134969325153374
E00174011,17.391304347826086,82.6086956521739,0.0
E00174032,8.51063829787234,86.52482269503547,4.964539007092198
E00174033,29.09090909090909,63.63636363636363,7.2727272727272725
E00016216,17.5531914893617,77.12765957446808,5.319148936170213
E00016236,19.78319783197832,76.42276422764228,3.794037940379404
E00016246,24.0,66.0,10.0
E00016248,13.609467455621301,80.4733727810651,5.9171597633136095
E00016252,16.06217616580311,77.72020725388602,6.217616580310881
E00016219,10.365853658536585,81.70731707317073,7.926829268292683
E00016220,18.51851851851852,72.22222222222223,9.25925925925926
E00016221,20.754716981132077,75.47169811320755,3.7735849056603774
E00016223,9.615384615384615,84.61538461538461,5.769230769230769
E00016225,19.834710743801654,73.55371900826447,6.6115702479338845
E00016255,21.05263157894737,71.05263157894737,7.894736842105263
E00016214,12.735849056603774,77.35849056603773,9.90566037735849
E00016215,17.532467532467532,72.72727272727273,9.74025974025974
E00016217,16.666666666666668,70.3125,13.020833333333334
E00016237,11.797752808988765,78.65168539325843,9.55056179775281
E00016247,17.56756756756757,74.32432432432432,8.108108108108109
E00016253,12.080536912751677,82.5503355704698,5.369127516778524
E00016218,20.17543859649123,77.19298245614036,2.6315789473684212
E00016222,22.085889570552148,71.77914110429448,6.134969325153374
E00016224,20.945945945945947,72.29729729729729,6.756756756756757
E00016226,31.318681318681318,61.53846153846154,7.142857142857143
E00016227,13.48314606741573,80.52434456928839,5.992509363295881
E00016228,25.870646766169155,65.67164179104478,8.457711442786069
E00016229,14.977973568281937,77.5330396475771,7.488986784140969
E00016230,27.0935960591133,65.02463054187191,7.8817733990147785
E00016231,22.340425531914892,69.14893617021276,8.51063829787234
E00016232,25.654450261780106,69.10994764397905,5.2356020942408374
E00016233,23.923444976076556,72.72727272727273,3.349282296650718
E00016209,21.428571428571427,75.39682539682539,3.1746031746031744
E00016235,16.666666666666668,80.24691358024691,3.0864197530864197
E00016238,16.93121693121693,70.37037037037037,12.698412698412698
E00173941,13.832853025936599,83.57348703170028,2.5936599423631126
E00173942,16.431924882629108,82.15962441314554,1.408450704225352
E00016261,19.306930693069308,70.29702970297029,10.396039603960396
E00016282,20.85308056872038,68.24644549763033,10.90047393364929
E00016288,30.241935483870968,64.51612903225806,5.241935483870968
E00016289,30.057803468208093,65.3179190751445,4.624277456647399
E00016294,15.894039735099337,70.19867549668874,13.907284768211921
E00016281,24.324324324324323,63.24324324324324,12.432432432432432
E00016290,26.11111111111111,61.666666666666664,12.222222222222221
E00016292,24.161073825503355,63.758389261744966,12.080536912751677
E00016293,18.784530386740332,65.74585635359117,15.469613259668508
E00016295,23.036649214659686,63.87434554973822,13.089005235602095
E00016258,24.663677130044842,61.88340807174888,13.452914798206278
E00016259,22.839506172839506,59.876543209876544,17.28395061728395
E00016298,26.0,63.2,10.8
E00016299,26.027397260273972,63.013698630136986,10.95890410958904
E00016260,22.959183673469386,63.775510204081634,13.26530612244898
E00016262,22.69503546099291,58.156028368794324,19.148936170212767
E00016266,24.623115577889447,63.31658291457286,12.06030150753769
E00016267,25.595238095238095,57.73809523809524,16.666666666666668
E00016271,22.608695652173914,60.43478260869565,16.956521739130434
E00016274,22.660098522167488,66.99507389162562,10.344827586206897
E00016276,14.356435643564357,71.2871287128713,14.356435643564357
E00016277,20.634920634920636,69.31216931216932,10.052910052910052
E00016278,23.80952380952381,63.69047619047619,12.5
E00016285,16.025641025641026,71.7948717948718,12.179487179487179
E00016257,22.33502538071066,64.46700507614213,13.197969543147208
E00016263,16.964285714285715,70.53571428571429,12.5
E00016265,19.06779661016949,67.79661016949153,13.135593220338983
E00016268,18.061674008810574,63.87665198237885,18.061674008810574
E00016291,30.035335689045937,59.01060070671378,10.954063604240282
E00016256,20.930232558139537,62.2093023255814,16.86046511627907
E00016284,20.863309352517987,67.62589928057554,11.510791366906474
E00016286,25.0,63.46153846153846,11.538461538461538
E00016296,20.14388489208633,71.22302158273381,8.633093525179856
E00016297,26.0,61.5,12.5
E00016264,16.463414634146343,60.97560975609756,22.5609756097561
E00016269,22.52747252747253,64.83516483516483,12.637362637362637
E00016270,16.89189189189189,64.1891891891892,18.91891891891892
E00016272,23.295454545454547,62.5,14.204545454545455
E00016273,15.428571428571429,74.28571428571429,10.285714285714286
E00016275,28.50467289719626,62.61682242990654,8.878504672897197
E00016279,23.976608187134502,63.1578947368421,12.865497076023392
E00016280,21.05263157894737,63.1578947368421,15.789473684210526
E00016283,25.641025641025642,65.64102564102564,8.717948717948717
E00016287,27.0,58.0,15.0
E00016335,18.58407079646018,63.716814159292035,17.699115044247787
E00016336,19.553072625698324,65.36312849162012,15.083798882681565
E00016339,29.050279329608937,59.77653631284916,11.1731843575419
E00016340,28.10810810810811,64.86486486486487,7.027027027027027
E00016341,26.623376623376622,61.688311688311686,11.688311688311689
E00016300,17.05426356589147,76.74418604651163,6.2015503875969
E00016310,19.834710743801654,65.2892561983471,14.87603305785124
E00016312,20.95808383233533,70.05988023952096,8.982035928143713
E00016343,22.52747252747253,63.18681318681319,14.285714285714286
E00016344,16.194331983805668,76.11336032388664,7.6923076923076925
E00016301,24.324324324324323,66.66666666666667,9.00900900900901
E00016302,18.620689655172413,72.41379310344827,8.96551724137931
E00016316,22.981366459627328,61.49068322981366,15.527950310559007
E00016338,17.318435754189945,68.71508379888269,13.966480446927374
E00016342,32.19178082191781,59.58904109589041,8.219178082191782
E00016303,18.26923076923077,70.67307692307692,11.057692307692308
E00016304,17.51412429378531,74.01129943502825,8.474576271186441
E00016313,24.21875,71.09375,4.6875
E00016318,26.875,61.25,11.875
E00016345,20.714285714285715,68.57142857142857,10.714285714285714
E00016307,24.75728155339806,61.16504854368932,14.077669902912621
E00016314,21.05263157894737,66.44736842105263,12.5
E00016319,15.702479338842975,68.59504132231405,15.702479338842975
E00016321,18.823529411764707,77.05882352941177,4.117647058823529
E00016322,24.890829694323145,67.24890829694323,7.860262008733624
E00016305,26.760563380281692,64.08450704225352,9.154929577464788
E00016306,21.637426900584796,69.00584795321637,9.35672514619883
E00016308,25.870646766169155,68.65671641791045,5.472636815920398
E00016315,23.555555555555557,71.55555555555556,4.888888888888889
E00016317,27.814569536423843,63.57615894039735,8.609271523178808
E00016320,21.794871794871796,75.64102564102564,2.5641025641025643
E00016309,15.131578947368421,75.0,9.868421052631579
E00016323,16.91176470588235,70.58823529411765,12.5
E00016324,21.31979695431472,72.58883248730965,6.091370558375634
E00016325,22.54335260115607,71.09826589595376,6.358381502890174
E00016327,27.906976744186046,62.7906976744186,9.30232558139535
E00016326,33.66834170854271,56.78391959798995,9.547738693467336
E00016329,31.277533039647576,59.91189427312775,8.810572687224669
E00016332,29.2,54.0,16.8
E00016333,23.80952380952381,68.02721088435374,8.16326530612245
E00016337,28.155339805825243,59.22330097087379,12.62135922330097
E00016311,25.0,65.85365853658537,9.146341463414634
E00016328,27.7027027027027,64.1891891891892,8.108108108108109
E00016330,24.576271186440678,63.559322033898304,11.864406779661017
E00016331,24.742268041237114,61.34020618556701,13.917525773195877
E00016334,26.446280991735538,63.63636363636363,9.917355371900827
E00016361,25.0,61.206896551724135,13.793103448275861
E00016363,25.294117647058822,68.23529411764706,6.470588235294118
E00016366,29.927007299270073,59.12408759124087,10.94890510948905
E00016367,26.373626373626372,64.83516483516483,8.791208791208792
E00016368,21.27659574468085,64.53900709219859,14.184397163120567
E00016350,23.926380368098158,68.09815950920246,7.975460122699387
E00016369,24.102564102564102,68.2051282051282,7.6923076923076925
E00016370,27.225130890052355,65.44502617801047,7.329842931937173
E00016371,31.547619047619047,61.904761904761905,6.5476190476190474
E00016374,23.703703703703702,65.18518518518519,11.11111111111111
E00016352,29.285714285714285,60.714285714285715,10.0
E00016373,27.184466019417474,60.19417475728155,12.62135922330097
E00016378,25.757575757575758,63.13131313131313,11.11111111111111
E00016381,24.51923076923077,64.42307692307692,11.057692307692308
E00016382,20.863309352517987,67.62589928057554,11.510791366906474
E00016348,26.612903225806452,59.67741935483871,13.709677419354838
E00016372,27.604166666666668,64.0625,8.333333333333334
E00016375,27.586206896551722,68.10344827586206,4.310344827586207
E00016377,25.806451612903224,64.51612903225806,9.67741935483871
E00016379,23.312883435582823,66.25766871165644,10.429447852760736
E00016349,28.50467289719626,61.21495327102804,10.280373831775702
E00016351,25.384615384615383,59.61538461538461,15.0
E00016376,27.932960893854748,59.21787709497207,12.849162011173185
E00016383,29.473684210526315,59.473684210526315,11.052631578947368
E00016353,23.563218390804597,64.36781609195403,12.068965517241379
E00016360,22.709163346613547,61.75298804780876,15.53784860557769
E00016380,26.31578947368421,62.5,11.18421052631579
E00016389,32.35294117647059,57.64705882352941,10.0
E00016390,29.05982905982906,60.68376068376068,10.256410256410257
E00016392,22.69503546099291,60.283687943262414,17.02127659574468
E00016359,20.786516853932586,58.98876404494382,20.224719101123597
E00016384,21.80851063829787,54.255319148936174,23.93617021276596
E00016385,18.94273127753304,62.55506607929515,18.502202643171806
E00016386,7.801418439716312,47.5177304964539,44.680851063829785
E00016388,16.05839416058394,59.12408759124087,24.817518248175183
E00016346,24.503311258278146,62.25165562913907,13.245033112582782
E00016354,22.900763358778626,66.41221374045801,10.687022900763358
E00016357,31.72043010752688,61.29032258064516,6.989247311827957
E00016358,27.586206896551722,60.3448275862069,12.068965517241379
E00016391,22.285714285714285,64.0,13.714285714285714
E00016403,35.85858585858586,59.5959595959596,4.545454545454546
E00016437,28.076923076923077,61.92307692307692,10.0
E00016439,29.213483146067414,67.41573033707866,3.3707865168539324
E00016442,41.11675126903553,56.34517766497462,2.5380710659898478
E00016399,23.91304347826087,72.46376811594203,3.6231884057971016
E00016401,29.677419354838708,66.45161290322581,3.870967741935484
E00016406,23.026315789473685,75.0,1.9736842105263157
E00016435,24.186046511627907,71.16279069767442,4.651162790697675
E00016412,24.102564102564102,66.15384615384616,9.743589743589743
E00016414,16.568047337278106,74.55621301775147,8.875739644970414
E00016418,18.047337278106507,77.2189349112426,4.733727810650888
E00016422,32.342007434944236,62.45353159851301,5.204460966542751
E00016395,10.74074074074074,78.14814814814815,11.11111111111111
E00016404,11.475409836065573,78.14207650273224,10.382513661202186
E00016405,11.44578313253012,81.32530120481928,7.228915662650603
E00016408,24.022346368715084,72.62569832402235,3.35195530726257
E00016410,17.857142857142858,70.83333333333333,11.30952380952381
E00016438,14.173228346456693,82.67716535433071,3.1496062992125986
E00016402,29.801324503311257,63.57615894039735,6.622516556291391
E00016407,19.41747572815534,78.64077669902913,1.941747572815534
E00016409,23.80952380952381,70.99567099567099,5.194805194805195
E00016411,25.628140703517587,74.37185929648241,0.0
E00016413,21.85792349726776,71.5846994535519,6.557377049180328
E00016398,13.235294117647058,77.20588235294117,9.558823529411764
E00016431,8.860759493670885,84.38818565400844,6.751054852320675
E00016432,15.053763440860216,78.49462365591398,6.451612903225806
E00016434,25.806451612903224,67.28110599078342,6.912442396313364
E00173943,25.13368983957219,69.5187165775401,5.347593582887701
E00173946,7.6923076923076925,76.92307692307692,15.384615384615385
E00016397,15.292353823088456,82.3088455772114,2.39880059970015
E00016433,12.618724559023066,81.27544097693351,6.1058344640434195
E00016436,28.24858757062147,67.79661016949153,3.9548022598870056
E00016440,28.313253012048193,70.48192771084338,1.2048192771084338
E00016441,22.404371584699454,65.02732240437159,12.568306010928962
E00016415,24.074074074074073,67.5925925925926,8.333333333333334
E00016416,20.673076923076923,72.59615384615384,6.730769230769231
E00016419,35.622317596566525,58.36909871244635,6.008583690987124
E00016420,35.62753036437247,59.91902834008097,4.4534412955465585
E00173947,32.0855614973262,65.24064171122994,2.6737967914438503
E00173948,17.0,82.0,1.0
E00016417,24.431818181818183,64.20454545454545,11.363636363636363
E00016421,26.31578947368421,67.76315789473684,5.921052631578948
E00016423,31.638418079096045,62.71186440677966,5.649717514124294
E00016424,32.58426966292135,62.359550561797754,5.056179775280899
E00016427,31.858407079646017,60.176991150442475,7.964601769911504
E00016396,15.652173913043478,72.17391304347827,12.173913043478262
E00016426,22.0,66.66666666666667,11.333333333333334
E00016428,17.48878923766816,75.7847533632287,6.726457399103139
E00016429,11.450381679389313,65.64885496183206,22.900763358778626
E00016430,24.822695035460992,64.53900709219859,10.638297872340425
E00016445,17.218543046357617,73.50993377483444,9.271523178807946
E00016448,17.415730337078653,64.6067415730337,17.97752808988764
E00016452,20.0,62.06896551724138,17.93103448275862
E00016454,23.239436619718308,64.78873239436619,11.971830985915492
E00016455,19.841269841269842,69.84126984126983,10.317460317460318
E00016446,14.893617021276595,75.0,10.106382978723405
E00016453,16.216216216216218,72.07207207207207,11.711711711711711
E00016456,21.568627450980394,69.28104575163398,9.15032679738562
E00016457,13.245033112582782,83.44370860927152,3.3112582781456954
E00016462,19.745222929936304,71.97452229299363,8.280254777070065
E00173944,14.598540145985401,80.2919708029197,5.109489051094891
E00173945,9.090909090909092,87.87878787878788,3.0303030303030303
E00016460,31.155778894472363,63.31658291457286,5.527638190954774
E00016463,26.545454545454547,70.18181818181819,3.272727272727273
E00016467,15.032679738562091,66.66666666666667,18.30065359477124
E00016469,23.497267759562842,71.5846994535519,4.918032786885246
E00016471,31.86813186813187,63.18681318681319,4.945054945054945
E00016472,13.81578947368421,66.44736842105263,19.736842105263158
E00016447,23.870967741935484,67.74193548387096,8.387096774193548
E00016458,20.26143790849673,71.89542483660131,7.8431372549019605
E00016459,23.943661971830984,54.929577464788736,21.12676056338028
E00016464,26.71232876712329,66.43835616438356,6.8493150684931505
E00016465,23.008849557522122,45.13274336283186,31.858407079646017
E00016466,16.774193548387096,60.645161290322584,22.580645161290324
E00016475,31.77570093457944,62.61682242990654,5.607476635514018
E00016476,26.62721893491124,68.04733727810651,5.325443786982248
E00016478,19.51219512195122,75.60975609756098,4.878048780487805
E00016479,33.333333333333336,64.1025641025641,2.5641025641025643
E00016480,30.434782608695652,67.82608695652173,1.7391304347826086
E00016482,28.057553956834532,69.06474820143885,2.8776978417266186
E00016468,22.834645669291337,63.77952755905512,13.385826771653543
E00016470,22.666666666666668,69.33333333333333,8.0
E00016473,27.0935960591133,64.03940886699507,8.866995073891626
E00016474,22.04724409448819,67.71653543307086,10.236220472440944
E00016477,16.260162601626018,73.17073170731707,10.56910569105691
E00016481,23.115577889447238,74.37185929648241,2.512562814070352
E00016444,19.0,68.5,12.5
E00016484,28.29268292682927,59.02439024390244,12.682926829268293
E00016485,32.16374269005848,57.30994152046784,10.526315789473685
E00016488,26.344086021505376,57.526881720430104,16.129032258064516
E00016489,32.22222222222222,55.55555555555556,12.222222222222221
E00016443,24.096385542168676,57.2289156626506,18.674698795180724
E00016483,19.53125,66.40625,14.0625
E00016486,25.225225225225227,65.31531531531532,9.45945945945946
E00016487,26.71232876712329,58.21917808219178,15.068493150684931
E00016491,19.65811965811966,65.8119658119658,14.52991452991453
E00016449,29.19254658385093,63.975155279503106,6.832298136645963
E00016450,19.047619047619047,76.19047619047619,4.761904761904762
E00016451,30.63583815028902,63.005780346820806,6.358381502890174
E00016490,28.712871287128714,65.84158415841584,5.445544554455446
E00016492,26.54320987654321,63.58024691358025,9.876543209876543
E00016513,25.301204819277107,67.46987951807229,7.228915662650603
E00016514,22.88135593220339,61.86440677966102,15.254237288135593
E00016515,18.91891891891892,61.08108108108108,20.0
E00016516,26.285714285714285,67.42857142857143,6.285714285714286
E00016519,19.402985074626866,72.38805970149254,8.208955223880597
E00016521,27.972027972027973,63.63636363636363,8.391608391608392
E00016496,24.342105263157894,65.13157894736842,10.526315789473685
E00016517,21.951219512195124,69.91869918699187,8.130081300813009
E00016518,19.333333333333332,63.333333333333336,17.333333333333332
E00016523,22.31404958677686,66.11570247933884,11.570247933884298
E00016524,24.444444444444443,62.22222222222222,13.333333333333334
E00016525,8.333333333333334,46.2962962962963,45.370370370370374
E00016497,24.64788732394366,71.12676056338029,4.225352112676056
E00016527,25.423728813559322,69.49152542372882,5.084745762711864
E00016528,26.548672566371682,70.79646017699115,2.6548672566371683
E00016531,21.025641025641026,69.23076923076923,9.743589743589743
E00016532,17.355371900826448,77.68595041322314,4.958677685950414
E00016535,25.925925925925927,69.62962962962963,4.444444444444445
E00016520,24.074074074074073,62.34567901234568,13.580246913580247
E00016522,20.88607594936709,62.65822784810127,16.455696202531644
E00016526,18.367346938775512,60.54421768707483,21.08843537414966
E00016529,20.610687022900763,64.12213740458016,15.267175572519085
E00016530,30.72289156626506,56.024096385542165,13.25301204819277
E00016533,20.945945945945947,64.1891891891892,14.864864864864865
E00016534,18.65671641791045,64.17910447761194,17.16417910447761
E00016536,24.18300653594771,58.169934640522875,17.647058823529413
E00016537,29.530201342281877,59.060402684563755,11.409395973154362
E00016538,24.550898203592816,67.06586826347305,8.383233532934131
E00016539,25.142857142857142,58.285714285714285,16.571428571428573
E00016493,27.428571428571427,61.714285714285715,10.857142857142858
E00016499,27.419354838709676,61.29032258064516,11.290322580645162
E00016502,16.666666666666668,72.22222222222223,11.11111111111111
E00016503,15.88785046728972,73.83177570093459,10.280373831775702
E00016507,24.603174603174605,65.07936507936508,10.317460317460318
E00016540,18.51851851851852,66.66666666666667,14.814814814814815
E00016498,20.70063694267516,68.78980891719745,10.509554140127388
E00016500,28.571428571428573,61.30952380952381,10.119047619047619
E00016505,27.45098039215686,62.254901960784316,10.294117647058824
E00016541,16.666666666666668,62.5,20.833333333333332
E00016494,24.861878453038674,64.64088397790056,10.497237569060774
E00016495,18.88888888888889,74.44444444444444,6.666666666666667
E00016501,20.408163265306122,60.40816326530612,19.183673469387756
E00016508,24.175824175824175,56.043956043956044,19.78021978021978
E00016511,20.207253886010363,67.87564766839378,11.917098445595855
E00016504,19.25925925925926,59.25925925925926,21.48148148148148
E00016506,23.214285714285715,60.11904761904762,16.666666666666668
E00016509,17.53554502369668,63.03317535545024,19.43127962085308
E00016510,25.0,59.67741935483871,15.32258064516129
E00016512,17.880794701986755,65.56291390728477,16.556291390728475
E00016573,21.428571428571427,69.23076923076923,9.340659340659341
E00016579,10.15625,80.46875,9.375
E00016580,16.071428571428573,72.76785714285714,11.160714285714286
E00016581,19.727891156462587,72.78911564625851,7.482993197278912
E00016582,13.503649635036496,77.37226277372262,9.124087591240876
E00016564,20.603015075376884,65.82914572864321,13.5678391959799
E00016567,29.914529914529915,64.1025641025641,5.982905982905983
E00016569,24.06417112299465,64.70588235294117,11.229946524064172
E00016571,18.285714285714285,65.14285714285714,16.571428571428573
E00173700,17.391304347826086,69.56521739130434,13.043478260869565
E00173702,18.75,71.875,9.375
E00016546,20.114942528735632,71.83908045977012,8.045977011494253
E00016547,19.23076923076923,69.23076923076923,11.538461538461538
E00016548,20.72538860103627,67.35751295336787,11.917098445595855
E00016550,21.85792349726776,68.30601092896175,9.836065573770492
E00016583,16.03053435114504,64.8854961832061,19.083969465648856
E00016542,22.413793103448278,63.793103448275865,13.793103448275861
E00016552,20.441988950276244,67.95580110497238,11.602209944751381
E00016554,20.863309352517987,70.50359712230215,8.633093525179856
E00016555,17.51412429378531,51.9774011299435,30.508474576271187
E00016556,22.950819672131146,65.02732240437159,12.021857923497267
E00016543,17.02127659574468,76.59574468085107,6.382978723404255
E00016545,31.06382978723404,61.276595744680854,7.659574468085107
E00016549,29.26829268292683,60.48780487804878,10.24390243902439
E00016551,25.806451612903224,59.274193548387096,14.919354838709678
E00016553,31.65829145728643,60.301507537688444,8.040201005025125
E00016558,16.260162601626018,77.23577235772358,6.504065040650406
E00016561,14.093959731543624,76.51006711409396,9.395973154362416
E00016566,18.954248366013072,71.89542483660131,9.15032679738562
E00016568,20.224719101123597,70.78651685393258,8.98876404494382
E00016572,15.894039735099337,77.48344370860927,6.622516556291391
E00016575,12.698412698412698,81.74603174603175,5.555555555555555
E00016557,25.0,68.75,6.25
E00016559,17.2972972972973,78.37837837837837,4.324324324324325
E00016560,15.822784810126583,77.21518987341773,6.962025316455696
E00016562,18.6046511627907,71.51162790697674,9.883720930232558
E00016563,22.22222222222222,69.23076923076923,8.547008547008547
E00016565,16.025641025641026,74.35897435897436,9.615384615384615
E00016544,15.96244131455399,68.54460093896714,15.492957746478874
E00016574,12.837837837837839,70.27027027027027,16.89189189189189
E00016576,21.604938271604937,70.98765432098766,7.407407407407407
E00016577,21.359223300970875,69.90291262135922,8.737864077669903
E00016578,15.503875968992247,71.31782945736434,13.178294573643411
E00016613,23.85786802030457,58.88324873096447,17.258883248730964
E00016614,26.540284360189574,60.18957345971564,13.270142180094787
E00016615,26.666666666666668,62.22222222222222,11.11111111111111
E00016618,28.395061728395063,61.72839506172839,9.876543209876543
E00016621,22.580645161290324,70.96774193548387,6.451612903225806
E00016609,19.014084507042252,64.08450704225352,16.901408450704224
E00016617,25.139664804469273,58.100558659217874,16.75977653631285
E00016619,21.656050955414013,59.87261146496815,18.471337579617835
E00016620,24.050632911392405,59.49367088607595,16.455696202531644
E00016622,18.38235294117647,69.8529411764706,11.764705882352942
E00016584,20.253164556962027,73.10126582278481,6.6455696202531644
E00016596,25.257731958762886,69.0721649484536,5.670103092783505
E00016598,19.23076923076923,68.46153846153847,12.307692307692308
E00016623,15.151515151515152,82.32323232323232,2.525252525252525
E00174036,9.01639344262295,81.14754098360656,9.836065573770492
E00174038,18.13953488372093,73.48837209302326,8.372093023255815
E00016585,20.54054054054054,69.72972972972973,9.72972972972973
E00016593,24.186046511627907,62.325581395348834,13.488372093023257
E00016600,21.21212121212121,63.63636363636363,15.151515151515152
E00016602,23.076923076923077,64.74358974358974,12.179487179487179
E00016624,14.598540145985401,75.91240875912409,9.489051094890511
E00016625,13.88888888888889,69.44444444444444,16.666666666666668
E00016587,22.01834862385321,66.5137614678899,11.46788990825688
E00016594,23.49397590361446,69.27710843373494,7.228915662650603
E00016605,20.91254752851711,73.38403041825094,5.7034220532319395
E00016608,25.742574257425744,60.396039603960396,13.861386138613861
E00016626,26.035502958579883,56.80473372781065,17.159763313609467
E00016588,22.4390243902439,61.46341463414634,16.097560975609756
E00016592,26.353790613718413,57.40072202166065,16.24548736462094
E00016604,20.0,60.0,20.0
E00016611,16.9811320754717,77.35849056603773,5.660377358490566
E00016612,19.10112359550562,64.04494382022472,16.853932584269664
E00016616,17.901234567901234,78.39506172839506,3.7037037037037037
E00016589,24.2603550295858,56.21301775147929,19.526627218934912
E00016595,33.68983957219251,60.962566844919785,5.347593582887701
E00016597,22.916666666666668,51.041666666666664,26.041666666666668
E00016599,25.766871165644172,64.41717791411043,9.815950920245399
E00016601,27.272727272727273,60.962566844919785,11.764705882352942
E00016607,13.461538461538462,57.69230769230769,28.846153846153847
E00016590,21.50537634408602,64.51612903225806,13.978494623655914
E00016591,25.301204819277107,62.65060240963855,12.048192771084338
E00016603,23.137254901960784,61.96078431372549,14.901960784313726
E00016606,28.395061728395063,60.08230452674897,11.522633744855968
E00016610,28.07017543859649,63.1578947368421,8.771929824561404
E00016635,15.613382899628252,76.57992565055763,7.806691449814126
E00016640,15.591397849462366,47.8494623655914,36.55913978494624
E00016641,24.380165289256198,67.35537190082644,8.264462809917354
E00016642,20.982142857142858,68.30357142857143,10.714285714285714
E00016643,7.777777777777778,61.666666666666664,30.555555555555557
E00016630,12.138728323699421,75.72254335260115,12.138728323699421
E00016647,21.794871794871796,73.07692307692308,5.128205128205129
E00016648,15.584415584415584,77.27272727272727,7.142857142857143
E00016649,13.432835820895523,69.40298507462687,17.16417910447761
E00016651,18.779342723004696,75.11737089201878,6.103286384976526
E00016629,23.5,62.5,14.0
E00016650,20.0,71.66666666666667,8.333333333333334
E00016652,25.53191489361702,56.02836879432624,18.43971631205674
E00016654,26.89075630252101,65.54621848739495,7.563025210084033
E00016657,21.804511278195488,68.42105263157895,9.774436090225564
E00016653,22.07792207792208,64.28571428571429,13.636363636363637
E00016655,24.431818181818183,73.29545454545455,2.272727272727273
E00016656,23.49397590361446,68.07228915662651,8.433734939759036
E00016662,20.0,71.2,8.8
E00016664,16.766467065868262,74.8502994011976,8.383233532934131
E00016631,16.455696202531644,74.0506329113924,9.49367088607595
E00016658,23.12925170068027,68.02721088435374,8.843537414965986
E00016659,25.324675324675326,63.63636363636363,11.03896103896104
E00016660,20.526315789473685,67.89473684210526,11.578947368421053
E00016663,12.849162011173185,83.24022346368714,3.910614525139665
E00016632,30.35143769968051,64.21725239616613,5.431309904153355
E00016666,22.52747252747253,65.38461538461539,12.087912087912088
E00016667,24.88479262672811,65.43778801843318,9.67741935483871
E00016669,24.786324786324787,62.39316239316239,12.820512820512821
E00016673,20.786516853932586,64.6067415730337,14.606741573033707
E00016633,18.579234972677597,75.95628415300547,5.46448087431694
E00016636,7.6923076923076925,91.84149184149184,0.4662004662004662
E00016638,16.490658001624695,82.12835093419984,1.380991064175467
E00016639,29.01023890784983,67.23549488054607,3.7542662116040955
E00016674,23.04147465437788,70.50691244239631,6.451612903225806
E00174018,9.40766550522648,89.89547038327527,0.6968641114982579
E00174019,15.74074074074074,73.14814814814815,11.11111111111111
E00174021,20.754716981132077,75.47169811320755,3.7735849056603774
E00016680,14.17910447761194,75.3731343283582,10.447761194029852
E00016716,23.80952380952381,75.5952380952381,0.5952380952380952
E00016717,22.33009708737864,77.66990291262135,0.0
E00016719,28.571428571428573,67.42857142857143,4.0
E00016720,21.428571428571427,77.14285714285714,1.4285714285714286
E00016725,28.0,71.0,1.0
E00016678,20.666666666666668,66.0,13.333333333333334
E00016722,31.632653061224488,63.775510204081634,4.591836734693878
E00016724,14.285714285714286,81.63265306122449,4.081632653061225
E00016727,17.964071856287426,73.65269461077844,8.383233532934131
E00016706,20.858895705521473,72.39263803680981,6.748466257668712
E00016708,21.830985915492956,70.4225352112676,7.746478873239437
E00016709,25.123152709359605,67.48768472906404,7.389162561576355
E00016714,20.118343195266274,72.7810650887574,7.100591715976331
E00016715,20.54054054054054,72.43243243243244,7.027027027027027
E00016676,22.0,66.66666666666667,11.333333333333334
E00016685,21.341463414634145,65.85365853658537,12.804878048780488
E00016690,13.432835820895523,76.11940298507463,10.447761194029852
E00016691,17.037037037037038,75.55555555555556,7.407407407407407
E00016726,35.2112676056338,61.971830985915496,2.816901408450704
E00016675,21.53846153846154,72.3076923076923,6.153846153846154
E00016677,10.465116279069768,87.44186046511628,2.0930232558139537
E00016683,20.0,77.6923076923077,2.3076923076923075
E00016697,22.75862068965517,71.72413793103448,5.517241379310345
E00173940,22.62773722627737,69.34306569343066,8.02919708029197
E00173949,24.88262910798122,74.17840375586854,0.9389671361502347
E00016684,20.27972027972028,74.82517482517483,4.895104895104895
E00016687,19.318181818181817,78.4090909090909,2.272727272727273
E00016694,28.50467289719626,68.69158878504673,2.803738317757009
E00016718,22.69503546099291,59.57446808510638,17.73049645390071
E00016721,23.008849557522122,64.60176991150442,12.389380530973451
E00016723,15.873015873015873,73.01587301587301,11.11111111111111
E00016688,23.140495867768596,58.67768595041322,18.181818181818183
E00016695,22.727272727272727,56.81818181818182,20.454545454545453
E00016705,12.418300653594772,86.27450980392157,1.3071895424836601
E00016710,26.174496644295303,70.46979865771812,3.3557046979865772
E00016712,8.64864864864865,88.10810810810811,3.2432432432432434
E00016682,10.989010989010989,87.91208791208791,1.098901098901099
E00016686,23.163841807909606,70.62146892655367,6.214689265536723
E00016699,25.34246575342466,65.75342465753425,8.904109589041095
E00016702,12.435233160621761,78.23834196891191,9.32642487046632
E00016707,13.28125,80.078125,6.640625
E00016711,20.192307692307693,75.0,4.8076923076923075
E00016679,16.666666666666668,65.94202898550725,17.391304347826086
E00016689,17.77777777777778,69.62962962962963,12.592592592592593
E00016693,17.575757575757574,67.87878787878788,14.545454545454545
E00016701,29.04564315352697,66.39004149377594,4.564315352697095
E00173939,27.486910994764397,67.27748691099477,5.2356020942408374
E00016750,18.65671641791045,73.88059701492537,7.462686567164179
E00016752,21.511627906976745,59.883720930232556,18.6046511627907
E00016753,23.214285714285715,68.45238095238095,8.333333333333334
E00016758,22.023809523809526,69.64285714285714,8.333333333333334
E00016763,21.21212121212121,67.27272727272727,11.515151515151516
E00016738,17.621145374449338,65.63876651982379,16.740088105726873
E00016739,25.53191489361702,65.42553191489361,9.042553191489361
E00016740,20.441988950276244,69.06077348066299,10.497237569060774
E00016749,21.839080459770116,72.41379310344827,5.747126436781609
E00016755,24.71042471042471,63.706563706563706,11.583011583011583
E00016728,27.131782945736433,62.7906976744186,10.077519379844961
E00016764,15.702479338842975,76.85950413223141,7.43801652892562
E00016766,24.615384615384617,62.05128205128205,13.333333333333334
E00016768,24.161073825503355,71.14093959731544,4.697986577181208
E00016772,21.53846153846154,65.12820512820512,13.333333333333334
E00016737,20.0,74.0,6.0
E00016748,18.89763779527559,69.29133858267717,11.811023622047244
E00016756,30.87248322147651,61.07382550335571,8.053691275167786
E00016760,17.1875,78.64583333333333,4.166666666666667
E00173704,14.893617021276595,80.85106382978724,4.25531914893617
E00173705,19.23076923076923,80.76923076923077,0.0
E00173707,0.0,100.0,0.0
E00016729,20.13422818791946,62.41610738255034,17.449664429530202
E00016730,24.550898203592816,61.07784431137725,14.37125748502994
E00016759,28.402366863905325,55.02958579881657,16.568047337278106
E00016761,23.295454545454547,59.09090909090909,17.613636363636363
E00016762,29.166666666666668,61.574074074074076,9.25925925925926
E00016765,21.21212121212121,66.66666666666667,12.121212121212121
E00016767,20.30075187969925,64.66165413533835,15.037593984962406
E00016770,15.068493150684931,82.1917808219178,2.73972602739726
E00016771,27.17391304347826,60.32608695652174,12.5
E00016774,20.207253886010363,67.87564766839378,11.917098445595855
E00016777,24.864864864864863,60.0,15.135135135135135
E00016731,22.62773722627737,70.07299270072993,7.299270072992701
E00016769,31.736526946107784,61.67664670658683,6.586826347305389
E00016773,28.125,67.96875,3.90625
E00016775,28.8,69.6,1.6
E00016776,15.2046783625731,74.85380116959064,9.941520467836257
E00016745,22.26890756302521,73.52941176470588,4.201680672268908
E00016746,23.157894736842106,65.78947368421052,11.052631578947368
E00016751,18.51851851851852,75.30864197530865,6.172839506172839
E00016754,23.776223776223777,65.73426573426573,10.48951048951049
