OA11CD,0-4,5-9,10-14,15-19,20-24,25-29,30-34,35-39,40-44,45-49,50-54,55-59,60-64,65-69,70-74,75-79,80-84,85+
E00016115,4.2682926829268295,7.317073170731708,6.7073170731707314,3.658536585365854,8.536585365853659,5.487804878048781,4.878048780487805,4.878048780487805,4.878048780487805,7.317073170731708,9.75609756097561,7.926829268292683,7.926829268292683,4.878048780487805,6.097560975609756,4.2682926829268295,1.2195121951219512,0.0
E00016136,5.0,6.875,9.375,7.5,7.5,3.125,3.75,8.75,11.875,8.75,5.625,6.25,5.625,3.125,1.875,1.875,2.5,0.625
E00016137,8.290155440414507,9.32642487046632,15.025906735751295,8.808290155440414,8.290155440414507,3.1088082901554404,4.1450777202072535,4.1450777202072535,6.7357512953367875,6.7357512953367875,8.290155440414507,6.7357512953367875,5.181347150259067,1.0362694300518134,1.0362694300518134,2.5906735751295336,0.5181347150259067,0.0
E00016138,8.955223880597014,12.686567164179104,8.955223880597014,11.194029850746269,4.477611940298507,4.477611940298507,5.970149253731344,6.7164179104477615,10.447761194029852,5.223880597014926,7.462686567164179,5.223880597014926,2.985074626865672,2.985074626865672,2.2388059701492535,0.0,0.0,0.0
E00016139,7.5675675675675675,11.891891891891891,12.432432432432432,9.72972972972973,4.864864864864865,2.7027027027027026,4.324324324324325,7.5675675675675675,7.5675675675675675,4.864864864864865,8.64864864864865,4.864864864864865,4.324324324324325,3.7837837837837838,3.2432432432432434,0.5405405405405406,1.0810810810810811,0.0
E00016116,3.278688524590164,7.6502732240437155,9.836065573770492,7.103825136612022,1.639344262295082,2.185792349726776,6.0109289617486334,14.207650273224044,18.0327868852459,9.289617486338798,6.557377049180328,5.46448087431694,1.639344262295082,1.092896174863388,1.639344262295082,1.639344262295082,2.73224043715847,0.0
E00016129,9.036144578313253,12.650602409638553,12.650602409638553,5.421686746987952,1.8072289156626506,3.0120481927710845,10.843373493975903,14.457831325301205,13.25301204819277,6.024096385542169,3.0120481927710845,4.216867469879518,1.2048192771084338,0.6024096385542169,1.2048192771084338,0.6024096385542169,0.0,0.0
E00016142,7.485029940119761,14.970059880239521,11.077844311377245,7.18562874251497,2.694610778443114,5.389221556886228,8.083832335329342,8.982035928143713,8.083832335329342,5.9880239520958085,5.688622754491018,5.688622754491018,2.9940119760479043,0.2994011976047904,2.9940119760479043,1.4970059880239521,0.8982035928143712,0.0
E00016144,14.689265536723164,16.949152542372882,12.429378531073446,2.824858757062147,3.389830508474576,5.084745762711864,7.909604519774011,5.649717514124294,7.909604519774011,5.084745762711864,5.084745762711864,3.9548022598870056,1.694915254237288,3.389830508474576,2.2598870056497176,1.694915254237288,0.0,0.0
E00016145,7.6923076923076925,10.76923076923077,16.153846153846153,7.6923076923076925,1.5384615384615385,5.384615384615385,7.6923076923076925,3.8461538461538463,7.6923076923076925,6.923076923076923,9.23076923076923,7.6923076923076925,3.076923076923077,2.3076923076923075,0.7692307692307693,0.7692307692307693,0.0,0.7692307692307693
E00016150,7.926829268292683,13.414634146341463,12.195121951219512,6.7073170731707314,2.4390243902439024,4.2682926829268295,5.487804878048781,6.7073170731707314,5.487804878048781,9.146341463414634,6.7073170731707314,9.75609756097561,4.878048780487805,0.6097560975609756,0.6097560975609756,1.829268292682927,1.2195121951219512,0.6097560975609756
E00016117,13.86861313868613,10.218978102189782,5.109489051094891,5.839416058394161,2.18978102189781,3.6496350364963503,8.02919708029197,10.218978102189782,6.569343065693431,5.839416058394161,3.6496350364963503,5.109489051094891,5.109489051094891,1.4598540145985401,3.6496350364963503,5.839416058394161,3.6496350364963503,0.0
E00016132,9.25925925925926,6.790123456790123,5.555555555555555,6.790123456790123,4.938271604938271,4.320987654320987,5.555555555555555,13.580246913580247,5.555555555555555,8.024691358024691,5.555555555555555,8.641975308641975,5.555555555555555,2.4691358024691357,4.320987654320987,1.8518518518518519,0.6172839506172839,0.6172839506172839
E00016143,3.4285714285714284,7.428571428571429,5.714285714285714,5.714285714285714,6.857142857142857,9.714285714285714,7.428571428571429,6.857142857142857,8.0,7.428571428571429,6.857142857142857,7.428571428571429,3.4285714285714284,2.2857142857142856,4.0,5.714285714285714,1.1428571428571428,0.5714285714285714
E00016147,6.7114093959731544,8.724832214765101,8.053691275167786,2.684563758389262,2.0134228187919465,2.684563758389262,6.7114093959731544,13.422818791946309,6.7114093959731544,9.395973154362416,6.040268456375839,13.422818791946309,2.0134228187919465,4.026845637583893,3.3557046979865772,0.0,2.684563758389262,1.342281879194631
E00016153,8.88888888888889,8.148148148148149,2.2222222222222223,5.185185185185185,3.7037037037037037,5.925925925925926,6.666666666666667,5.925925925925926,5.925925925925926,5.925925925925926,2.962962962962963,11.851851851851851,5.925925925925926,7.407407407407407,5.925925925925926,6.666666666666667,0.7407407407407407,0.0
E00016141,6.338028169014085,6.338028169014085,9.154929577464788,7.042253521126761,6.338028169014085,7.042253521126761,5.633802816901408,4.929577464788732,5.633802816901408,11.267605633802816,11.971830985915492,5.633802816901408,2.816901408450704,3.5211267605633805,4.225352112676056,1.408450704225352,0.704225352112676,0.0
E00016146,7.407407407407407,5.555555555555555,9.876543209876543,4.938271604938271,4.320987654320987,4.938271604938271,8.641975308641975,6.790123456790123,9.876543209876543,8.641975308641975,11.11111111111111,9.876543209876543,3.0864197530864197,2.4691358024691357,0.6172839506172839,1.2345679012345678,0.0,0.6172839506172839
E00016148,10.869565217391305,10.144927536231885,7.971014492753623,7.971014492753623,4.3478260869565215,2.898550724637681,5.072463768115942,9.420289855072463,7.246376811594203,2.898550724637681,8.695652173913043,7.246376811594203,5.797101449275362,5.072463768115942,2.898550724637681,0.7246376811594203,0.7246376811594203,0.0
E00016149,9.929078014184396,9.21985815602837,6.382978723404255,3.5460992907801416,3.5460992907801416,5.673758865248227,9.21985815602837,6.382978723404255,4.25531914893617,7.092198581560283,14.184397163120567,4.964539007092198,4.964539007092198,4.964539007092198,4.25531914893617,0.7092198581560284,0.0,0.7092198581560284
E00016151,6.0606060606060606,10.606060606060606,10.606060606060606,6.0606060606060606,4.545454545454546,5.303030303030303,7.575757575757576,9.090909090909092,8.333333333333334,6.0606060606060606,7.575757575757576,7.575757575757576,5.303030303030303,1.5151515151515151,1.5151515151515151,0.0,2.272727272727273,0.0
E00016152,3.278688524590164,10.655737704918034,4.918032786885246,4.098360655737705,3.278688524590164,6.557377049180328,5.737704918032787,9.01639344262295,8.19672131147541,4.918032786885246,13.114754098360656,8.19672131147541,4.098360655737705,5.737704918032787,7.377049180327869,0.0,0.0,0.819672131147541
E00016126,7.831325301204819,6.626506024096385,6.024096385542169,8.433734939759036,4.819277108433735,3.6144578313253013,7.831325301204819,5.421686746987952,9.63855421686747,4.216867469879518,9.63855421686747,3.6144578313253013,3.6144578313253013,6.024096385542169,9.036144578313253,2.4096385542168677,1.2048192771084338,0.0
E00016127,4.30622009569378,6.220095693779904,4.784688995215311,8.133971291866029,5.741626794258373,6.698564593301436,4.784688995215311,8.61244019138756,9.569377990430622,3.827751196172249,12.440191387559809,4.784688995215311,5.2631578947368425,3.827751196172249,4.30622009569378,3.827751196172249,1.4354066985645932,1.4354066985645932
E00016131,13.017751479289942,10.059171597633137,8.284023668639053,5.325443786982248,2.9585798816568047,4.1420118343195265,7.100591715976331,8.875739644970414,12.42603550295858,4.1420118343195265,8.284023668639053,5.9171597633136095,2.366863905325444,3.5502958579881656,2.366863905325444,1.183431952662722,0.0,0.0
E00016134,5.511811023622047,4.724409448818897,4.724409448818897,6.299212598425197,3.1496062992125986,5.511811023622047,6.299212598425197,6.299212598425197,7.874015748031496,7.874015748031496,12.598425196850394,3.937007874015748,4.724409448818897,7.874015748031496,8.661417322834646,0.7874015748031497,2.3622047244094486,0.7874015748031497
E00016140,4.761904761904762,11.30952380952381,8.928571428571429,5.357142857142857,4.166666666666667,10.119047619047619,6.5476190476190474,7.738095238095238,11.30952380952381,5.9523809523809526,6.5476190476190474,7.738095238095238,3.5714285714285716,2.380952380952381,2.380952380952381,1.1904761904761905,0.0,0.0
E00016118,5.405405405405405,3.2432432432432434,7.5675675675675675,3.7837837837837838,3.2432432432432434,3.7837837837837838,10.81081081081081,8.64864864864865,6.486486486486487,8.108108108108109,7.5675675675675675,9.18918918918919,5.945945945945946,4.324324324324325,6.486486486486487,3.2432432432432434,1.0810810810810811,1.0810810810810811
E00016154,9.090909090909092,5.594405594405594,15.384615384615385,3.4965034965034967,2.797202797202797,3.4965034965034967,5.594405594405594,6.293706293706293,12.587412587412587,3.4965034965034967,4.195804195804196,4.895104895104895,4.895104895104895,6.293706293706293,3.4965034965034967,6.293706293706293,1.3986013986013985,0.6993006993006993
E00016155,2.7777777777777777,7.87037037037037,7.87037037037037,6.481481481481482,4.166666666666667,6.944444444444445,7.87037037037037,12.037037037037036,12.5,9.25925925925926,7.87037037037037,6.944444444444445,2.7777777777777777,1.8518518518518519,1.8518518518518519,0.0,0.46296296296296297,0.46296296296296297
E00016156,7.792207792207792,11.03896103896104,6.4935064935064934,5.8441558441558445,4.545454545454546,5.8441558441558445,5.8441558441558445,7.142857142857143,6.4935064935064934,7.792207792207792,7.142857142857143,2.5974025974025974,7.142857142857143,5.8441558441558445,3.896103896103896,3.2467532467532467,1.2987012987012987,0.0
E00016157,6.403940886699507,7.8817733990147785,12.807881773399014,12.31527093596059,4.926108374384237,2.4630541871921183,6.403940886699507,8.866995073891626,4.926108374384237,7.389162561576355,7.389162561576355,4.433497536945813,5.911330049261084,2.4630541871921183,0.49261083743842365,1.9704433497536946,1.9704433497536946,0.9852216748768473
E00016112,10.982658959537572,10.404624277456648,8.670520231213873,5.202312138728324,5.202312138728324,5.780346820809249,4.046242774566474,9.826589595375722,6.936416184971098,8.670520231213873,6.358381502890174,3.468208092485549,4.046242774566474,2.3121387283236996,3.468208092485549,1.1560693641618498,1.1560693641618498,2.3121387283236996
E00016119,5.945945945945946,7.5675675675675675,9.18918918918919,4.324324324324325,4.324324324324325,6.486486486486487,4.864864864864865,8.64864864864865,8.64864864864865,7.5675675675675675,8.108108108108109,8.64864864864865,3.2432432432432434,2.7027027027027026,2.7027027027027026,4.324324324324325,2.1621621621621623,0.5405405405405406
E00016121,6.153846153846154,0.7692307692307693,8.461538461538462,2.3076923076923075,6.923076923076923,5.384615384615385,4.615384615384615,12.307692307692308,10.0,6.923076923076923,13.076923076923077,10.76923076923077,3.076923076923077,3.8461538461538463,1.5384615384615385,1.5384615384615385,1.5384615384615385,0.7692307692307693
E00016123,8.074534161490684,5.590062111801243,7.453416149068323,7.453416149068323,8.695652173913043,1.8633540372670807,1.8633540372670807,9.937888198757763,8.695652173913043,8.074534161490684,10.559006211180124,8.695652173913043,1.8633540372670807,2.484472049689441,3.1055900621118013,3.1055900621118013,2.484472049689441,0.0
E00016158,15.2317880794702,4.635761589403973,7.947019867549669,3.3112582781456954,3.9735099337748343,7.28476821192053,3.9735099337748343,8.609271523178808,8.609271523178808,9.933774834437086,7.28476821192053,8.609271523178808,3.9735099337748343,1.9867549668874172,1.3245033112582782,1.9867549668874172,0.6622516556291391,0.6622516556291391
E00016113,5.392156862745098,5.882352941176471,10.294117647058824,5.392156862745098,7.8431372549019605,3.9215686274509802,5.392156862745098,6.372549019607843,8.333333333333334,5.392156862745098,8.333333333333334,7.352941176470588,7.352941176470588,1.9607843137254901,2.9411764705882355,2.9411764705882355,2.9411764705882355,1.9607843137254901
E00016120,9.941520467836257,9.941520467836257,12.280701754385966,4.093567251461988,2.9239766081871346,5.847953216374269,8.771929824561404,8.771929824561404,4.678362573099415,5.847953216374269,9.35672514619883,8.771929824561404,4.678362573099415,0.0,0.5847953216374269,1.1695906432748537,0.0,2.3391812865497075
E00016122,6.896551724137931,12.31527093596059,14.77832512315271,3.9408866995073892,4.433497536945813,3.9408866995073892,5.41871921182266,12.31527093596059,9.35960591133005,5.41871921182266,4.926108374384237,4.926108374384237,4.926108374384237,3.4482758620689653,0.49261083743842365,0.9852216748768473,0.49261083743842365,0.9852216748768473
E00016124,7.926829268292683,13.414634146341463,15.853658536585366,7.926829268292683,4.2682926829268295,2.4390243902439024,5.487804878048781,5.487804878048781,7.317073170731708,5.487804878048781,6.7073170731707314,6.7073170731707314,4.878048780487805,3.658536585365854,0.6097560975609756,0.6097560975609756,0.0,1.2195121951219512
E00016125,10.778443113772456,5.9880239520958085,8.982035928143713,11.377245508982035,3.592814371257485,3.592814371257485,8.383233532934131,6.586826347305389,8.982035928143713,5.389221556886228,7.18562874251497,5.9880239520958085,3.592814371257485,2.395209580838323,2.9940119760479043,0.0,2.9940119760479043,1.1976047904191616
E00016114,3.4246575342465753,5.47945205479452,10.273972602739725,4.109589041095891,6.164383561643835,5.47945205479452,2.73972602739726,11.643835616438356,4.794520547945205,3.4246575342465753,15.068493150684931,9.58904109589041,6.164383561643835,3.4246575342465753,1.36986301369863,4.109589041095891,1.36986301369863,1.36986301369863
E00016128,4.819277108433735,12.048192771084338,10.843373493975903,8.433734939759036,4.216867469879518,3.6144578313253013,7.228915662650603,9.036144578313253,7.831325301204819,5.421686746987952,4.819277108433735,9.036144578313253,4.216867469879518,2.4096385542168677,1.2048192771084338,2.4096385542168677,1.8072289156626506,0.6024096385542169
E00016130,9.6045197740113,5.084745762711864,7.344632768361582,6.779661016949152,4.519774011299435,7.909604519774011,5.084745762711864,10.169491525423728,6.214689265536723,7.344632768361582,8.474576271186441,7.344632768361582,5.649717514124294,1.1299435028248588,1.1299435028248588,2.824858757062147,2.824858757062147,0.5649717514124294
E00016133,4.705882352941177,14.705882352941176,13.529411764705882,4.705882352941177,2.9411764705882355,5.294117647058823,4.705882352941177,12.352941176470589,7.0588235294117645,2.9411764705882355,7.0588235294117645,5.882352941176471,9.411764705882353,2.9411764705882355,1.1764705882352942,0.0,0.5882352941176471,0.0
E00016135,6.962025316455696,10.126582278481013,6.962025316455696,5.69620253164557,5.69620253164557,5.063291139240507,6.329113924050633,8.227848101265822,7.594936708860759,4.430379746835443,8.227848101265822,6.329113924050633,8.227848101265822,3.1645569620253164,3.7974683544303796,2.5316455696202533,0.0,0.6329113924050633
E00016178,10.909090909090908,3.6363636363636362,8.181818181818182,7.2727272727272725,4.545454545454546,4.545454545454546,8.181818181818182,10.909090909090908,6.363636363636363,9.090909090909092,7.2727272727272725,2.727272727272727,4.545454545454546,4.545454545454546,2.727272727272727,0.9090909090909091,1.8181818181818181,1.8181818181818181
E00016179,4.72972972972973,4.72972972972973,6.756756756756757,4.054054054054054,5.405405405405405,12.837837837837839,11.486486486486486,12.837837837837839,7.4324324324324325,6.756756756756757,7.4324324324324325,4.054054054054054,2.027027027027027,6.081081081081081,2.7027027027027026,0.0,0.0,0.6756756756756757
E00016180,6.7669172932330826,4.511278195488722,0.7518796992481203,7.518796992481203,2.255639097744361,9.022556390977444,5.2631578947368425,12.781954887218046,6.015037593984962,9.022556390977444,10.526315789473685,5.2631578947368425,4.511278195488722,2.255639097744361,6.7669172932330826,2.255639097744361,2.255639097744361,2.255639097744361
E00016187,8.450704225352112,7.746478873239437,6.338028169014085,3.5211267605633805,2.112676056338028,7.746478873239437,12.67605633802817,11.267605633802816,8.450704225352112,6.338028169014085,7.746478873239437,3.5211267605633805,4.225352112676056,2.112676056338028,2.112676056338028,2.816901408450704,1.408450704225352,1.408450704225352
E00016189,7.971014492753623,6.521739130434782,7.246376811594203,3.6231884057971016,0.7246376811594203,4.3478260869565215,4.3478260869565215,7.971014492753623,8.695652173913043,15.942028985507246,9.420289855072463,4.3478260869565215,3.6231884057971016,3.6231884057971016,5.072463768115942,2.898550724637681,2.898550724637681,0.7246376811594203
E00016159,6.097560975609756,7.317073170731708,4.878048780487805,3.658536585365854,4.878048780487805,6.097560975609756,9.146341463414634,13.414634146341463,8.536585365853659,6.097560975609756,7.926829268292683,3.048780487804878,3.658536585365854,5.487804878048781,4.878048780487805,3.658536585365854,1.2195121951219512,0.0
E00016173,5.2631578947368425,5.2631578947368425,5.2631578947368425,5.2631578947368425,4.511278195488722,9.774436090225564,10.526315789473685,9.774436090225564,5.2631578947368425,6.015037593984962,6.015037593984962,11.278195488721805,3.007518796992481,6.015037593984962,3.7593984962406015,3.007518796992481,0.0,0.0
E00016176,9.803921568627452,9.15032679738562,3.9215686274509802,1.3071895424836601,1.9607843137254901,8.49673202614379,9.15032679738562,10.457516339869281,13.071895424836601,7.8431372549019605,11.764705882352942,3.9215686274509802,3.9215686274509802,0.6535947712418301,2.6143790849673203,0.6535947712418301,1.3071895424836601,0.0
E00016184,6.722689075630252,3.361344537815126,0.8403361344537815,1.680672268907563,1.680672268907563,5.042016806722689,18.48739495798319,15.966386554621849,9.243697478991596,5.882352941176471,14.285714285714286,2.5210084033613445,0.8403361344537815,5.882352941176471,5.042016806722689,0.0,1.680672268907563,0.8403361344537815
E00016186,4.313725490196078,2.7450980392156863,3.1372549019607843,1.5686274509803921,6.666666666666667,18.03921568627451,15.686274509803921,12.549019607843137,5.098039215686274,9.019607843137255,8.627450980392156,4.705882352941177,1.5686274509803921,4.313725490196078,0.7843137254901961,0.7843137254901961,0.39215686274509803,0.0
E00016188,4.195804195804196,5.594405594405594,6.993006993006993,4.895104895104895,3.4965034965034967,4.895104895104895,13.286713286713287,9.090909090909092,9.79020979020979,6.993006993006993,6.993006993006993,6.293706293706293,3.4965034965034967,2.797202797202797,4.195804195804196,2.097902097902098,2.797202797202797,2.097902097902098
E00016166,4.597701149425287,1.1494252873563218,2.2988505747126435,3.4482758620689653,1.1494252873563218,16.091954022988507,9.195402298850574,14.942528735632184,6.896551724137931,12.64367816091954,5.747126436781609,9.195402298850574,1.1494252873563218,0.0,2.2988505747126435,3.4482758620689653,4.597701149425287,1.1494252873563218
E00016167,5.343511450381679,9.16030534351145,4.580152671755725,4.580152671755725,7.633587786259542,2.2900763358778624,4.580152671755725,5.343511450381679,6.106870229007634,9.16030534351145,10.687022900763358,4.580152671755725,6.106870229007634,4.580152671755725,5.343511450381679,3.053435114503817,4.580152671755725,2.2900763358778624
E00016171,3.8251366120218577,2.185792349726776,2.185792349726776,1.639344262295082,7.6502732240437155,19.672131147540984,10.92896174863388,16.939890710382514,11.475409836065573,7.103825136612022,4.371584699453552,3.8251366120218577,3.278688524590164,1.092896174863388,2.185792349726776,0.546448087431694,0.546448087431694,0.546448087431694
E00016174,9.146341463414634,12.195121951219512,6.097560975609756,1.2195121951219512,2.4390243902439024,6.7073170731707314,4.878048780487805,10.975609756097562,10.365853658536585,9.146341463414634,9.146341463414634,5.487804878048781,4.878048780487805,1.829268292682927,1.2195121951219512,1.829268292682927,1.829268292682927,0.6097560975609756
E00016204,5.2631578947368425,4.605263157894737,2.6315789473684212,2.6315789473684212,11.842105263157896,13.157894736842104,8.552631578947368,6.578947368421052,7.2368421052631575,9.210526315789474,5.2631578947368425,5.921052631578948,4.605263157894737,3.9473684210526314,3.9473684210526314,1.3157894736842106,1.9736842105263157,1.3157894736842106
E00016206,7.100591715976331,2.9585798816568047,3.5502958579881656,2.9585798816568047,14.201183431952662,14.201183431952662,10.059171597633137,10.650887573964496,3.5502958579881656,7.100591715976331,5.325443786982248,8.875739644970414,4.733727810650888,2.366863905325444,2.366863905325444,0.0,0.0,0.0
E00016164,6.410256410256411,5.769230769230769,8.974358974358974,12.179487179487179,5.128205128205129,8.333333333333334,8.974358974358974,5.128205128205129,5.128205128205129,6.410256410256411,8.333333333333334,5.128205128205129,5.769230769230769,1.2820512820512822,2.5641025641025643,1.2820512820512822,0.6410256410256411,2.5641025641025643
E00016170,5.172413793103448,5.172413793103448,7.327586206896552,6.4655172413793105,3.4482758620689653,9.482758620689655,13.362068965517242,9.913793103448276,7.758620689655173,10.775862068965518,4.310344827586207,6.0344827586206895,3.4482758620689653,2.586206896551724,1.7241379310344827,2.1551724137931036,0.43103448275862066,0.43103448275862066
E00016175,6.338028169014085,6.338028169014085,4.225352112676056,2.816901408450704,2.816901408450704,10.56338028169014,16.197183098591548,9.154929577464788,9.859154929577464,6.338028169014085,6.338028169014085,6.338028169014085,4.225352112676056,3.5211267605633805,0.704225352112676,1.408450704225352,1.408450704225352,1.408450704225352
E00016181,6.578947368421052,3.289473684210526,4.605263157894737,6.578947368421052,6.578947368421052,12.5,12.5,7.894736842105263,9.210526315789474,5.2631578947368425,4.605263157894737,3.9473684210526314,7.2368421052631575,3.289473684210526,1.3157894736842106,2.6315789473684212,0.0,1.9736842105263157
E00016182,7.0588235294117645,7.0588235294117645,4.705882352941177,4.705882352941177,5.294117647058823,8.235294117647058,11.176470588235293,10.0,7.647058823529412,6.470588235294118,4.705882352941177,7.647058823529412,5.882352941176471,2.9411764705882355,0.5882352941176471,3.5294117647058822,0.5882352941176471,1.7647058823529411
E00016160,6.015037593984962,2.255639097744361,6.015037593984962,6.015037593984962,2.255639097744361,2.255639097744361,5.2631578947368425,7.518796992481203,12.030075187969924,11.278195488721805,5.2631578947368425,9.022556390977444,0.7518796992481203,4.511278195488722,6.015037593984962,3.007518796992481,3.007518796992481,7.518796992481203
E00016183,2.6548672566371683,6.1946902654867255,0.8849557522123894,4.424778761061947,2.6548672566371683,8.849557522123893,11.504424778761061,12.389380530973451,15.044247787610619,8.849557522123893,5.3097345132743365,5.3097345132743365,1.7699115044247788,2.6548672566371683,5.3097345132743365,0.8849557522123894,1.7699115044247788,3.5398230088495577
E00016185,2.9702970297029703,2.9702970297029703,9.900990099009901,3.9603960396039604,0.0,8.910891089108912,5.9405940594059405,3.9603960396039604,14.851485148514852,11.881188118811881,7.920792079207921,3.9603960396039604,2.9702970297029703,2.9702970297029703,6.930693069306931,2.9702970297029703,5.9405940594059405,0.9900990099009901
E00016191,5.797101449275362,3.6231884057971016,7.246376811594203,2.898550724637681,0.7246376811594203,7.246376811594203,8.695652173913043,7.971014492753623,7.246376811594203,7.246376811594203,5.072463768115942,8.695652173913043,4.3478260869565215,4.3478260869565215,5.797101449275362,2.1739130434782608,8.695652173913043,2.1739130434782608
E00016195,9.75609756097561,4.878048780487805,4.065040650406504,2.4390243902439024,4.065040650406504,4.878048780487805,9.75609756097561,6.504065040650406,14.634146341463415,9.75609756097561,6.504065040650406,7.317073170731708,1.6260162601626016,3.252032520325203,3.252032520325203,2.4390243902439024,1.6260162601626016,3.252032520325203
E00016197,7.518796992481203,2.255639097744361,5.2631578947368425,0.7518796992481203,3.7593984962406015,12.781954887218046,10.526315789473685,9.022556390977444,12.030075187969924,13.533834586466165,6.7669172932330826,7.518796992481203,3.007518796992481,0.7518796992481203,1.5037593984962405,1.5037593984962405,1.5037593984962405,0.0
E00016161,4.678362573099415,2.9239766081871346,2.9239766081871346,2.9239766081871346,2.9239766081871346,8.187134502923977,16.95906432748538,17.54385964912281,9.35672514619883,7.017543859649122,7.60233918128655,2.3391812865497075,4.678362573099415,2.9239766081871346,3.508771929824561,2.3391812865497075,0.0,1.1695906432748537
E00016190,0.6172839506172839,4.938271604938271,2.4691358024691357,3.7037037037037037,1.8518518518518519,5.555555555555555,6.172839506172839,9.25925925925926,10.493827160493828,3.7037037037037037,6.172839506172839,9.876543209876543,12.345679012345679,8.641975308641975,4.320987654320987,2.4691358024691357,5.555555555555555,1.8518518518518519
E00016192,4.477611940298507,4.975124378109452,3.482587064676617,3.482587064676617,6.467661691542289,8.955223880597014,12.935323383084578,11.442786069651742,13.432835820895523,9.45273631840796,6.965174129353234,5.472636815920398,3.482587064676617,1.492537313432836,0.0,1.9900497512437811,0.9950248756218906,0.4975124378109453
E00016193,3.821656050955414,1.2738853503184713,3.1847133757961785,1.2738853503184713,4.45859872611465,8.280254777070065,15.286624203821656,15.92356687898089,11.464968152866241,5.732484076433121,10.828025477707007,5.095541401273885,5.095541401273885,3.821656050955414,0.6369426751592356,1.2738853503184713,2.5477707006369426,0.0
E00016194,4.395604395604396,3.2967032967032965,3.8461538461538463,5.4945054945054945,9.340659340659341,6.593406593406593,8.791208791208792,15.934065934065934,12.087912087912088,9.340659340659341,7.142857142857143,3.2967032967032965,2.7472527472527473,3.8461538461538463,1.6483516483516483,1.6483516483516483,0.5494505494505495,0.0
E00016196,10.502283105022832,6.8493150684931505,4.566210045662101,3.65296803652968,4.109589041095891,8.219178082191782,7.762557077625571,9.132420091324201,10.502283105022832,6.392694063926941,8.67579908675799,9.132420091324201,4.566210045662101,2.2831050228310503,0.45662100456621,0.91324200913242,1.36986301369863,0.91324200913242
E00016162,6.6115702479338845,6.6115702479338845,4.132231404958677,9.917355371900827,3.3057851239669422,6.6115702479338845,8.264462809917354,15.702479338842975,9.090909090909092,10.743801652892563,7.43801652892562,3.3057851239669422,1.6528925619834711,1.6528925619834711,2.479338842975207,0.8264462809917356,0.8264462809917356,0.8264462809917356
E00016198,6.8,10.8,6.8,8.4,3.2,3.6,17.6,9.2,6.8,8.4,6.0,1.6,3.6,2.0,3.2,0.4,0.8,0.8
E00016202,3.0927835051546393,7.216494845360825,4.639175257731959,3.6082474226804124,7.731958762886598,15.463917525773196,20.103092783505154,11.855670103092784,7.216494845360825,5.670103092783505,5.154639175257732,3.0927835051546393,1.5463917525773196,0.0,1.5463917525773196,1.5463917525773196,0.0,0.5154639175257731
E00016205,3.9682539682539684,4.761904761904762,1.5873015873015872,2.380952380952381,3.1746031746031744,8.73015873015873,11.904761904761905,19.841269841269842,7.142857142857143,3.9682539682539684,9.523809523809524,4.761904761904762,3.1746031746031744,3.9682539682539684,3.9682539682539684,3.1746031746031744,1.5873015873015872,2.380952380952381
E00016208,5.0359712230215825,2.8776978417266186,7.913669064748201,6.474820143884892,5.0359712230215825,7.194244604316546,12.23021582733813,9.352517985611511,7.194244604316546,7.194244604316546,11.510791366906474,2.158273381294964,3.597122302158273,2.8776978417266186,5.755395683453237,1.4388489208633093,2.158273381294964,0.0
E00016199,5.882352941176471,10.784313725490197,5.882352941176471,13.72549019607843,5.882352941176471,6.862745098039215,4.901960784313726,6.862745098039215,8.823529411764707,5.882352941176471,4.901960784313726,6.862745098039215,2.9411764705882355,0.9803921568627451,1.9607843137254901,5.882352941176471,0.9803921568627451,0.0
E00016200,9.933774834437086,13.907284768211921,8.609271523178808,19.867549668874172,5.960264900662252,5.298013245033113,5.298013245033113,5.298013245033113,2.6490066225165565,6.622516556291391,2.6490066225165565,4.635761589403973,2.6490066225165565,3.9735099337748343,0.0,1.3245033112582782,0.6622516556291391,0.6622516556291391
E00016201,13.432835820895523,7.462686567164179,3.482587064676617,2.487562189054726,2.985074626865672,9.950248756218905,12.935323383084578,15.422885572139304,6.965174129353234,6.965174129353234,0.9950248756218906,1.9900497512437811,3.482587064676617,1.9900497512437811,3.482587064676617,2.487562189054726,2.487562189054726,0.9950248756218906
E00016203,0.0,5.0,5.0,5.0,2.5,7.5,5.0,5.0,7.5,12.5,2.5,10.0,5.0,2.5,10.0,0.0,2.5,12.5
E00016207,7.070707070707071,11.616161616161616,7.070707070707071,23.737373737373737,9.090909090909092,6.565656565656566,5.05050505050505,5.05050505050505,3.0303030303030303,4.545454545454546,2.525252525252525,2.525252525252525,2.525252525252525,3.5353535353535355,2.0202020202020203,1.5151515151515151,1.0101010101010102,1.5151515151515151
E00016163,6.024096385542169,6.626506024096385,5.421686746987952,5.421686746987952,3.6144578313253013,9.63855421686747,14.457831325301205,10.240963855421686,9.036144578313253,10.240963855421686,5.421686746987952,3.6144578313253013,2.4096385542168677,3.6144578313253013,1.8072289156626506,0.6024096385542169,1.2048192771084338,0.6024096385542169
E00016165,6.962025316455696,4.430379746835443,2.5316455696202533,4.430379746835443,0.6329113924050633,1.2658227848101267,15.189873417721518,8.227848101265822,13.924050632911392,12.025316455696203,10.759493670886076,3.7974683544303796,3.1645569620253164,4.430379746835443,2.5316455696202533,0.0,4.430379746835443,1.2658227848101267
E00016168,3.409090909090909,3.409090909090909,1.1363636363636365,2.272727272727273,1.1363636363636365,3.409090909090909,15.909090909090908,7.954545454545454,18.181818181818183,9.090909090909092,10.227272727272727,6.818181818181818,2.272727272727273,2.272727272727273,3.409090909090909,2.272727272727273,4.545454545454546,2.272727272727273
E00016169,3.3783783783783785,6.081081081081081,4.054054054054054,7.4324324324324325,1.3513513513513513,5.405405405405405,14.864864864864865,11.486486486486486,4.72972972972973,5.405405405405405,6.756756756756757,6.756756756756757,5.405405405405405,3.3783783783783785,4.054054054054054,3.3783783783783785,5.405405405405405,0.6756756756756757
E00016172,10.738255033557047,4.026845637583893,2.684563758389262,2.684563758389262,3.3557046979865772,7.382550335570469,9.395973154362416,17.449664429530202,12.751677852348994,6.7114093959731544,8.053691275167786,2.684563758389262,7.382550335570469,1.342281879194631,2.0134228187919465,0.0,1.342281879194631,0.0
E00016177,11.11111111111111,8.88888888888889,4.444444444444445,3.7037037037037037,0.0,5.185185185185185,19.25925925925926,8.148148148148149,11.11111111111111,6.666666666666667,2.962962962962963,4.444444444444445,4.444444444444445,2.962962962962963,2.2222222222222223,0.0,1.4814814814814814,2.962962962962963
E00016210,2.450980392156863,4.411764705882353,2.450980392156863,7.352941176470588,8.823529411764707,7.352941176470588,9.803921568627452,6.862745098039215,5.392156862745098,7.8431372549019605,5.392156862745098,6.372549019607843,6.862745098039215,5.392156862745098,3.9215686274509802,4.901960784313726,0.49019607843137253,3.9215686274509802
E00016239,3.8461538461538463,2.5641025641025643,2.5641025641025643,3.8461538461538463,10.897435897435898,8.974358974358974,16.666666666666668,5.769230769230769,11.538461538461538,9.615384615384615,2.5641025641025643,4.487179487179487,1.9230769230769231,4.487179487179487,5.128205128205129,1.2820512820512822,1.2820512820512822,2.5641025641025643
E00016240,7.547169811320755,5.660377358490566,4.90566037735849,4.528301886792453,6.037735849056604,13.584905660377359,20.0,12.075471698113208,9.056603773584905,4.150943396226415,4.528301886792453,3.018867924528302,2.2641509433962264,1.1320754716981132,1.1320754716981132,0.0,0.37735849056603776,0.0
E00016241,5.681818181818182,4.545454545454546,9.090909090909092,4.545454545454546,9.090909090909092,7.954545454545454,10.227272727272727,3.409090909090909,5.681818181818182,3.409090909090909,2.272727272727273,7.954545454545454,3.409090909090909,9.090909090909092,2.272727272727273,4.545454545454546,0.0,6.818181818181818
E00016245,6.403940886699507,6.896551724137931,9.852216748768473,8.374384236453203,10.83743842364532,6.896551724137931,7.389162561576355,6.896551724137931,7.389162561576355,7.389162561576355,4.433497536945813,3.9408866995073892,3.9408866995073892,2.4630541871921183,0.49261083743842365,4.433497536945813,0.49261083743842365,1.477832512315271
E00016211,5.389221556886228,7.18562874251497,5.9880239520958085,6.586826347305389,7.18562874251497,15.568862275449101,6.586826347305389,10.179640718562874,4.790419161676646,11.377245508982035,5.9880239520958085,2.395209580838323,2.9940119760479043,1.1976047904191616,1.7964071856287425,1.7964071856287425,0.5988023952095808,2.395209580838323
E00016213,5.8201058201058204,5.291005291005291,7.936507936507937,2.1164021164021163,4.761904761904762,23.280423280423282,6.349206349206349,10.582010582010582,5.8201058201058204,7.407407407407407,7.407407407407407,4.232804232804233,3.1746031746031744,2.1164021164021163,1.0582010582010581,0.5291005291005291,0.5291005291005291,1.5873015873015872
E00016244,6.578947368421052,3.9473684210526314,2.6315789473684212,5.2631578947368425,7.2368421052631575,25.657894736842106,7.894736842105263,9.868421052631579,4.605263157894737,7.2368421052631575,5.2631578947368425,4.605263157894737,1.9736842105263157,3.289473684210526,1.9736842105263157,0.6578947368421053,1.3157894736842106,0.0
E00016250,7.471264367816092,6.896551724137931,4.597701149425287,5.172413793103448,9.195402298850574,19.54022988505747,6.32183908045977,7.471264367816092,2.8735632183908044,6.32183908045977,9.195402298850574,4.022988505747127,5.747126436781609,0.5747126436781609,0.5747126436781609,0.0,1.7241379310344827,2.2988505747126435
E00174011,6.756756756756757,8.108108108108109,1.3513513513513513,2.7027027027027026,8.108108108108109,16.216216216216218,14.864864864864865,10.81081081081081,10.81081081081081,9.45945945945946,6.756756756756757,1.3513513513513513,0.0,0.0,2.7027027027027026,0.0,0.0,0.0
E00174032,2.4539877300613497,0.6134969325153374,1.8404907975460123,4.294478527607362,25.766871165644172,23.926380368098158,7.361963190184049,6.748466257668712,4.9079754601226995,4.294478527607362,7.361963190184049,3.067484662576687,2.4539877300613497,1.8404907975460123,0.6134969325153374,0.6134969325153374,1.8404907975460123,0.0
E00174033,8.333333333333334,6.25,4.166666666666667,4.166666666666667,6.25,16.666666666666668,8.333333333333334,4.166666666666667,12.5,6.25,10.416666666666666,2.0833333333333335,0.0,4.166666666666667,4.166666666666667,2.0833333333333335,0.0,0.0
E00016216,6.914893617021277,7.9787234042553195,4.787234042553192,2.6595744680851063,3.1914893617021276,8.51063829787234,15.957446808510639,15.425531914893616,13.297872340425531,4.787234042553192,4.787234042553192,3.723404255319149,3.723404255319149,0.5319148936170213,2.127659574468085,0.0,0.5319148936170213,1.0638297872340425
E00016236,6.117647058823529,5.411764705882353,4.9411764705882355,1.8823529411764706,4.705882352941177,12.705882352941176,15.764705882352942,11.294117647058824,14.117647058823529,7.764705882352941,5.176470588235294,4.9411764705882355,1.1764705882352942,2.1176470588235294,1.6470588235294117,0.0,0.23529411764705882,0.0
E00016246,19.047619047619047,2.380952380952381,4.761904761904762,4.761904761904762,0.0,7.142857142857143,21.428571428571427,4.761904761904762,0.0,7.142857142857143,9.523809523809524,2.380952380952381,7.142857142857143,4.761904761904762,4.761904761904762,0.0,0.0,0.0
E00016248,7.909604519774011,1.694915254237288,1.694915254237288,4.519774011299435,5.084745762711864,11.299435028248588,16.384180790960453,15.819209039548022,12.429378531073446,10.734463276836157,1.1299435028248588,3.389830508474576,3.389830508474576,0.5649717514124294,2.2598870056497176,0.0,1.1299435028248588,0.5649717514124294
E00016252,7.035175879396985,4.522613065326633,3.0150753768844223,6.532663316582915,3.5175879396984926,9.045226130653266,13.5678391959799,12.56281407035176,9.045226130653266,11.557788944723619,8.040201005025125,3.5175879396984926,2.0100502512562812,1.5075376884422111,0.5025125628140703,1.5075376884422111,1.0050251256281406,1.5075376884422111
E00016219,7.344632768361582,6.214689265536723,3.389830508474576,3.389830508474576,8.474576271186441,9.03954802259887,17.51412429378531,14.689265536723164,5.084745762711864,7.909604519774011,4.519774011299435,3.389830508474576,2.824858757062147,0.5649717514124294,1.694915254237288,2.2598870056497176,0.5649717514124294,1.1299435028248588
E00016220,8.51063829787234,1.0638297872340425,4.25531914893617,3.1914893617021276,7.446808510638298,9.574468085106384,15.957446808510639,12.76595744680851,6.382978723404255,7.446808510638298,6.382978723404255,3.1914893617021276,4.25531914893617,3.1914893617021276,2.127659574468085,2.127659574468085,2.127659574468085,0.0
E00016221,8.609271523178808,9.271523178807946,4.635761589403973,1.9867549668874172,5.298013245033113,7.947019867549669,13.907284768211921,12.582781456953642,12.582781456953642,4.635761589403973,4.635761589403973,2.6490066225165565,5.960264900662252,1.9867549668874172,0.6622516556291391,0.6622516556291391,0.6622516556291391,1.3245033112582782
E00016223,10.483870967741936,8.870967741935484,5.645161290322581,1.6129032258064515,4.838709677419355,7.258064516129032,7.258064516129032,15.32258064516129,7.258064516129032,6.451612903225806,4.032258064516129,4.032258064516129,10.483870967741936,2.4193548387096775,1.6129032258064515,0.8064516129032258,0.8064516129032258,0.8064516129032258
E00016225,6.837606837606837,5.982905982905983,4.273504273504273,0.8547008547008547,5.128205128205129,11.965811965811966,15.384615384615385,11.11111111111111,11.965811965811966,7.6923076923076925,5.128205128205129,2.5641025641025643,3.4188034188034186,1.7094017094017093,1.7094017094017093,0.8547008547008547,2.5641025641025643,0.8547008547008547
E00016255,5.0,8.0,3.0,2.0,3.0,9.0,20.0,15.0,9.0,9.0,7.0,5.0,3.0,0.0,2.0,0.0,0.0,0.0
E00016214,6.341463414634147,6.829268292682927,3.4146341463414633,3.4146341463414633,7.804878048780488,15.609756097560975,13.658536585365853,8.78048780487805,11.21951219512195,4.878048780487805,4.390243902439025,2.4390243902439024,3.902439024390244,1.951219512195122,2.4390243902439024,0.4878048780487805,2.4390243902439024,0.0
E00016215,5.2631578947368425,7.60233918128655,5.2631578947368425,2.9239766081871346,4.678362573099415,16.374269005847953,14.035087719298245,10.526315789473685,7.60233918128655,2.3391812865497075,6.432748538011696,6.432748538011696,4.678362573099415,1.1695906432748537,1.1695906432748537,1.1695906432748537,0.5847953216374269,1.7543859649122806
E00016217,5.2356020942408374,3.6649214659685865,6.806282722513089,4.712041884816754,3.6649214659685865,12.041884816753926,14.136125654450261,7.329842931937173,6.806282722513089,5.7591623036649215,8.37696335078534,5.2356020942408374,7.329842931937173,4.18848167539267,1.5706806282722514,1.5706806282722514,1.0471204188481675,0.5235602094240838
E00016237,3.9548022598870056,3.9548022598870056,5.084745762711864,3.9548022598870056,11.299435028248588,8.474576271186441,18.64406779661017,7.909604519774011,6.779661016949152,5.084745762711864,5.084745762711864,3.389830508474576,4.519774011299435,2.2598870056497176,1.694915254237288,3.9548022598870056,1.694915254237288,2.2598870056497176
