OA11CD,UK language,European Language (EU),European Language (non EU),European Language (non-national),West/Central Asian Language,South Asian Language,East Asian Language,Oceanic/Australian language (any),North/South American language (any),Caribbean Creole,African Language,Other Languages,Sign Language
E00016403,70.57057057057057,13.213213213213212,0.6006006006006006,0.0,1.5015015015015014,3.303303303303303,3.303303303303303,0.0,0.0,0.0,7.207207207207206,0.3003003003003003,0.0
E00016437,77.51479289940828,6.508875739644971,2.366863905325444,0.0,0.9861932938856016,2.366863905325444,7.495069033530571,0.0,0.0,0.0,2.7613412228796843,0.0,0.0
E00016439,74.56647398843931,16.184971098265894,0.8670520231213873,0.0,2.601156069364162,1.1560693641618498,1.7341040462427748,0.0,0.0,0.0,2.8901734104046244,0.0,0.0
E00016442,78.52760736196319,10.736196319018404,0.0,0.0,0.6134969325153374,2.4539877300613497,4.294478527607362,0.0,0.0,0.0,3.374233128834356,0.0,0.0
E00016399,80.63063063063063,5.405405405405405,1.3513513513513513,0.0,3.6036036036036037,1.5765765765765765,4.2792792792792795,0.0,0.0,0.0,3.153153153153153,0.0,0.0
E00016401,70.88607594936708,12.341772151898734,2.2151898734177213,0.0,3.7974683544303796,1.5822784810126582,7.2784810126582276,0.0,0.0,0.0,1.5822784810126582,0.31645569620253167,0.0
E00016406,85.9375,4.0625,0.0,0.0,1.875,0.0,4.6875,0.0,0.0,0.0,3.125,0.3125,0.0
E00016435,76.76767676767676,7.575757575757576,1.0101010101010102,0.0,2.777777777777778,1.7676767676767677,7.828282828282829,0.0,0.0,0.0,2.0202020202020203,0.25252525252525254,0.0
E00016395,76.78571428571429,14.642857142857144,0.0,0.0,1.0714285714285714,1.7857142857142858,2.857142857142857,0.0,0.0,0.0,2.857142857142857,0.0,0.0
E00016404,63.687150837988824,17.877094972067038,1.675977653631285,0.0,6.145251396648044,3.631284916201117,6.145251396648044,0.0,0.0,0.0,0.8379888268156424,0.0,0.0
E00016405,60.738255033557046,22.818791946308725,0.33557046979865773,0.0,5.704697986577181,1.6778523489932886,7.046979865771812,0.0,0.0,0.0,1.0067114093959733,0.6711409395973155,0.0
E00016408,71.32867132867133,20.27972027972028,0.0,0.0,0.6993006993006993,4.895104895104895,1.3986013986013985,0.0,0.0,0.0,1.3986013986013985,0.0,0.0
E00016410,71.11801242236025,16.770186335403725,0.0,0.0,3.7267080745341614,1.8633540372670807,5.900621118012422,0.0,0.0,0.0,0.6211180124223602,0.0,0.0
E00016438,49.78540772532189,27.038626609442062,0.8583690987124464,0.0,7.296137339055794,4.291845493562231,9.012875536480687,0.0,0.0,0.0,1.7167381974248928,0.0,0.0
E00016398,84.33734939759036,4.8192771084337345,0.0,0.0,2.4096385542168677,0.40160642570281124,4.417670682730924,0.0,0.0,0.0,3.6144578313253013,0.0,0.0
E00016431,80.68669527896996,12.446351931330474,0.8583690987124464,0.0,2.1459227467811157,0.0,2.1459227467811157,0.0,0.0,0.0,0.8583690987124464,0.8583690987124464,0.0
E00016432,75.44378698224853,9.467455621301776,0.591715976331361,0.0,4.1420118343195265,1.183431952662722,7.100591715976332,0.0,0.0,0.0,2.0710059171597632,0.0,0.0
E00016434,74.23469387755102,8.16326530612245,1.2755102040816326,0.0,1.2755102040816326,2.0408163265306123,7.3979591836734695,0.0,0.0,0.0,5.612244897959184,0.0,0.0
E00173943,79.93827160493827,8.333333333333334,1.2345679012345678,0.0,4.320987654320987,0.30864197530864196,1.8518518518518519,0.0,0.0,0.0,4.012345679012346,0.0,0.0
E00173946,63.75,19.0625,0.0,0.0,5.625,0.9375,9.375,0.0,0.0,0.0,1.25,0.0,0.0
E00016397,67.31182795698925,14.623655913978492,0.6451612903225806,0.0,1.7204301075268817,0.6451612903225806,7.741935483870968,0.0,0.0,0.0,6.666666666666666,0.6451612903225806,0.0
E00016433,78.57142857142857,12.244897959183675,0.6802721088435374,0.0,1.3605442176870748,1.7006802721088436,3.061224489795918,0.0,0.0,0.0,2.380952380952381,0.0,0.0
E00016436,74.61139896373057,17.616580310880828,1.0362694300518134,0.5181347150259067,0.5181347150259067,0.0,2.0725388601036268,0.0,0.0,0.0,3.6269430051813467,0.0,0.0
E00016440,75.87301587301587,7.6190476190476195,0.6349206349206349,0.0,0.6349206349206349,2.857142857142857,3.174603174603174,0.0,0.0,0.31746031746031744,8.88888888888889,0.0,0.0
E00016441,79.09738717339667,10.926365795724465,0.7125890736342043,0.0,1.4251781472684084,0.2375296912114014,3.0878859857482186,0.0,0.0,0.0,4.275534441805226,0.2375296912114014,0.0
E00016412,72.7810650887574,12.130177514792901,0.2958579881656805,0.0,3.550295857988166,0.591715976331361,7.692307692307692,0.0,0.0,0.0,2.9585798816568047,0.0,0.0
E00016414,75.0,7.317073170731707,0.9146341463414634,0.0,6.097560975609756,2.7439024390243905,4.2682926829268295,0.0,0.0,0.0,3.6585365853658534,0.0,0.0
E00016418,81.23393316195373,7.197943444730078,0.5141388174807198,0.0,1.2853470437017993,3.0848329048843186,4.370179948586118,0.0,0.0,0.0,1.799485861182519,0.2570694087403599,0.2570694087403599
E00016422,78.37837837837837,3.303303303303303,1.2012012012012012,0.0,4.2042042042042045,1.5015015015015014,7.5075075075075075,0.0,0.0,0.0,3.603603603603603,0.3003003003003003,0.0
E00016402,72.47386759581882,6.968641114982578,0.0,0.0,3.4843205574912894,0.6968641114982579,6.62020905923345,0.0,0.0,0.0,9.05923344947735,0.6968641114982579,0.0
E00016407,68.57142857142857,18.77551020408163,0.0,0.0,3.673469387755102,2.0408163265306123,2.857142857142857,0.0,0.0,0.0,3.2653061224489797,0.8163265306122449,0.0
E00016409,72.14484679665738,8.635097493036213,0.8356545961002786,0.0,3.621169916434541,0.2785515320334262,9.47075208913649,0.0,0.0,0.0,5.013927576601671,0.0,0.0
E00016411,73.01136363636364,9.943181818181818,1.1363636363636365,0.0,2.556818181818182,4.545454545454546,5.113636363636364,0.0,0.0,0.0,3.125,0.2840909090909091,0.2840909090909091
E00016413,76.10921501706484,9.556313993174061,2.0477815699658706,0.0,3.7542662116040955,1.7064846416382253,4.77815699658703,0.0,0.0,0.0,1.7064846416382253,0.0,0.3412969283276451
E00016415,77.98165137614679,7.339449541284402,0.9174311926605504,0.0,4.587155963302752,0.3058103975535168,3.058103975535168,0.0,0.0,0.0,5.810397553516819,0.0,0.0
E00016416,74.59677419354838,9.67741935483871,0.8064516129032258,0.0,2.016129032258064,0.8064516129032258,7.661290322580644,0.0,0.0,0.0,4.435483870967742,0.0,0.0
E00016419,78.22349570200574,5.730659025787966,0.0,0.0,2.292263610315186,2.8653295128939824,5.444126074498568,0.0,0.0,0.0,5.444126074498567,0.0,0.0
E00016420,74.22360248447205,5.590062111801243,1.8633540372670807,0.0,1.8633540372670807,0.0,9.937888198757765,0.0,0.0,0.0,6.521739130434784,0.0,0.0
E00173947,72.97297297297297,11.148648648648651,1.689189189189189,0.0,3.716216216216216,1.3513513513513513,6.081081081081081,0.0,0.0,0.0,2.027027027027027,1.0135135135135136,0.0
E00173948,58.38150289017341,14.739884393063587,0.5780346820809249,0.0,16.184971098265898,2.601156069364162,5.780346820809249,0.0,0.0,0.0,1.4450867052023122,0.28901734104046245,0.0
E00016417,76.99115044247787,6.48967551622419,1.1799410029498525,0.0,1.4749262536873156,0.2949852507374631,11.2094395280236,0.0,0.0,0.0,2.064896755162242,0.2949852507374631,0.0
E00016421,65.48042704626334,4.270462633451957,2.491103202846975,0.0,6.761565836298932,3.2028469750889683,8.896797153024911,0.0,0.0,0.0,8.89679715302491,0.0,0.0
E00016423,70.67448680351906,6.451612903225807,0.0,0.0,1.1730205278592376,3.5190615835777126,10.263929618768328,0.0,0.0,0.0,6.744868035190615,1.1730205278592376,0.0
E00016424,78.81944444444444,1.3888888888888888,1.0416666666666667,0.0,3.4722222222222223,2.7777777777777777,10.069444444444443,0.0,0.0,0.0,2.083333333333333,0.3472222222222222,0.0
E00016427,73.87387387387388,9.00900900900901,2.7027027027027026,0.0,2.2522522522522523,0.0,6.306306306306306,0.0,0.0,0.0,5.405405405405405,0.45045045045045046,0.0
E00016396,84.765625,3.125,0.0,0.0,2.34375,1.5625,5.078125,0.0,0.0,0.0,3.125,0.0,0.0
E00016426,70.94594594594595,10.135135135135135,1.0135135135135136,0.0,3.716216216216216,4.054054054054054,3.3783783783783785,0.0,0.0,0.0,5.743243243243243,0.0,1.0135135135135136
E00016428,70.06172839506173,15.4320987654321,0.6172839506172839,0.0,3.3950617283950617,1.2345679012345678,6.1728395061728385,0.0,0.0,0.0,2.7777777777777777,0.30864197530864196,0.0
E00016429,89.91935483870968,2.4193548387096775,0.4032258064516129,0.0,0.0,2.419354838709677,4.032258064516129,0.0,0.0,0.0,0.8064516129032258,0.0,0.0
E00016430,76.953125,3.90625,0.0,0.0,1.171875,2.34375,9.375,0.0,0.0,0.0,5.859375,0.0,0.390625
E00016680,64.70588235294117,19.11764705882353,0.9803921568627451,0.0,4.901960784313725,4.411764705882352,3.9215686274509807,0.0,0.0,0.0,1.4705882352941175,0.49019607843137253,0.0
E00016716,69.6113074204947,19.08127208480565,0.7067137809187279,0.0,4.593639575971731,0.35335689045936397,1.76678445229682,0.0,0.0,0.0,3.5335689045936394,0.35335689045936397,0.0
E00016717,62.35294117647059,24.117647058823533,1.7647058823529411,0.0,2.9411764705882355,2.9411764705882355,2.9411764705882355,0.0,0.0,0.0,2.9411764705882355,0.0,0.0
E00016719,84.81012658227849,4.641350210970465,0.0,0.0,1.2658227848101267,0.0,4.641350210970464,0.0,0.0,0.0,3.3755274261603376,1.2658227848101267,0.0
E00016720,67.9054054054054,18.918918918918926,1.3513513513513513,0.0,3.716216216216216,0.33783783783783783,2.027027027027027,0.0,0.0,0.0,5.743243243243243,0.0,0.0
E00016725,60.55045871559633,20.183486238532115,0.45871559633027525,0.0,1.834862385321101,0.0,2.7522935779816513,0.0,0.0,0.0,14.220183486238533,0.0,0.0
E00016706,71.42857142857143,8.658008658008658,0.4329004329004329,0.0,0.0,1.7316017316017316,0.8658008658008658,0.0,0.0,0.4329004329004329,16.450216450216452,0.0,0.0
E00016708,80.8955223880597,11.343283582089553,0.29850746268656714,0.0,0.8955223880597014,0.0,2.6865671641791042,0.0,0.0,0.0,3.283582089552239,0.0,0.5970149253731343
E00016709,79.3010752688172,10.483870967741936,0.26881720430107525,0.0,3.4946236559139785,1.3440860215053763,3.494623655913978,0.0,0.0,0.0,1.6129032258064515,0.0,0.0
E00016714,74.20494699646643,13.074204946996467,1.76678445229682,0.0,1.4134275618374559,0.35335689045936397,5.6537102473498235,0.0,0.0,0.0,3.5335689045936394,0.0,0.0
E00016715,86.52037617554859,7.210031347962383,0.31347962382445144,0.0,0.6269592476489029,1.567398119122257,2.1943573667711602,0.0,0.0,0.0,1.5673981191222572,0.0,0.0
E00016675,59.174311926605505,27.981651376146793,0.9174311926605505,0.0,4.587155963302752,1.834862385321101,3.2110091743119265,0.0,0.0,0.0,1.834862385321101,0.45871559633027525,0.0
E00016677,69.47791164658635,13.654618473895583,1.2048192771084336,0.0,3.4136546184738954,1.2048192771084338,10.843373493975903,0.0,0.0,0.0,0.20080321285140562,0.0,0.0
E00016683,69.55017301038062,17.99307958477509,2.0761245674740483,0.0,3.1141868512110724,1.3840830449826989,2.7681660899653977,0.0,0.0,0.0,3.1141868512110724,0.0,0.0
E00016697,78.73563218390805,7.471264367816092,1.1494252873563218,0.0,2.2988505747126435,3.735632183908046,3.4482758620689657,0.0,0.0,0.0,3.1609195402298846,0.0,0.0
E00173940,86.47058823529412,4.705882352941177,0.0,0.0,1.1764705882352942,3.5294117647058822,2.0588235294117645,0.0,0.0,0.0,1.1764705882352942,0.8823529411764706,0.0
E00173949,69.25133689839572,17.914438502673793,1.3368983957219251,0.0,1.8716577540106951,0.5347593582887701,7.486631016042781,0.0,0.0,0.0,1.3368983957219251,0.26737967914438504,0.0
E00016684,69.54545454545455,17.272727272727273,0.45454545454545453,0.0,2.2727272727272725,0.9090909090909091,7.727272727272727,0.0,0.0,0.0,1.3636363636363635,0.45454545454545453,0.0
E00016687,75.29411764705883,11.764705882352938,0.5882352941176471,0.0,5.294117647058823,0.0,5.88235294117647,0.0,0.0,0.0,1.1764705882352942,0.0,0.0
E00016694,75.47169811320755,8.176100628930818,0.6289308176100629,0.0,1.8867924528301887,2.830188679245283,5.9748427672955975,0.0,0.0,0.0,4.716981132075472,0.31446540880503143,0.0
E00016718,79.67479674796748,4.878048780487805,0.0,0.0,3.252032520325203,3.658536585365854,4.471544715447155,0.0,0.0,0.0,3.6585365853658534,0.4065040650406504,0.0
E00016721,78.87931034482759,8.189655172413794,2.1551724137931036,0.0,1.7241379310344827,0.8620689655172413,3.4482758620689653,0.0,0.0,0.0,4.741379310344827,0.0,0.0
E00016723,75.29411764705883,9.803921568627452,0.39215686274509803,0.0,2.7450980392156863,2.3529411764705883,4.313725490196078,0.0,0.0,0.0,5.098039215686275,0.0,0.0
E00016679,88.06451612903226,2.580645161290323,0.0,0.0,0.967741935483871,0.6451612903225806,1.6129032258064515,0.0,0.0,2.5806451612903225,2.258064516129032,0.6451612903225806,0.6451612903225806
E00016689,91.08527131782945,3.4883720930232562,0.3875968992248062,0.0,1.550387596899225,0.0,1.550387596899225,0.0,0.0,0.0,1.9379844961240311,0.0,0.0
E00016693,81.36094674556213,7.988165680473373,0.2958579881656805,0.0,2.0710059171597632,2.366863905325444,3.8461538461538467,0.0,0.0,0.0,2.0710059171597632,0.0,0.0
E00016701,82.3529411764706,11.764705882352942,0.0,0.0,1.3574660633484164,0.0,1.8099547511312217,0.0,0.0,0.0,2.7149321266968327,0.0,0.0
E00173939,84.31372549019608,8.823529411764705,2.450980392156863,0.0,0.9803921568627451,0.0,0.0,0.0,0.0,0.0,3.4313725490196076,0.0,0.0
E00016210,78.18181818181819,9.393939393939394,0.0,0.0,1.5151515151515151,1.5151515151515151,4.242424242424242,0.0,0.0,0.0,4.545454545454546,0.6060606060606061,0.0
E00016239,77.56410256410257,13.461538461538462,0.0,0.0,4.487179487179487,0.32051282051282054,2.243589743589744,0.0,0.0,0.0,1.6025641025641026,0.32051282051282054,0.0
E00016240,84.33734939759036,8.433734939759038,0.6024096385542169,0.0,0.6024096385542169,2.4096385542168677,0.6024096385542169,0.0,0.0,0.0,3.0120481927710845,0.0,0.0
E00016241,81.72043010752688,6.093189964157706,0.0,0.0,1.4336917562724014,2.5089605734767026,6.451612903225806,0.0,0.0,0.0,1.7921146953405018,0.0,0.0
E00016245,75.47892720306514,8.045977011494253,0.0,0.0,1.9157088122605366,2.2988505747126435,8.42911877394636,0.0,0.0,0.0,3.8314176245210736,0.0,0.0
E00016211,84.9802371541502,9.090909090909092,0.0,0.0,1.5810276679841897,1.5810276679841897,0.7905138339920948,0.0,0.0,0.0,1.976284584980237,0.0,0.0
E00016213,80.74712643678161,9.195402298850574,0.28735632183908044,0.0,3.4482758620689653,0.5747126436781609,3.4482758620689657,0.0,0.0,0.0,2.2988505747126435,0.0,0.0
E00016244,84.70254957507082,11.04815864022663,0.0,0.0,0.0,0.8498583569405099,1.6997167138810199,0.0,0.0,0.0,1.6997167138810199,0.0,0.0
E00016250,88.12260536398468,9.578544061302681,0.0,0.0,1.5325670498084292,0.0,0.0,0.0,0.0,0.0,0.7662835249042146,0.0,0.0
E00174011,59.40594059405941,12.871287128712872,0.0,0.0,11.881188118811881,10.89108910891089,3.9603960396039604,0.0,0.0,0.0,0.9900990099009901,0.0,0.0
E00174032,83.16221765913758,13.96303901437372,0.2053388090349076,0.0,0.0,0.0,1.6427104722792605,0.0,0.0,0.0,1.0266940451745379,0.0,0.0
E00174033,91.66666666666666,6.666666666666666,0.0,0.0,0.0,0.0,0.0,0.0,0.0,0.0,1.6666666666666667,0.0,0.0
E00016216,85.84905660377359,8.80503144654088,0.31446540880503143,0.0,0.31446540880503143,1.2578616352201257,0.9433962264150944,0.0,0.0,0.0,2.20125786163522,0.0,0.31446540880503143
E00016236,68.25842696629213,21.348314606741575,0.2808988764044944,0.0,2.808988764044944,3.9325842696629216,0.5617977528089888,0.0,0.0,0.0,1.9662921348314608,0.0,0.8426966292134831
E00016246,80.48780487804878,6.097560975609755,0.6097560975609756,0.0,3.658536585365854,3.048780487804878,2.7439024390243905,0.0,0.0,0.0,3.3536585365853657,0.0,0.0
E00016248,83.55263157894737,10.197368421052632,0.0,0.0,0.986842105263158,0.0,4.276315789473684,0.0,0.0,0.0,0.986842105263158,0.0,0.0
E00016252,87.25212464589235,5.09915014164306,0.0,0.0,5.09915014164306,0.0,0.56657223796034,0.0,0.0,0.0,1.6997167138810199,0.28328611898017,0.0
E00016214,84.55284552845528,10.027100271002707,0.27100271002710025,0.0,1.6260162601626016,1.084010840108401,1.8970189701897018,0.0,0.0,0.0,0.0,0.5420054200542005,0.0
E00016215,87.54208754208754,8.080808080808081,1.0101010101010102,0.0,0.3367003367003367,1.0101010101010102,0.6734006734006734,0.0,0.0,0.0,1.3468013468013469,0.0,0.0
E00016217,91.02564102564102,3.333333333333333,0.5128205128205128,0.0,3.0769230769230766,0.2564102564102564,1.0256410256410255,0.0,0.0,0.0,0.7692307692307692,0.0,0.0
E00016237,83.74558303886926,6.360424028268551,2.1201413427561837,0.0,4.240282685512367,1.0600706713780919,1.4134275618374559,0.0,0.0,0.0,1.0600706713780919,0.0,0.0
E00016247,91.76029962546816,5.992509363295881,0.0,0.0,0.7490636704119851,0.0,0.37453183520599254,0.0,0.0,0.0,1.1235955056179776,0.0,0.0
E00016253,81.93979933110369,11.371237458193985,0.6688963210702341,0.0,2.0066889632107023,0.0,3.678929765886288,0.0,0.0,0.0,0.33444816053511706,0.0,0.0
E00016209,82.01970443349754,8.620689655172413,0.0,0.0,1.7241379310344827,1.7241379310344827,3.940886699507389,0.0,0.0,0.0,1.7241379310344827,0.24630541871921183,0.0
E00016235,77.28937728937728,12.454212454212456,2.1978021978021975,0.0,1.8315018315018312,0.7326007326007326,4.395604395604395,0.0,0.0,0.0,1.0989010989010988,0.0,0.0
E00016238,82.58575197889182,8.970976253298153,0.2638522427440633,0.0,1.5831134564643798,2.9023746701846966,2.9023746701846966,0.0,0.0,0.0,0.79155672823219,0.0,0.0
E00173941,77.9385171790235,7.956600361663653,1.8083182640144666,0.0,1.4466546112115732,1.0849909584086799,9.222423146473778,0.0,0.0,0.0,0.5424954792043399,0.0,0.0
E00173942,57.142857142857146,15.873015873015873,0.7936507936507936,0.0,5.555555555555556,0.0,19.444444444444443,0.0,0.0,0.0,1.1904761904761905,0.0,0.0
E00016881,73.6842105263158,9.649122807017545,0.8771929824561403,0.0,3.0701754385964914,4.824561403508772,6.140350877192983,0.0,0.0,0.0,1.7543859649122808,0.0,0.0
E00016915,72.51908396946565,15.64885496183206,0.0,0.0,4.580152671755726,0.7633587786259542,2.290076335877863,0.0,0.0,0.0,4.198473282442748,0.0,0.0
E00016916,79.94011976047904,8.682634730538922,0.5988023952095808,0.0,0.8982035928143712,0.0,3.8922155688622753,0.0,0.0,0.0,5.988023952095809,0.0,0.0
E00016920,79.07692307692308,7.999999999999999,0.9230769230769231,0.0,2.153846153846154,0.3076923076923077,4.9230769230769225,0.0,0.0,0.0,4.3076923076923075,0.3076923076923077,0.0
E00173950,67.19367588932806,15.810276679841897,0.3952569169960474,0.0,3.557312252964427,1.5810276679841897,9.881422924901186,0.0,0.0,0.0,1.1857707509881423,0.0,0.3952569169960474
E00173951,79.86798679867987,3.3003300330033003,0.9900990099009901,0.0,4.29042904290429,3.9603960396039604,3.9603960396039604,0.0,0.0,0.0,3.3003300330033003,0.0,0.33003300330033003
E00016921,75.17241379310344,14.137931034482762,0.0,0.0,4.482758620689656,0.6896551724137931,2.0689655172413794,0.0,0.0,0.0,3.448275862068966,0.0,0.0
E00016922,80.1980198019802,11.551155115511548,0.33003300330033003,0.0,2.31023102310231,0.0,2.6402640264026402,0.0,0.0,0.0,2.6402640264026402,0.0,0.33003300330033003
E00016923,77.8082191780822,10.13698630136986,0.547945205479452,0.0,4.931506849315069,0.0,1.643835616438356,0.0,0.0,0.0,4.10958904109589,0.821917808219178,0.0
E00016925,80.76923076923077,15.624999999999998,0.0,0.0,0.2403846153846154,0.2403846153846154,1.923076923076923,0.4807692307692308,0.0,0.0,0.7211538461538461,0.0,0.0
E00016926,86.62420382165605,8.280254777070065,0.0,0.0,0.0,0.0,2.547770700636943,0.0,0.0,0.0,2.229299363057325,0.0,0.3184713375796178
E00016917,72.64957264957265,23.290598290598286,0.0,0.0,1.7094017094017093,0.42735042735042733,1.7094017094017093,0.0,0.0,0.0,0.21367521367521367,0.0,0.0
E00016918,78.67036011080333,13.850415512465375,0.0,0.0,2.4930747922437675,0.554016620498615,1.10803324099723,0.0,0.0,0.0,3.3240997229916895,0.0,0.0
E00016919,87.26708074534162,9.006211180124225,0.3105590062111801,0.0,0.9316770186335404,0.6211180124223602,1.5527950310559004,0.0,0.0,0.0,0.3105590062111801,0.0,0.0
E00016924,82.03883495145631,9.223300970873787,0.24271844660194175,0.0,2.4271844660194173,0.24271844660194175,4.126213592233009,0.0,0.0,0.24271844660194175,1.4563106796116503,0.0,0.0
E00016927,84.82758620689656,8.96551724137931,0.6896551724137931,0.0,1.0344827586206897,0.6896551724137931,1.7241379310344829,0.0,0.0,0.0,2.0689655172413794,0.0,0.0
E00016879,84.72222222222223,5.787037037037037,0.0,0.0,3.009259259259259,3.935185185185185,1.6203703703703702,0.0,0.0,0.0,0.6944444444444444,0.0,0.23148148148148148
E00016884,88.855421686747,8.433734939759036,0.6024096385542169,0.0,0.6024096385542169,0.0,0.30120481927710846,0.0,0.0,0.0,0.0,1.2048192771084338,0.0
E00016886,86.70694864048339,9.365558912386707,0.0,0.0,0.6042296072507553,0.3021148036253776,3.0211480362537766,0.0,0.0,0.0,0.0,0.0,0.0
E00016893,90.08498583569406,5.94900849858357,0.0,0.0,2.54957507082153,0.0,0.8498583569405099,0.0,0.0,0.0,0.56657223796034,0.0,0.0
E00016885,88.84758364312268,5.20446096654275,1.1152416356877324,0.0,2.6022304832713754,0.0,1.1152416356877324,0.0,0.0,0.0,0.7434944237918215,0.37174721189591076,0.0
E00016887,88.73239436619718,5.164319248826291,0.0,0.0,1.8779342723004695,0.4694835680751174,3.2863849765258215,0.0,0.0,0.0,0.4694835680751174,0.0,0.0
E00016889,85.8695652173913,5.434782608695651,0.7246376811594203,0.0,0.7246376811594203,2.898550724637681,0.7246376811594203,0.0,0.0,0.0,3.623188405797101,0.0,0.0
E00016890,73.99267399267399,13.91941391941392,0.0,0.0,4.395604395604396,0.0,3.2967032967032965,0.0,0.0,0.0,4.395604395604396,0.0,0.0
E00016895,89.96282527881041,5.576208178438661,0.0,0.0,3.7174721189591073,0.0,0.37174721189591076,0.0,0.0,0.0,0.0,0.0,0.37174721189591076
E00016159,89.96138996138995,2.3166023166023164,3.088803088803089,0.0,2.316602316602317,0.7722007722007722,1.1583011583011582,0.0,0.0,0.0,0.3861003861003861,0.0,0.0
E00016173,91.66666666666667,4.166666666666667,0.6944444444444444,0.0,1.7361111111111112,0.3472222222222222,0.6944444444444444,0.0,0.0,0.0,0.6944444444444444,0.0,0.0
E00016176,88.85017421602788,6.968641114982579,0.34843205574912894,0.0,2.090592334494773,0.0,0.6968641114982579,0.0,0.0,0.0,1.0452961672473868,0.0,0.0
E00016184,80.50847457627118,9.745762711864405,0.0,0.0,4.23728813559322,2.11864406779661,2.542372881355932,0.0,0.0,0.0,0.847457627118644,0.0,0.0
E00016186,83.61774744027304,7.508532423208191,1.0238907849829353,0.0,2.3890784982935154,3.071672354948806,1.7064846416382253,0.0,0.0,0.0,0.6825938566552902,0.0,0.0
E00016188,90.29850746268657,6.343283582089553,0.0,0.0,1.492537313432836,1.119402985074627,0.373134328358209,0.0,0.0,0.0,0.373134328358209,0.0,0.0
E00016164,86.6096866096866,7.122507122507123,0.5698005698005698,0.0,1.4245014245014245,1.1396011396011396,1.1396011396011396,0.0,0.0,0.0,1.7094017094017093,0.2849002849002849,0.0
E00016170,74.17218543046357,6.95364238410596,3.3112582781456954,0.0,2.6490066225165565,2.3178807947019866,7.615894039735099,0.0,0.0,0.0,2.649006622516556,0.0,0.33112582781456956
E00016175,87.45874587458746,6.270627062706271,1.3201320132013201,0.0,0.6600660066006601,0.0,2.6402640264026402,0.0,0.0,0.0,1.3201320132013201,0.0,0.33003300330033003
E00016181,89.0282131661442,6.269592476489028,0.31347962382445144,0.0,1.5673981191222572,1.2539184952978057,0.31347962382445144,0.0,0.0,0.0,1.2539184952978057,0.0,0.0
E00016182,92.40506329113924,5.696202531645569,0.0,0.0,0.949367088607595,0.0,0.31645569620253167,0.0,0.0,0.0,0.6329113924050633,0.0,0.0
E00016162,92.33870967741936,4.838709677419355,0.0,0.0,0.4032258064516129,1.2096774193548387,1.2096774193548385,0.0,0.0,0.0,0.0,0.0,0.0
E00016198,77.09923664122137,8.396946564885496,2.2900763358778624,0.0,3.8167938931297707,1.9083969465648853,1.9083969465648856,0.0,0.0,0.0,4.580152671755726,0.0,0.0
E00016202,83.62369337979094,3.1358885017421603,1.7421602787456445,0.0,4.181184668989547,3.484320557491289,1.7421602787456447,0.0,0.0,0.0,2.0905923344947737,0.0,0.0
E00016205,93.25396825396825,5.555555555555555,0.0,0.0,0.3968253968253968,0.0,0.7936507936507936,0.0,0.0,0.0,0.0,0.0,0.0
E00016208,84.64419475655431,11.235955056179776,2.6217228464419478,0.0,0.0,0.0,1.1235955056179776,0.0,0.0,0.0,0.37453183520599254,0.0,0.0
E00016199,80.82191780821918,7.534246575342467,0.0,0.0,2.397260273972603,3.7671232876712333,2.3972602739726026,0.0,0.0,0.0,3.0821917808219177,0.0,0.0
E00016200,70.8994708994709,5.82010582010582,0.5291005291005291,0.0,1.0582010582010581,3.1746031746031744,7.407407407407407,0.0,0.0,0.0,11.11111111111111,0.0,0.0
E00016201,68.9873417721519,6.329113924050633,1.2658227848101267,0.0,6.962025316455697,6.329113924050633,2.5316455696202533,0.0,0.0,0.0,7.594936708860759,0.0,0.0
E00016203,83.8487972508591,3.7800687285223367,0.0,0.0,0.6872852233676976,2.0618556701030926,6.185567010309278,0.0,0.0,0.0,3.436426116838488,0.0,0.0
E00016207,86.96883852691218,3.39943342776204,1.4164305949008498,0.0,1.6997167138810199,2.26628895184136,1.9830028328611897,0.0,0.0,0.0,1.9830028328611897,0.28328611898017,0.0
E00016163,82.6086956521739,6.354515050167224,3.6789297658862874,0.0,0.33444816053511706,2.6755852842809364,3.0100334448160533,0.0,0.0,0.0,1.3377926421404682,0.0,0.0
E00016165,81.08108108108108,15.057915057915059,0.7722007722007722,0.0,1.1583011583011582,0.7722007722007722,1.1583011583011582,0.0,0.0,0.0,0.0,0.0,0.0
E00016168,91.2280701754386,8.187134502923975,0.0,0.0,0.0,0.0,0.0,0.0,0.0,0.0,0.5847953216374269,0.0,0.0
E00016169,88.12949640287769,5.755395683453236,0.7194244604316546,0.0,1.7985611510791366,2.5179856115107913,0.7194244604316546,0.0,0.0,0.0,0.3597122302158273,0.0,0.0
E00016172,71.05263157894737,9.649122807017545,1.7543859649122806,0.0,2.1929824561403506,12.280701754385966,2.631578947368421,0.0,0.0,0.0,0.0,0.43859649122807015,0.0
E00016177,88.75,7.499999999999999,0.8333333333333334,0.0,0.0,1.6666666666666667,1.25,0.0,0.0,0.0,0.0,0.0,0.0
E00016219,88.84462151394422,7.968127490039841,0.0,0.0,1.195219123505976,0.398406374501992,0.796812749003984,0.0,0.0,0.0,0.796812749003984,0.0,0.0
E00016220,87.54863813229572,10.116731517509729,0.0,0.0,0.38910505836575876,0.0,1.1673151750972763,0.0,0.0,0.0,0.0,0.7782101167315175,0.0
E00016221,83.05084745762711,11.1864406779661,0.6779661016949152,0.0,0.3389830508474576,1.694915254237288,1.3559322033898304,0.0,0.0,0.3389830508474576,1.0169491525423728,0.0,0.3389830508474576
E00016223,85.11627906976744,7.441860465116279,0.0,0.0,4.651162790697675,0.0,2.7906976744186047,0.0,0.0,0.0,0.0,0.0,0.0
E00016225,80.95238095238095,12.301587301587302,0.0,0.0,0.7936507936507936,0.0,3.571428571428571,0.0,0.0,0.0,2.380952380952381,0.0,0.0
E00016255,87.27272727272727,10.454545454545455,1.3636363636363635,0.0,0.0,0.0,0.9090909090909091,0.0,0.0,0.0,0.0,0.0,0.0
E00016218,80.0,14.042553191489361,0.851063829787234,0.0,0.851063829787234,2.5531914893617023,1.2765957446808511,0.0,0.0,0.0,0.425531914893617,0.0,0.0
E00016222,79.76539589442815,13.489736070381232,0.0,0.0,3.2258064516129035,0.5865102639296188,0.2932551319648094,0.0,0.0,0.0,2.052785923753666,0.0,0.5865102639296188
E00016224,84.95297805642633,8.15047021943574,0.31347962382445144,0.0,1.5673981191222572,0.6269592476489029,3.134796238244514,0.0,0.0,0.0,1.2539184952978057,0.0,0.0
E00016226,86.7741935483871,9.677419354838708,0.3225806451612903,0.0,0.967741935483871,0.6451612903225806,1.2903225806451613,0.0,0.0,0.0,0.3225806451612903,0.0,0.0
E00016227,80.56338028169014,10.140845070422534,0.28169014084507044,0.0,1.4084507042253522,1.1267605633802817,5.915492957746479,0.0,0.0,0.0,0.28169014084507044,0.28169014084507044,0.0
E00016228,87.41007194244604,6.474820143884892,1.079136690647482,0.0,1.7985611510791366,1.7985611510791366,1.079136690647482,0.0,0.0,0.0,0.3597122302158273,0.0,0.0
E00016229,85.18518518518519,10.370370370370368,0.24691358024691357,0.0,1.2345679012345678,1.2345679012345678,0.49382716049382713,0.0,0.0,0.0,0.9876543209876543,0.24691358024691357,0.0
E00016230,90.96385542168674,3.91566265060241,0.0,0.0,2.4096385542168677,1.5060240963855422,1.2048192771084338,0.0,0.0,0.0,0.0,0.0,0.0
E00016231,80.85808580858085,9.57095709570957,0.0,0.0,1.3201320132013201,3.6303630363036303,0.9900990099009901,0.0,0.0,0.0,3.3003300330033003,0.0,0.33003300330033003
E00016232,77.58620689655173,13.448275862068968,0.0,0.0,3.793103448275862,3.1034482758620694,0.0,0.0,0.0,0.3448275862068966,1.3793103448275863,0.3448275862068966,0.0
E00016233,88.0466472303207,3.7900874635568518,0.5830903790087464,0.0,2.915451895043732,1.7492711370262393,0.2915451895043732,0.0,0.0,0.0,2.0408163265306123,0.5830903790087464,0.0
E00016212,89.1025641025641,7.051282051282052,0.0,0.0,0.0,0.0,0.6410256410256411,0.0,0.0,0.0,3.2051282051282053,0.0,0.0
E00016249,87.55186721991701,4.149377593360996,0.0,0.0,0.4149377593360996,1.2448132780082988,3.319502074688797,0.0,0.0,0.0,3.3195020746887964,0.0,0.0
E00016254,90.22082018927445,5.993690851735015,0.6309148264984227,0.0,0.31545741324921134,1.8927444794952681,0.6309148264984227,0.0,0.0,0.0,0.31545741324921134,0.0,0.0
E00173952,87.23404255319149,6.382978723404256,0.851063829787234,0.0,1.2765957446808511,0.0,2.9787234042553195,0.0,0.0,0.0,0.851063829787234,0.425531914893617,0.0
E00174016,84.48275862068965,8.189655172413794,0.0,0.0,1.293103448275862,0.43103448275862066,2.155172413793103,0.0,0.0,0.8620689655172413,2.586206896551724,0.0,0.0
E00174022,86.63366336633663,6.9306930693069315,0.0,0.0,0.49504950495049505,0.0,4.455445544554456,0.0,0.0,0.0,0.9900990099009901,0.49504950495049505,0.0
E00174008,78.43137254901961,9.313725490196079,0.0,0.0,2.450980392156863,6.372549019607844,2.450980392156863,0.0,0.0,0.0,0.9803921568627451,0.0,0.0
E00174010,67.67676767676768,11.616161616161618,1.0101010101010102,0.0,3.0303030303030303,12.121212121212121,3.5353535353535355,0.0,0.0,0.0,0.0,0.0,1.0101010101010102
E00174013,74.19354838709677,15.668202764976956,0.0,0.0,3.225806451612903,5.069124423963134,1.8433179723502304,0.0,0.0,0.0,0.0,0.0,0.0
E00174015,80.11363636363636,11.931818181818183,0.5681818181818182,0.0,2.272727272727273,3.9772727272727275,0.5681818181818182,0.0,0.0,0.0,0.5681818181818182,0.0,0.0
E00174025,70.33492822966507,17.22488038277512,1.4354066985645932,0.0,4.784688995215311,4.30622009569378,1.4354066985645932,0.0,0.0,0.0,0.4784688995215311,0.0,0.0
E00174027,75.65789473684211,13.157894736842104,0.0,0.0,3.2894736842105265,2.6315789473684212,5.2631578947368425,0.0,0.0,0.0,0.0,0.0,0.0
E00016178,87.6984126984127,5.952380952380952,1.1904761904761905,0.0,3.1746031746031744,1.1904761904761905,0.3968253968253968,0.0,0.0,0.0,0.3968253968253968,0.0,0.0
E00016179,89.01098901098901,4.029304029304029,1.465201465201465,0.0,1.8315018315018314,0.3663003663003663,1.465201465201465,0.0,0.0,0.0,1.0989010989010988,0.7326007326007326,0.0
E00016180,93.46938775510205,4.4897959183673475,0.40816326530612246,0.0,0.40816326530612246,0.40816326530612246,0.8163265306122449,0.0,0.0,0.0,0.0,0.0,0.0
E00016187,93.76854599406529,3.264094955489614,0.0,0.0,1.4836795252225519,0.5934718100890207,0.5934718100890207,0.0,0.0,0.0,0.0,0.29673590504451036,0.0
E00016189,95.77464788732394,3.873239436619718,0.0,0.0,0.0,0.0,0.352112676056338,0.0,0.0,0.0,0.0,0.0,0.0
E00016166,92.69662921348315,3.370786516853933,0.0,0.0,2.247191011235955,0.0,1.6853932584269662,0.0,0.0,0.0,0.0,0.0,0.0
E00016167,92.52669039145907,1.4234875444839858,1.0676156583629892,0.0,1.0676156583629892,0.35587188612099646,1.4234875444839856,0.0,0.0,0.0,2.1352313167259784,0.0,0.0
E00016171,84.5360824742268,5.841924398625429,0.0,0.0,3.4364261168384878,3.7800687285223367,2.4054982817869415,0.0,0.0,0.0,0.0,0.0,0.0
E00016174,92.73504273504274,5.555555555555556,0.42735042735042733,0.0,0.0,0.0,1.282051282051282,0.0,0.0,0.0,0.0,0.0,0.0
E00016204,89.96138996138995,4.2471042471042475,1.9305019305019306,0.0,0.7722007722007722,0.0,2.3166023166023164,0.0,0.0,0.0,0.7722007722007722,0.0,0.0
E00016206,92.82868525896414,3.9840637450199203,0.0,0.0,1.9920318725099602,0.796812749003984,0.398406374501992,0.0,0.0,0.0,0.0,0.0,0.0
E00016160,88.38028169014085,5.633802816901408,0.0,0.0,0.704225352112676,1.056338028169014,3.52112676056338,0.0,0.0,0.0,0.352112676056338,0.352112676056338,0.0
E00016183,88.66396761133603,5.668016194331983,0.0,0.0,2.8340080971659916,0.4048582995951417,1.6194331983805668,0.0,0.0,0.0,0.8097165991902834,0.0,0.0
E00016185,91.4027149321267,5.882352941176471,0.45248868778280543,0.0,2.262443438914027,0.0,0.0,0.0,0.0,0.0,0.0,0.0,0.0
E00016191,94.58333333333333,3.3333333333333335,0.0,0.0,0.8333333333333334,0.0,1.25,0.0,0.0,0.0,0.0,0.0,0.0
E00016195,92.18106995884774,6.584362139917696,0.0,0.0,0.823045267489712,0.0,0.0,0.0,0.0,0.0,0.411522633744856,0.0,0.0
E00016197,75.29411764705883,18.431372549019606,0.7843137254901961,0.0,0.0,1.1764705882352942,2.3529411764705883,0.0,0.0,0.0,0.39215686274509803,1.5686274509803921,0.0
E00016161,89.0625,8.125,0.3125,0.0,0.625,1.5625,0.0,0.0,0.0,0.0,0.3125,0.0,0.0
E00016190,85.47008547008546,8.11965811965812,0.8547008547008547,0.0,1.7094017094017093,1.2820512820512822,1.282051282051282,0.0,0.0,0.0,1.282051282051282,0.0,0.0
E00016192,78.2312925170068,10.884353741496598,0.3401360544217687,0.0,2.0408163265306123,3.0612244897959187,2.7210884353741496,0.0,0.0,0.0,2.380952380952381,0.3401360544217687,0.0
E00016193,72.34042553191489,12.340425531914894,1.2765957446808511,0.0,1.702127659574468,3.4042553191489366,7.23404255319149,0.0,0.0,0.0,1.702127659574468,0.0,0.0
E00016194,79.26829268292683,12.195121951219509,0.0,0.0,2.8455284552845526,2.0325203252032518,0.8130081300813008,0.0,0.0,0.0,2.845528455284553,0.0,0.0
E00016196,88.02228412256268,6.128133704735377,1.392757660167131,0.0,0.8356545961002786,1.6713091922005572,1.6713091922005572,0.0,0.0,0.0,0.2785515320334262,0.0,0.0
E00016905,88.46153846153847,4.545454545454546,1.048951048951049,0.0,2.4475524475524475,0.6993006993006993,1.3986013986013985,0.0,0.0,0.0,1.3986013986013985,0.0,0.0
E00016907,89.43894389438944,3.9603960396039604,0.33003300330033003,0.0,1.3201320132013201,3.3003300330033003,1.3201320132013201,0.0,0.0,0.0,0.33003300330033003,0.0,0.0
E00016908,86.97674418604652,4.186046511627907,0.0,0.0,1.3953488372093024,3.255813953488372,1.3953488372093024,0.0,0.0,0.0,2.7906976744186047,0.0,0.0
E00016910,77.51677852348993,12.080536912751677,0.0,0.0,2.3489932885906044,1.6778523489932886,0.33557046979865773,0.0,0.0,0.0,6.040268456375839,0.0,0.0
E00016912,84.83412322274881,7.5829383886255926,0.0,0.0,3.7914691943127963,0.0,1.4218009478672986,0.0,0.0,0.0,2.3696682464454977,0.0,0.0
E00016909,75.79787234042553,16.75531914893617,0.5319148936170213,0.0,1.8617021276595744,0.5319148936170213,1.3297872340425532,0.0,0.0,0.0,3.191489361702127,0.0,0.0
E00016911,78.26086956521739,10.869565217391305,0.7246376811594203,0.0,4.1062801932367154,1.4492753623188406,1.2077294685990339,0.0,0.0,0.0,3.1400966183574877,0.24154589371980675,0.0
E00016913,81.92488262910798,7.511737089201878,0.4694835680751174,0.0,2.112676056338028,0.4694835680751174,4.460093896713615,0.0,0.0,0.0,3.051643192488263,0.0,0.0
E00016914,83.11688311688312,6.818181818181818,1.948051948051948,0.0,0.974025974025974,1.948051948051948,2.2727272727272725,0.0,0.0,0.0,2.9220779220779223,0.0,0.0
E00016896,82.68551236749117,14.134275618374561,0.35335689045936397,0.0,1.76678445229682,0.35335689045936397,0.35335689045936397,0.0,0.0,0.0,0.35335689045936397,0.0,0.0
E00016898,84.9624060150376,8.270676691729323,0.37593984962406013,0.0,1.5037593984962405,2.255639097744361,1.8796992481203008,0.0,0.0,0.0,0.7518796992481203,0.0,0.0
E00016900,88.63636363636364,8.116883116883116,0.0,0.0,0.0,0.6493506493506493,0.0,0.0,0.0,0.0,2.2727272727272725,0.0,0.3246753246753247
E00016901,84.12698412698413,8.994708994708995,0.0,0.0,1.0582010582010581,3.7037037037037033,1.5873015873015872,0.0,0.0,0.0,0.5291005291005291,0.0,0.0
E00016904,78.42323651452283,17.012448132780083,0.0,0.0,2.074688796680498,0.0,0.8298755186721992,0.0,0.0,0.0,1.6597510373443984,0.0,0.0
E00016906,78.18930041152264,11.111111111111112,0.0,0.0,2.469135802469136,0.823045267489712,0.823045267489712,0.0,0.0,0.0,6.17283950617284,0.411522633744856,0.0
E00016883,84.7953216374269,9.35672514619883,0.0,0.0,1.7543859649122808,0.5847953216374269,3.216374269005848,0.0,0.0,0.0,0.29239766081871343,0.0,0.0
E00016888,85.57692307692308,6.410256410256411,0.9615384615384616,0.0,1.6025641025641026,1.2820512820512822,2.2435897435897436,0.0,0.0,0.0,1.6025641025641026,0.32051282051282054,0.0
E00016891,85.44973544973546,7.407407407407407,0.0,0.0,3.1746031746031744,2.380952380952381,0.0,0.0,0.0,0.0,1.3227513227513228,0.0,0.26455026455026454
E00016892,86.39455782312925,9.183673469387756,1.0204081632653061,0.0,0.3401360544217687,0.6802721088435374,1.0204081632653061,0.0,0.0,0.0,1.3605442176870748,0.0,0.0
E00016894,88.72832369942196,6.358381502890174,0.0,0.0,1.7341040462427746,0.0,0.8670520231213874,0.0,0.0,0.0,2.3121387283236996,0.0,0.0
E00016880,85.75757575757575,7.272727272727272,1.2121212121212122,0.0,0.6060606060606061,1.2121212121212122,1.5151515151515151,0.0,0.0,0.0,2.4242424242424243,0.0,0.0
E00016897,79.17737789203085,11.053984575835475,0.2570694087403599,0.0,1.799485861182519,2.827763496143959,1.7994858611825189,0.0,0.0,0.0,3.084832904884318,0.0,0.0
E00016899,73.26388888888889,15.972222222222223,0.0,0.0,4.513888888888888,0.6944444444444444,2.4305555555555554,0.0,0.0,0.0,2.7777777777777777,0.3472222222222222,0.0
E00016902,79.25170068027211,10.54421768707483,0.0,0.0,4.081632653061225,0.3401360544217687,2.380952380952381,0.0,0.0,0.0,3.401360544217687,0.0,0.0
E00016903,83.12883435582822,11.042944785276074,1.5337423312883436,0.0,2.4539877300613497,0.0,1.2269938650306749,0.0,0.0,0.0,0.6134969325153374,0.0,0.0
E00016564,80.24316109422493,8.51063829787234,0.303951367781155,0.0,0.303951367781155,5.167173252279635,3.6474164133738602,0.0,0.0,0.0,1.519756838905775,0.0,0.303951367781155
E00016567,66.99507389162562,17.24137931034483,2.4630541871921183,0.0,6.896551724137931,1.9704433497536946,1.477832512315271,0.0,0.0,0.0,2.955665024630542,0.0,0.0
E00016569,77.88778877887789,13.53135313531353,0.0,0.0,1.9801980198019802,4.29042904290429,0.6600660066006601,0.0,0.0,0.0,1.6501650165016502,0.0,0.0
E00016571,80.33333333333333,5.333333333333332,0.0,0.0,2.333333333333333,8.666666666666666,2.333333333333333,0.0,0.0,0.0,1.0,0.0,0.0
E00173700,60.9254498714653,28.53470437017995,0.2570694087403599,0.0,2.313624678663239,0.7712082262210797,0.7712082262210797,0.0,0.0,0.0,6.426735218508998,0.0,0.0
E00173702,59.56416464891041,31.234866828087164,0.0,0.0,0.24213075060532688,2.9055690072639226,0.24213075060532688,0.0,0.0,0.0,5.811138014527845,0.0,0.0
E00016558,86.44067796610169,7.627118644067796,0.423728813559322,0.0,0.847457627118644,2.542372881355932,0.423728813559322,0.0,0.0,0.0,1.694915254237288,0.0,0.0
E00016561,88.07692307692308,6.153846153846154,0.7692307692307693,0.0,1.5384615384615385,0.0,1.5384615384615385,0.0,0.0,0.0,1.923076923076923,0.0,0.0
E00016566,89.41605839416059,4.37956204379562,0.0,0.0,4.379562043795621,0.0,1.094890510948905,0.0,0.0,0.0,0.7299270072992701,0.0,0.0
E00016568,87.95986622073579,8.695652173913045,0.33444816053511706,0.0,1.6722408026755853,0.0,1.0033444816053512,0.0,0.0,0.0,0.33444816053511706,0.0,0.0
E00016572,89.28571428571429,8.766233766233766,0.0,0.0,0.3246753246753247,0.0,0.0,0.0,0.0,0.0,1.2987012987012987,0.3246753246753247,0.0
E00016575,90.6367041198502,7.116104868913858,0.0,0.0,0.0,2.247191011235955,0.0,0.0,0.0,0.0,0.0,0.0,0.0
E00016557,81.44329896907216,7.731958762886597,1.0309278350515463,0.0,2.5773195876288657,2.0618556701030926,4.639175257731958,0.0,0.0,0.0,0.5154639175257731,0.0,0.0
E00016559,71.38461538461539,15.692307692307693,0.3076923076923077,0.0,3.384615384615385,5.846153846153847,1.5384615384615385,0.0,0.0,0.0,1.8461538461538463,0.0,0.0
E00016560,73.61963190184049,14.723926380368098,0.3067484662576687,0.0,2.4539877300613497,3.374233128834356,4.601226993865031,0.0,0.0,0.0,0.9202453987730062,0.0,0.0
E00016562,84.03614457831326,6.927710843373495,0.30120481927710846,0.0,0.6024096385542169,2.4096385542168677,4.216867469879518,0.0,0.0,0.0,1.5060240963855422,0.0,0.0
E00016563,81.37931034482759,8.965517241379311,0.0,0.0,0.6896551724137931,4.827586206896552,1.3793103448275863,0.0,0.0,0.0,2.413793103448276,0.3448275862068966,0.0
E00016565,80.49450549450549,7.692307692307692,0.0,0.0,2.197802197802198,0.8241758241758241,3.846153846153846,0.0,0.0,0.0,4.1208791208791204,0.8241758241758241,0.0
E00016544,83.70607028753993,12.140575079872205,0.0,0.0,2.5559105431309908,0.9584664536741214,0.0,0.0,0.0,0.0,0.6389776357827476,0.0,0.0
E00016574,87.9746835443038,4.746835443037974,0.6329113924050633,0.0,3.1645569620253164,1.89873417721519,1.2658227848101267,0.0,0.0,0.0,0.31645569620253167,0.0,0.0
