OA11CD,English is main language,Can speak English well or very well,Cannot speak English well or at all
E00016403,70.57057057057057,24.324324324324323,5.105105105105105
E00016437,77.51479289940828,17.357001972386588,5.128205128205128
E00016439,74.56647398843931,21.09826589595376,4.335260115606937
E00016442,78.52760736196319,17.484662576687118,3.9877300613496933
E00016399,80.63063063063063,13.73873873873874,5.63063063063063
E00016401,70.88607594936708,24.050632911392405,5.063291139240507
E00016406,85.9375,12.1875,1.875
E00016435,76.76767676767676,16.666666666666668,6.565656565656566
E00016395,76.78571428571429,20.357142857142858,2.857142857142857
E00016404,63.687150837988824,32.68156424581006,3.6312849162011176
E00016405,60.738255033557046,35.23489932885906,4.026845637583893
E00016408,71.32867132867133,25.874125874125873,2.797202797202797
E00016410,71.11801242236025,23.29192546583851,5.590062111801243
E00016438,49.78540772532189,46.3519313304721,3.8626609442060085
E00016398,84.33734939759036,12.85140562248996,2.8112449799196786
E00016431,80.68669527896996,18.025751072961373,1.2875536480686696
E00016432,75.44378698224853,18.63905325443787,5.9171597633136095
E00016434,74.23469387755102,18.877551020408163,6.887755102040816
E00173943,79.93827160493827,17.28395061728395,2.7777777777777777
E00173946,63.75,35.3125,0.9375
E00016397,67.31182795698925,30.322580645161292,2.365591397849462
E00016433,78.57142857142857,19.387755102040817,2.0408163265306123
E00016436,74.61139896373057,21.761658031088082,3.626943005181347
E00016440,75.87301587301587,21.26984126984127,2.8571428571428568
E00016441,79.09738717339667,17.81472684085511,3.0878859857482186
E00016412,72.7810650887574,20.11834319526627,7.100591715976332
E00016414,75.0,19.51219512195122,5.487804878048781
E00016418,81.23393316195373,14.910025706940873,3.8560411311053984
E00016422,78.37837837837837,13.213213213213212,8.408408408408409
E00016402,72.47386759581882,24.390243902439025,3.1358885017421603
E00016407,68.57142857142857,28.57142857142857,2.857142857142857
E00016409,72.14484679665738,20.61281337047354,7.242339832869081
E00016411,72.72727272727273,24.147727272727273,3.125
E00016413,76.10921501706484,17.406143344709896,6.484641638225256
E00016415,77.98165137614679,16.819571865443425,5.198776758409786
E00016416,74.59677419354838,17.338709677419352,8.064516129032258
E00016419,78.22349570200574,16.6189111747851,5.157593123209169
E00016420,74.22360248447205,16.459627329192546,9.316770186335402
E00173947,72.97297297297297,18.58108108108108,8.445945945945947
E00173948,58.38150289017341,34.39306358381503,7.225433526011561
E00016417,76.99115044247787,14.15929203539823,8.849557522123893
E00016421,65.48042704626334,25.622775800711743,8.896797153024911
E00016423,70.67448680351906,19.64809384164223,9.67741935483871
E00016424,78.81944444444444,12.152777777777779,9.027777777777779
E00016427,73.87387387387388,18.46846846846847,7.657657657657658
E00016396,84.765625,9.765625,5.46875
E00016426,70.94594594594595,22.2972972972973,6.756756756756756
E00016428,70.06172839506173,25.0,4.938271604938271
E00016429,89.91935483870968,7.661290322580646,2.419354838709677
E00016430,76.953125,15.234375,7.8125
E00016680,64.70588235294117,31.372549019607842,3.9215686274509802
E00016716,69.6113074204947,27.915194346289752,2.4734982332155475
E00016717,62.35294117647059,34.11764705882353,3.5294117647058822
E00016719,84.81012658227849,11.39240506329114,3.7974683544303796
E00016720,67.9054054054054,27.027027027027025,5.0675675675675675
E00016725,60.55045871559633,37.1559633027523,2.293577981651376
E00016706,71.42857142857143,25.541125541125542,3.0303030303030303
E00016708,80.8955223880597,14.626865671641792,4.477611940298507
E00016709,79.3010752688172,17.741935483870968,2.956989247311828
E00016714,74.20494699646643,22.26148409893993,3.5335689045936394
E00016715,86.52037617554859,11.285266457680251,2.19435736677116
E00016675,58.71559633027523,36.69724770642202,4.587155963302752
E00016677,69.07630522088354,27.710843373493976,3.21285140562249
E00016683,69.55017301038062,28.37370242214533,2.0761245674740483
E00016697,78.44827586206897,16.95402298850575,4.597701149425287
E00173940,86.47058823529412,10.294117647058822,3.235294117647059
E00173949,68.98395721925134,25.93582887700535,5.080213903743315
E00016684,69.54545454545455,24.09090909090909,6.363636363636363
E00016687,74.70588235294117,20.58823529411765,4.705882352941176
E00016694,75.47169811320755,18.238993710691823,6.289308176100628
E00016718,79.67479674796748,13.821138211382113,6.504065040650406
E00016721,78.87931034482759,16.379310344827587,4.741379310344828
E00016723,75.29411764705883,18.823529411764707,5.88235294117647
E00016679,88.06451612903226,6.774193548387096,5.161290322580645
E00016689,91.08527131782945,7.364341085271318,1.550387596899225
E00016693,81.36094674556213,13.017751479289942,5.621301775147929
E00016701,82.3529411764706,13.574660633484164,4.072398190045249
E00173939,84.31372549019608,13.725490196078432,1.9607843137254903
E00016210,78.18181818181819,20.0,1.8181818181818181
E00016239,77.56410256410257,16.666666666666668,5.769230769230769
E00016240,84.33734939759036,15.06024096385542,0.6024096385542169
E00016241,81.72043010752688,12.186379928315413,6.093189964157706
E00016245,75.47892720306514,16.091954022988507,8.42911877394636
E00016211,84.9802371541502,13.043478260869566,1.976284584980237
E00016213,80.45977011494253,16.091954022988507,3.4482758620689653
E00016244,84.41926345609065,12.464589235127479,3.1161473087818696
E00016250,87.73946360153256,11.877394636015325,0.3831417624521073
E00174011,59.40594059405941,35.64356435643565,4.9504950495049505
E00174032,82.95687885010267,13.347022587268993,3.696098562628337
E00174033,90.83333333333333,6.666666666666667,2.5
E00016216,85.84905660377359,14.150943396226415,0.0
E00016236,68.25842696629213,26.685393258426966,5.056179775280899
E00016246,79.8780487804878,17.073170731707318,3.048780487804878
E00016248,83.55263157894737,14.144736842105264,2.3026315789473686
E00016252,87.25212464589235,11.331444759206798,1.41643059490085
E00016214,84.55284552845528,14.092140921409214,1.3550135501355014
E00016215,87.20538720538721,12.457912457912457,0.3367003367003367
E00016217,91.02564102564102,7.692307692307692,1.282051282051282
E00016237,83.74558303886926,13.780918727915195,2.4734982332155475
E00016247,91.76029962546816,7.865168539325843,0.37453183520599254
E00016253,81.93979933110369,16.72240802675585,1.3377926421404682
E00016209,82.01970443349754,13.793103448275863,4.187192118226601
E00016235,77.28937728937728,19.413919413919416,3.296703296703297
E00016238,82.32189973614776,14.248021108179419,3.430079155672823
E00173941,77.57685352622062,20.253164556962027,2.1699819168173597
E00173942,57.142857142857146,36.507936507936506,6.349206349206349
E00016881,73.24561403508773,17.54385964912281,9.210526315789474
E00016915,72.51908396946565,19.84732824427481,7.633587786259542
E00016916,79.94011976047904,12.87425149700599,7.18562874251497
E00016920,79.07692307692308,15.692307692307693,5.230769230769231
E00173950,67.19367588932806,24.50592885375494,8.300395256916996
E00173951,79.86798679867987,13.861386138613861,6.270627062706271
E00016921,75.17241379310344,19.310344827586206,5.517241379310345
E00016922,80.1980198019802,16.831683168316832,2.9702970297029703
E00016923,77.8082191780822,19.178082191780824,3.0136986301369864
E00016925,80.52884615384616,17.307692307692307,2.1634615384615383
E00016926,86.62420382165605,11.146496815286625,2.229299363057325
E00016917,72.64957264957265,21.36752136752137,5.982905982905983
E00016918,78.67036011080333,19.390581717451525,1.9390581717451523
E00016919,87.26708074534162,11.180124223602483,1.5527950310559007
E00016924,82.03883495145631,14.077669902912621,3.883495145631068
E00016927,84.82758620689656,12.758620689655173,2.413793103448276
E00016879,84.72222222222223,13.425925925925926,1.8518518518518519
E00016884,88.855421686747,10.542168674698795,0.6024096385542169
E00016886,86.70694864048339,11.178247734138974,2.1148036253776437
E00016893,90.08498583569406,8.498583569405099,1.41643059490085
E00016885,88.84758364312268,8.921933085501859,2.2304832713754648
E00016887,88.73239436619718,9.389671361502348,1.8779342723004695
E00016889,85.8695652173913,11.594202898550725,2.536231884057971
E00016890,73.99267399267399,24.175824175824175,1.8315018315018314
E00016895,89.96282527881041,8.550185873605948,1.486988847583643
E00016159,89.96138996138995,9.652509652509654,0.3861003861003861
E00016173,91.66666666666667,7.291666666666667,1.0416666666666667
E00016176,88.85017421602788,10.452961672473869,0.6968641114982579
E00016184,80.50847457627118,17.372881355932204,2.11864406779661
E00016186,83.61774744027304,13.651877133105803,2.73037542662116
E00016188,90.29850746268657,7.462686567164178,2.238805970149254
E00016164,86.6096866096866,11.11111111111111,2.2792022792022792
E00016170,74.17218543046357,18.874172185430464,6.953642384105961
E00016175,87.45874587458746,8.25082508250825,4.29042904290429
E00016181,89.0282131661442,10.658307210031348,0.31347962382445144
E00016182,92.0886075949367,7.594936708860759,0.31645569620253167
E00016162,92.33870967741936,7.258064516129033,0.4032258064516129
E00016198,77.09923664122137,19.083969465648856,3.816793893129771
E00016202,83.62369337979094,10.801393728222997,5.574912891986063
E00016205,93.25396825396825,6.746031746031746,0.0
E00016208,84.64419475655431,13.483146067415731,1.8726591760299627
E00016199,80.82191780821918,14.041095890410958,5.136986301369864
E00016200,70.8994708994709,22.751322751322753,6.34920634920635
E00016201,68.9873417721519,23.417721518987342,7.594936708860759
E00016203,83.50515463917526,10.652920962199312,5.84192439862543
E00016207,86.96883852691218,10.76487252124646,2.26628895184136
E00016163,82.6086956521739,11.371237458193981,6.020066889632107
E00016165,81.08108108108108,16.216216216216218,2.7027027027027026
E00016168,91.2280701754386,8.771929824561402,0.0
E00016169,88.12949640287769,10.071942446043165,1.7985611510791366
E00016172,71.05263157894737,21.92982456140351,7.017543859649123
E00016177,88.75,7.916666666666666,3.3333333333333335
E00016219,88.84462151394422,10.358565737051793,0.796812749003984
E00016220,87.54863813229572,11.673151750972762,0.7782101167315175
E00016221,83.05084745762711,15.59322033898305,1.3559322033898304
E00016223,85.11627906976744,11.627906976744185,3.255813953488372
E00016225,80.95238095238095,16.666666666666668,2.380952380952381
E00016255,87.27272727272727,11.818181818181818,0.9090909090909091
E00016218,80.0,17.02127659574468,2.9787234042553195
E00016222,79.76539589442815,17.008797653958943,3.225806451612903
E00016224,84.32601880877743,15.047021943573668,0.6269592476489029
E00016226,86.7741935483871,11.612903225806452,1.6129032258064515
E00016227,80.56338028169014,17.183098591549296,2.2535211267605635
E00016228,87.41007194244604,11.510791366906474,1.079136690647482
E00016229,85.18518518518519,12.592592592592592,2.2222222222222223
E00016230,90.96385542168674,7.831325301204819,1.2048192771084338
E00016231,80.85808580858085,14.85148514851485,4.29042904290429
E00016232,77.58620689655173,19.655172413793103,2.7586206896551726
E00016233,88.0466472303207,8.454810495626822,3.498542274052478
E00016212,89.1025641025641,9.935897435897436,0.9615384615384616
E00016249,87.55186721991701,9.95850622406639,2.4896265560165975
E00016254,90.22082018927445,7.570977917981073,2.2082018927444795
E00173952,87.23404255319149,9.361702127659575,3.404255319148936
E00174016,84.48275862068965,13.362068965517242,2.155172413793103
E00174022,86.13861386138613,12.376237623762377,1.4851485148514851
E00174008,78.43137254901961,21.07843137254902,0.49019607843137253
E00174010,67.67676767676768,30.303030303030305,2.0202020202020203
E00174013,74.19354838709677,24.88479262672811,0.9216589861751152
E00174015,80.11363636363636,19.318181818181817,0.5681818181818182
E00174025,70.33492822966507,28.708133971291865,0.9569377990430622
E00174027,75.65789473684211,23.02631578947368,1.3157894736842106
E00016178,87.6984126984127,9.523809523809524,2.7777777777777777
E00016179,89.01098901098901,10.256410256410255,0.7326007326007326
E00016180,93.46938775510205,6.122448979591837,0.40816326530612246
E00016187,93.47181008902078,5.637982195845697,0.890207715133531
E00016189,95.77464788732394,3.8732394366197185,0.352112676056338
E00016166,92.69662921348315,7.3033707865168545,0.0
E00016167,92.52669039145907,7.473309608540925,0.0
E00016171,84.5360824742268,14.432989690721648,1.0309278350515463
E00016174,92.73504273504274,6.41025641025641,0.8547008547008547
E00016204,89.96138996138995,7.722007722007722,2.3166023166023164
E00016206,92.82868525896414,5.9760956175298805,1.1952191235059761
E00016160,88.38028169014085,10.211267605633804,1.408450704225352
E00016183,88.66396761133603,10.526315789473685,0.8097165991902834
E00016185,91.4027149321267,8.597285067873303,0.0
E00016191,94.58333333333333,5.416666666666667,0.0
E00016195,92.18106995884774,7.407407407407407,0.411522633744856
E00016197,75.29411764705883,23.137254901960784,1.5686274509803921
E00016161,89.0625,9.0625,1.875
E00016190,85.47008547008546,9.82905982905983,4.700854700854701
E00016192,78.2312925170068,18.367346938775512,3.401360544217687
E00016193,72.34042553191489,26.808510638297875,0.851063829787234
E00016194,79.26829268292683,17.479674796747968,3.252032520325203
E00016196,88.02228412256268,10.584958217270195,1.392757660167131
E00016905,88.46153846153847,10.48951048951049,1.048951048951049
E00016907,89.43894389438944,8.58085808580858,1.9801980198019802
E00016908,86.97674418604652,7.906976744186046,5.116279069767442
E00016910,77.51677852348993,20.13422818791946,2.348993288590604
E00016912,84.83412322274881,10.42654028436019,4.739336492890995
E00016909,75.79787234042553,15.159574468085108,9.042553191489361
E00016911,78.26086956521739,14.975845410628018,6.763285024154589
E00016913,81.92488262910798,11.971830985915492,6.103286384976526
E00016914,82.79220779220779,15.90909090909091,1.2987012987012987
E00016896,82.68551236749117,16.607773851590103,0.7067137809187279
E00016898,84.9624060150376,13.157894736842106,1.8796992481203008
E00016900,88.63636363636364,10.714285714285715,0.6493506493506493
E00016901,84.12698412698413,14.285714285714285,1.5873015873015872
E00016904,78.42323651452283,18.67219917012448,2.904564315352697
E00016906,78.18930041152264,20.16460905349794,1.646090534979424
E00016883,84.7953216374269,10.526315789473683,4.678362573099415
E00016888,85.57692307692308,12.820512820512821,1.6025641025641026
E00016891,85.44973544973546,11.904761904761905,2.6455026455026456
E00016892,86.39455782312925,11.904761904761903,1.7006802721088434
E00016894,88.72832369942196,10.69364161849711,0.5780346820809249
E00016880,85.75757575757575,12.424242424242424,1.8181818181818183
E00016897,79.17737789203085,16.966580976863753,3.8560411311053984
E00016899,73.26388888888889,22.569444444444443,4.166666666666667
E00016902,79.25170068027211,17.346938775510203,3.401360544217687
E00016903,83.12883435582822,14.11042944785276,2.7607361963190185
E00016564,80.24316109422493,17.02127659574468,2.735562310030395
E00016567,66.00985221674877,28.07881773399015,5.911330049261084
E00016569,77.88778877887789,18.81188118811881,3.3003300330033003
E00016571,80.33333333333333,17.333333333333336,2.3333333333333335
E00173700,60.9254498714653,30.33419023136247,8.740359897172237
E00173702,59.56416464891041,30.75060532687651,9.685230024213075
E00016558,86.44067796610169,13.135593220338983,0.423728813559322
E00016561,88.07692307692308,11.153846153846153,0.7692307692307693
E00016566,89.41605839416059,9.124087591240876,1.4598540145985401
E00016568,87.95986622073579,10.033444816053512,2.0066889632107023
E00016572,89.28571428571429,10.064935064935066,0.6493506493506493
E00016575,90.6367041198502,8.98876404494382,0.37453183520599254
E00016557,81.44329896907216,14.948453608247423,3.6082474226804124
E00016559,71.38461538461539,23.384615384615383,5.230769230769231
E00016560,73.61963190184049,20.85889570552147,5.521472392638037
E00016562,84.03614457831326,12.650602409638555,3.313253012048193
E00016563,81.37931034482759,16.896551724137932,1.7241379310344827
E00016565,80.49450549450549,15.65934065934066,3.8461538461538463
E00016544,83.70607028753993,11.821086261980831,4.472843450479234
E00016574,87.9746835443038,9.177215189873419,2.848101265822785
E00016576,86.2876254180602,12.040133779264213,1.6722408026755853
E00016577,86.68555240793201,11.89801699716714,1.41643059490085
E00016578,85.60311284046692,11.673151750972764,2.7237354085603114
E00016635,72.87671232876713,21.643835616438356,5.479452054794521
E00016640,91.1864406779661,5.423728813559322,3.389830508474576
E00016641,77.57731958762886,17.783505154639176,4.639175257731958
E00016642,77.36842105263158,18.421052631578945,4.2105263157894735
E00016643,72.94520547945206,19.178082191780824,7.876712328767123
E00016630,85.53459119496856,11.0062893081761,3.4591194968553456
E00016647,82.16216216216216,12.432432432432432,5.405405405405405
E00016648,80.18867924528301,17.29559748427673,2.5157232704402515
E00016649,77.59740259740259,16.883116883116884,5.51948051948052
E00016651,84.77611940298507,11.940298507462687,3.283582089552239
E00016629,76.83923705722071,17.43869209809264,5.722070844686648
E00016650,90.42553191489361,9.21985815602837,0.3546099290780142
E00016652,81.88679245283019,12.075471698113208,6.037735849056603
E00016654,74.4,20.4,5.2
E00016657,82.03125,14.453125,3.515625
E00016633,70.08196721311475,25.0,4.918032786885246
E00016636,61.160714285714285,38.39285714285714,0.44642857142857145
E00016638,57.51633986928105,31.372549019607842,11.11111111111111
E00016639,85.14412416851441,11.086474501108647,3.7694013303769403
E00016674,85.32818532818533,12.355212355212355,2.3166023166023164
E00174018,61.79775280898876,35.95505617977528,2.247191011235955
E00174019,79.375,18.125,2.5
E00174021,57.0,33.0,10.0
E00016628,78.4375,19.375,2.1875
E00016637,72.46049661399549,20.54176072234763,6.997742663656885
E00174024,73.33333333333333,25.0,1.6666666666666667
E00174029,78.92561983471074,17.355371900826448,3.7190082644628095
E00174030,69.85645933014354,20.09569377990431,10.047846889952153
E00016644,71.30044843049328,22.6457399103139,6.053811659192825
E00016645,73.02452316076294,16.62125340599455,10.354223433242506
E00016646,74.01574803149606,20.47244094488189,5.511811023622047
E00016584,65.48223350253807,29.272419627749578,5.2453468697123515
E00016596,85.47854785478548,12.211221122112212,2.31023102310231
E00016598,80.1255230125523,15.271966527196653,4.602510460251047
E00016623,84.34782608695652,13.333333333333334,2.318840579710145
E00174036,83.50515463917526,14.948453608247423,1.5463917525773194
E00174038,66.18004866180048,21.167883211678834,12.652068126520682
E00016585,72.58687258687259,24.324324324324323,3.088803088803089
E00016593,85.83162217659138,13.347022587268995,0.8213552361396304
E00016600,96.73024523160763,2.9972752043596733,0.2724795640326976
E00016602,95.70552147239263,3.9877300613496933,0.3067484662576687
E00016624,83.87096774193549,13.709677419354838,2.419354838709677
E00016625,90.22801302931596,9.120521172638437,0.6514657980456026
E00016587,90.71428571428571,7.619047619047619,1.6666666666666665
E00016594,84.21052631578948,13.931888544891642,1.8575851393188856
E00016605,82.32323232323232,16.41414141414141,1.2626262626262625
E00016608,90.35532994923858,6.091370558375635,3.5532994923857864
E00016626,92.04892966360856,6.72782874617737,1.2232415902140672
E00016589,92.98245614035088,5.614035087719298,1.4035087719298245
E00016595,78.5425101214575,19.02834008097166,2.42914979757085
E00016597,84.44444444444444,10.222222222222221,5.333333333333334
E00016599,87.41007194244604,11.870503597122301,0.7194244604316546
E00016601,74.92063492063492,17.77777777777778,7.301587301587301
E00016607,84.65608465608466,12.16931216931217,3.1746031746031744
E00016573,88.15789473684211,9.539473684210526,2.3026315789473686
E00016579,73.2484076433121,21.656050955414013,5.095541401273885
E00016580,87.3972602739726,11.780821917808218,0.821917808219178
E00016581,78.15315315315316,17.117117117117118,4.72972972972973
E00016582,86.22327790973871,12.351543942992873,1.4251781472684086
E00016546,73.56687898089172,21.974522292993633,4.4585987261146505
E00016547,89.44844124700239,8.15347721822542,2.3980815347721824
E00016548,85.62691131498471,11.62079510703364,2.7522935779816513
E00016550,80.2547770700637,15.286624203821656,4.4585987261146505
E00016583,91.86046511627907,7.3643410852713185,0.7751937984496124
E00016542,80.0,16.0,4.0
E00016552,80.71895424836602,16.33986928104575,2.9411764705882355
E00016554,78.20069204152249,15.570934256055363,6.228373702422146
E00016555,88.95027624309392,8.287292817679559,2.7624309392265194
E00016556,76.11940298507463,20.597014925373134,3.283582089552239
E00016543,91.5915915915916,7.207207207207207,1.2012012012012012
E00016545,75.23809523809524,18.730158730158728,6.031746031746032
E00016549,83.92370572207085,13.35149863760218,2.7247956403269753
E00016551,87.5912408759124,9.97566909975669,2.4330900243309004
E00016553,80.95238095238095,17.261904761904763,1.7857142857142858
E00016335,87.74509803921569,8.823529411764707,3.431372549019608
E00016336,82.45614035087719,13.450292397660819,4.093567251461988
E00016339,90.42904290429043,9.24092409240924,0.33003300330033003
E00016340,90.06410256410257,7.371794871794872,2.5641025641025643
E00016341,91.9298245614035,5.2631578947368425,2.807017543859649
E00016309,84.30034129692832,14.334470989761094,1.36518771331058
E00016323,84.2741935483871,15.322580645161288,0.4032258064516129
E00016324,81.203007518797,16.541353383458645,2.255639097744361
E00016325,73.79310344827586,23.448275862068964,2.7586206896551726
E00016327,82.85714285714286,14.642857142857142,2.5
E00016326,88.85017421602788,8.362369337979095,2.7874564459930316
E00016329,84.89583333333333,14.322916666666668,0.78125
E00016332,85.44973544973546,12.433862433862434,2.1164021164021163
E00016333,89.55223880597015,8.955223880597014,1.4925373134328357
E00016337,89.47368421052632,7.120743034055727,3.4055727554179565
E00016311,88.55218855218855,8.754208754208754,2.6936026936026938
E00016328,93.22709163346613,6.772908366533865,0.0
E00016330,84.64730290456431,13.278008298755186,2.074688796680498
E00016331,77.8082191780822,19.45205479452055,2.7397260273972606
E00016334,83.15098468271334,13.566739606126914,3.2822757111597376
E00016613,84.89583333333333,13.020833333333334,2.0833333333333335
E00016614,79.84084880636605,15.915119363395227,4.244031830238727
E00016615,80.95238095238095,15.986394557823129,3.061224489795918
E00016618,84.6774193548387,14.112903225806452,1.2096774193548387
E00016621,91.34199134199135,6.926406926406926,1.7316017316017316
E00016609,90.44117647058823,7.352941176470588,2.2058823529411766
E00016617,90.5775075987842,7.598784194528875,1.8237082066869301
E00016619,95.73770491803279,3.60655737704918,0.6557377049180327
E00016620,90.53627760252365,7.886435331230285,1.5772870662460567
E00016622,91.53225806451613,7.258064516129032,1.2096774193548385
E00016588,83.33333333333333,15.555555555555555,1.1111111111111112
E00016592,83.52601156069365,14.16184971098266,2.3121387283236996
E00016604,86.15384615384616,12.307692307692307,1.5384615384615383
E00016611,87.76595744680851,9.574468085106384,2.6595744680851063
E00016612,92.53731343283582,5.970149253731344,1.492537313432836
E00016616,72.65306122448979,22.04081632653061,5.3061224489795915
E00016590,87.22222222222223,11.666666666666668,1.1111111111111112
E00016591,94.44444444444444,4.57516339869281,0.9803921568627451
E00016603,94.08033826638477,5.496828752642706,0.42283298097251587
E00016606,90.02695417789758,8.89487870619946,1.0781671159029649
E00016610,85.95890410958904,11.643835616438356,2.397260273972603
E00016653,88.47583643122677,9.66542750929368,1.858736059479554
E00016655,70.7641196013289,23.25581395348837,5.980066445182724
E00016656,77.35849056603773,18.553459119496857,4.088050314465409
E00016662,89.453125,9.765625,0.78125
E00016664,82.93413173652695,15.868263473053892,1.1976047904191616
E00016631,80.84415584415585,15.584415584415584,3.571428571428571
E00016658,73.45971563981043,21.32701421800948,5.213270142180095
E00016659,87.16814159292035,8.849557522123895,3.9823008849557526
E00016660,87.38461538461539,11.384615384615385,1.2307692307692308
E00016663,78.79656160458453,18.33810888252149,2.865329512893983
E00016632,85.85526315789474,12.828947368421051,1.3157894736842106
E00016666,84.11552346570397,13.71841155234657,2.166064981949458
E00016667,85.785536159601,9.476309226932669,4.738154613466334
E00016669,76.33587786259542,20.229007633587784,3.4351145038167936
E00016673,87.89625360230548,8.93371757925072,3.170028818443804
E00016668,88.20960698689956,9.606986899563319,2.183406113537118
E00016670,87.64478764478764,10.81081081081081,1.5444015444015444
E00016671,87.01298701298701,11.03896103896104,1.948051948051948
E00016672,78.23529411764706,17.352941176470587,4.411764705882353
E00173708,72.72727272727273,25.874125874125873,1.3986013986013985
E00173710,84.66898954703832,13.588850174216027,1.7421602787456447
E00016661,89.43661971830986,8.450704225352112,2.112676056338028
E00173936,83.60655737704919,14.344262295081968,2.0491803278688523
E00173937,78.97435897435898,20.0,1.0256410256410255
E00173938,78.67132867132867,17.832167832167833,3.4965034965034962
E00174035,79.29292929292929,20.2020202020202,0.5050505050505051
E00016796,86.98060941828255,10.526315789473685,2.4930747922437675
E00016799,79.78142076502732,17.486338797814206,2.73224043715847
E00016804,75.36585365853658,19.75609756097561,4.878048780487805
E00016805,78.85714285714286,15.142857142857142,6.0
E00016806,82.8125,16.40625,0.78125
E00016781,88.53754940711462,9.881422924901186,1.5810276679841897
E00016793,85.44061302681992,12.643678160919539,1.9157088122605364
E00016794,83.41013824884793,12.903225806451612,3.686635944700461
E00016801,84.75336322869956,10.762331838565023,4.4843049327354265
E00016803,81.25,15.833333333333332,2.9166666666666665
E00016808,80.88888888888889,15.555555555555555,3.5555555555555554
E00016813,81.22866894197952,17.406143344709896,1.3651877133105803
E00016814,82.72425249169436,14.285714285714285,2.990033222591362
E00016815,76.98113207547169,18.11320754716981,4.90566037735849
E00016818,87.67123287671232,10.95890410958904,1.3698630136986303
E00016819,83.02583025830258,12.915129151291513,4.059040590405904
E00016778,85.18518518518519,12.250712250712251,2.564102564102564
E00016788,88.92988929889299,10.33210332103321,0.7380073800738007
E00016791,85.66666666666667,11.666666666666666,2.6666666666666665
E00016800,79.91452991452991,17.094017094017094,2.9914529914529915
E00016820,70.85201793721973,23.318385650224215,5.829596412556054
E00016823,87.6,10.0,2.4
E00016300,83.11688311688312,12.987012987012987,3.896103896103896
E00016310,90.26548672566372,8.849557522123893,0.8849557522123894
E00016312,86.45533141210375,11.815561959654179,1.7291066282420748
E00016343,92.17391304347827,5.797101449275362,2.028985507246377
E00016344,80.1909307875895,17.42243436754177,2.3866348448687353
E00016301,83.05555555555556,15.555555555555557,1.3888888888888888
E00016302,86.31178707224335,11.406844106463879,2.2813688212927756
E00016316,91.63987138263666,8.038585209003216,0.3215434083601286
E00016338,89.19667590027701,9.418282548476453,1.3850415512465375
E00016342,90.0,8.518518518518519,1.4814814814814814
E00016303,91.84782608695652,7.336956521739131,0.8152173913043478
E00016304,92.5233644859813,6.853582554517134,0.6230529595015576
E00016313,82.6923076923077,16.826923076923077,0.4807692307692308
E00016318,94.00749063670412,5.617977528089888,0.37453183520599254
E00016345,92.71255060728745,7.287449392712551,0.0
E00016307,79.87220447284345,15.654952076677317,4.472843450479234
E00016314,85.86572438162544,11.660777385159012,2.4734982332155475
E00016319,89.91228070175438,8.333333333333334,1.7543859649122808
E00016321,75.64935064935065,21.42857142857143,2.9220779220779223
E00016322,89.51841359773371,7.648725212464589,2.8328611898017
E00016305,89.41176470588235,9.019607843137255,1.5686274509803921
E00016306,92.1921921921922,5.7057057057057055,2.1021021021021022
E00016308,85.66666666666667,8.666666666666666,5.666666666666666
E00016315,88.83495145631068,9.70873786407767,1.4563106796116503
E00016317,78.81040892193309,16.728624535315987,4.4609665427509295
E00016320,82.08955223880596,16.791044776119403,1.119402985074627
E00016779,85.92057761732852,10.469314079422382,3.6101083032490973
E00016789,92.73743016759776,6.424581005586592,0.8379888268156425
E00016797,85.44474393530997,12.93800539083558,1.6172506738544474
E00016798,81.74603174603175,13.756613756613756,4.497354497354497
E00016821,92.42819843342036,6.266318537859008,1.3054830287206267
E00016780,83.07692307692308,14.102564102564102,2.8205128205128207
E00016782,78.92156862745098,15.931372549019608,5.147058823529412
E00016790,79.61783439490446,17.197452229299365,3.1847133757961785
E00016792,64.77987421383648,30.503144654088054,4.716981132075472
E00016795,86.36363636363636,10.984848484848484,2.6515151515151514
E00016783,86.62420382165605,10.828025477707007,2.5477707006369426
E00016802,85.59322033898304,11.581920903954803,2.8248587570621466
E00016807,83.37730870712402,15.03957783641161,1.5831134564643798
E00016809,87.5,10.897435897435898,1.6025641025641026
E00016810,79.90074441687345,16.625310173697272,3.4739454094292803
E00016784,87.12121212121212,10.984848484848484,1.893939393939394
E00016811,81.57894736842105,14.473684210526315,3.9473684210526314
E00016812,84.02777777777777,13.194444444444445,2.7777777777777777
E00016816,84.25925925925925,11.574074074074074,4.166666666666666
E00016817,82.16783216783217,13.636363636363637,4.195804195804196
E00016785,82.65306122448979,14.795918367346939,2.5510204081632653
E00016786,89.07563025210084,7.983193277310924,2.9411764705882355
E00016787,72.98578199052133,21.80094786729858,5.213270142180095
E00016822,75.63636363636364,19.636363636363637,4.727272727272727
E00016824,73.17073170731707,19.51219512195122,7.317073170731708
E00016445,88.58131487889273,9.688581314878894,1.7301038062283736
E00016448,93.4375,5.625,0.9375
E00016452,90.54054054054055,8.445945945945947,1.0135135135135136
E00016454,90.76305220883535,6.42570281124498,2.811244979919679
E00016455,93.3920704845815,5.286343612334802,1.3215859030837005
E00016446,90.49079754601227,7.668711656441718,1.8404907975460123
E00016453,84.30493273542601,14.349775784753364,1.345291479820628
E00016456,88.7218045112782,10.526315789473685,0.7518796992481203
E00016457,79.51807228915662,19.67871485943775,0.8032128514056225
E00016462,87.40458015267176,11.83206106870229,0.7633587786259542
E00173944,76.66666666666667,18.333333333333336,5.0
E00173945,87.02928870292887,10.878661087866108,2.092050209205021
E00016444,88.66666666666667,9.0,2.3333333333333335
E00016484,89.08045977011494,9.482758620689655,1.4367816091954022
E00016485,83.05084745762711,14.40677966101695,2.5423728813559325
E00016488,87.57961783439491,11.146496815286625,1.2738853503184713
E00016489,74.0079365079365,20.039682539682538,5.9523809523809526
E00016443,95.1951951951952,4.504504504504505,0.3003003003003003
E00016483,90.47619047619048,8.225108225108226,1.2987012987012987
E00016486,87.46594005449592,11.716621253405993,0.8174386920980926
E00016487,91.47286821705427,7.364341085271318,1.1627906976744187
E00016491,92.40506329113924,6.329113924050633,1.2658227848101267
E00016449,85.88709677419355,10.887096774193548,3.225806451612903
E00016450,77.43362831858407,19.911504424778762,2.6548672566371683
E00016451,83.27868852459017,15.081967213114755,1.639344262295082
E00016490,90.53030303030303,9.090909090909092,0.3787878787878788
E00016492,87.91666666666667,11.666666666666668,0.4166666666666667
E00016281,84.89425981873111,11.178247734138973,3.9274924471299095
E00016290,84.19243986254295,10.996563573883162,4.810996563573883
E00016292,84.77508650519032,11.07266435986159,4.1522491349480966
E00016293,89.11764705882354,8.823529411764707,2.0588235294117645
E00016295,87.76758409785933,9.785932721712538,2.4464831804281344
E00016258,91.21813031161473,7.082152974504249,1.6997167138810199
E00016259,86.1952861952862,10.1010101010101,3.7037037037037037
E00016298,86.55256723716381,11.7359413202934,1.7114914425427872
E00016299,84.55497382198953,12.827225130890053,2.617801047120419
E00016274,87.83783783783784,11.14864864864865,1.0135135135135136
E00016276,87.32782369146005,11.019283746556475,1.6528925619834711
E00016277,84.0625,13.4375,2.5
E00016278,88.212927756654,11.02661596958175,0.7604562737642585
E00016285,86.12244897959184,10.204081632653061,3.673469387755102
E00016256,87.8688524590164,6.557377049180328,5.573770491803279
E00016284,90.21739130434783,8.695652173913043,1.0869565217391304
E00016286,86.2533692722372,9.703504043126685,4.0431266846361185
E00016296,87.69716088328076,9.46372239747634,2.839116719242902
E00016297,87.22044728434504,9.904153354632587,2.8753993610223643
E00016275,79.67914438502673,16.577540106951872,3.7433155080213907
E00016279,78.24675324675324,14.61038961038961,7.142857142857143
E00016280,88.51851851851852,9.25925925925926,2.2222222222222223
E00016283,86.36363636363636,11.212121212121211,2.4242424242424243
E00016287,83.11258278145695,13.57615894039735,3.3112582781456954
E00016513,82.74760383386581,13.418530351437699,3.8338658146964857
E00016514,87.5,10.096153846153847,2.4038461538461537
E00016515,87.46081504702194,11.598746081504704,0.9404388714733543
E00016516,85.15901060070671,12.7208480565371,2.1201413427561837
E00016519,89.82300884955752,8.849557522123893,1.3274336283185841
E00016521,86.86440677966101,9.322033898305085,3.8135593220338984
E00016493,84.85714285714286,12.571428571428571,2.571428571428571
E00016499,77.6978417266187,18.70503597122302,3.597122302158273
E00016502,90.18867924528301,9.056603773584905,0.7547169811320755
E00016503,89.14285714285714,9.142857142857142,1.7142857142857142
E00016507,83.98268398268398,13.41991341991342,2.5974025974025974
E00016540,82.5938566552901,13.651877133105803,3.7542662116040955
E00016498,86.95652173913044,9.96376811594203,3.079710144927536
E00016500,86.71586715867159,9.963099630996311,3.321033210332103
E00016505,85.23489932885906,13.758389261744966,1.0067114093959733
E00016541,84.77011494252874,11.49425287356322,3.735632183908046
E00016494,85.76051779935275,13.592233009708739,0.6472491909385113
E00016495,83.24607329842932,16.230366492146597,0.5235602094240838
E00016501,84.28927680798004,13.965087281795512,1.745635910224439
E00016508,92.89940828402366,6.8047337278106514,0.2958579881656805
E00016511,86.60714285714286,12.797619047619047,0.5952380952380952
E00016504,92.33226837060703,5.7507987220447285,1.9169329073482428
E00016506,86.60714285714286,12.5,0.8928571428571429
E00016509,83.20413436692506,13.178294573643411,3.6175710594315245
E00016510,94.48818897637796,4.330708661417323,1.1811023622047245
E00016512,86.52037617554859,10.65830721003135,2.8213166144200628
E00016750,88.88888888888889,8.812260536398467,2.2988505747126435
E00016752,88.4272997032641,8.6053412462908,2.9673590504451037
E00016753,92.88537549407114,6.719367588932807,0.3952569169960474
E00016758,92.8082191780822,6.8493150684931505,0.3424657534246575
E00016763,92.76315789473684,6.578947368421053,0.6578947368421053
E00016738,82.52427184466019,16.504854368932037,0.970873786407767
E00016739,94.13793103448276,4.827586206896552,1.0344827586206897
E00016740,80.4733727810651,17.455621301775146,2.0710059171597632
E00016749,89.03654485049834,8.970099667774086,1.9933554817275747
E00016755,79.74683544303798,15.443037974683545,4.810126582278482
E00016745,85.22427440633246,12.401055408970976,2.37467018469657
E00016746,92.16867469879519,6.325301204819278,1.5060240963855422
E00016751,87.67123287671232,11.986301369863014,0.3424657534246575
E00016754,86.47686832740213,11.743772241992882,1.7793594306049823
E00016757,91.25,7.916666666666667,0.8333333333333334
E00016732,81.51515151515152,15.757575757575758,2.727272727272727
E00016735,84.91124260355029,13.31360946745562,1.775147928994083
E00016741,91.08527131782945,6.976744186046512,1.9379844961240311
E00016742,87.41496598639456,11.224489795918366,1.3605442176870748
E00016733,89.8360655737705,8.524590163934427,1.639344262295082
E00016734,89.53488372093024,8.914728682170542,1.550387596899225
E00016743,89.28571428571429,9.285714285714286,1.4285714285714286
E00016744,89.28571428571429,9.523809523809524,1.1904761904761905
E00016747,89.9581589958159,8.368200836820083,1.6736401673640167
E00016261,82.68156424581005,14.804469273743017,2.513966480446927
E00016282,87.57396449704142,10.946745562130177,1.4792899408284024
E00016288,81.5347721822542,12.949640287769785,5.5155875299760195
E00016289,84.52380952380952,13.095238095238095,2.380952380952381
E00016294,88.65671641791045,9.552238805970148,1.7910447761194028
E00016260,90.64327485380117,8.187134502923977,1.1695906432748537
E00016262,85.7707509881423,13.043478260869566,1.1857707509881423
E00016266,86.85714285714286,11.142857142857142,2.0
E00016267,79.182156133829,16.356877323420072,4.4609665427509295
E00016271,85.97402597402598,12.207792207792208,1.8181818181818181
E00016257,88.44339622641509,10.141509433962263,1.4150943396226414
E00016263,91.89189189189189,5.405405405405405,2.7027027027027026
E00016265,82.0754716981132,14.38679245283019,3.5377358490566033
E00016268,80.35714285714286,14.732142857142858,4.910714285714286
E00016291,85.87896253602305,10.951008645533141,3.170028818443804
E00016264,84.87972508591065,12.714776632302407,2.4054982817869415
E00016269,90.26548672566372,7.669616519174041,2.064896755162242
E00016270,84.48275862068965,13.103448275862068,2.413793103448276
E00016272,79.17888563049853,15.249266862170089,5.571847507331379
E00016273,86.68341708542714,11.809045226130653,1.5075376884422111
E00016930,84.76702508960574,11.469534050179211,3.7634408602150535
E00016946,89.51406649616368,9.207161125319693,1.278772378516624
E00016952,86.14232209737828,10.861423220973784,2.9962546816479403
E00016964,91.95402298850574,6.513409961685824,1.5325670498084292
E00016929,91.015625,7.421875,1.5625
E00016931,85.29411764705883,13.602941176470587,1.1029411764705883
E00016932,86.9090909090909,11.272727272727273,1.8181818181818183
E00016954,86.61417322834646,11.811023622047244,1.5748031496062993
E00016961,90.97222222222223,5.902777777777778,3.125
E00016933,86.75496688741723,11.699779249448124,1.545253863134658
E00016953,91.88034188034187,5.555555555555555,2.5641025641025643
E00016957,90.25270758122744,7.9422382671480145,1.8050541516245489
E00016960,85.47008547008546,10.256410256410257,4.273504273504273
E00016966,87.95811518324608,11.518324607329843,0.5235602094240838
E00016940,73.99267399267399,21.245421245421245,4.761904761904762
E00016941,92.05479452054794,6.301369863013699,1.643835616438356
E00016942,85.43307086614173,12.99212598425197,1.5748031496062993
E00016943,86.76470588235294,13.235294117647058,0.0
E00016944,78.64077669902913,16.828478964401295,4.53074433656958
E00016945,85.32608695652173,14.673913043478262,0.0
E00016728,81.25,15.0,3.75
E00016764,89.09774436090225,8.646616541353383,2.255639097744361
E00016766,84.7457627118644,12.994350282485875,2.2598870056497176
E00016768,79.84189723320158,17.786561264822133,2.3715415019762847
E00016772,89.66565349544074,8.51063829787234,1.8237082066869301
E00016737,89.32806324110672,9.881422924901186,0.7905138339920948
E00016748,85.35564853556485,10.460251046025103,4.184100418410042
E00016756,78.84615384615384,18.076923076923077,3.0769230769230766
E00016760,79.69924812030075,15.413533834586467,4.887218045112782
E00173704,80.88888888888889,16.444444444444446,2.6666666666666665
E00173705,81.10236220472441,16.53543307086614,2.3622047244094486
E00173707,87.82608695652173,12.173913043478262,0.0
E00016729,93.3609958506224,5.809128630705395,0.8298755186721992
E00016730,85.8044164037855,11.35646687697161,2.839116719242902
E00016759,92.62820512820512,4.8076923076923075,2.5641025641025643
E00016761,91.29032258064517,6.774193548387098,1.935483870967742
E00016762,83.2764505119454,13.310580204778157,3.4129692832764507
E00016765,86.3849765258216,11.267605633802816,2.347417840375587
