"date","geography","geography code","Rural Urban","Hours Worked: All categories: Hours worked; measures: Value","Hours Worked: Part-time: Total; measures: Value","Hours Worked: Part-time: 15 hours or less worked; measures: Value","Hours Worked: Part-time: 16 to 30 hours worked; measures: Value","Hours Worked: Full-time: Total; measures: Value","Hours Worked: Full-time: 31 to 48 hours worked; measures: Value","Hours Worked: Full-time: 49 or more hours worked; measures: Value"
"2011","E00004482","E00004482","Total",162,39,13,26,123,82,41
"2011","E00004497","E00004497","Total",108,29,6,23,79,62,17
"2011","E00004498","E00004498","Total",142,41,16,25,101,73,28
"2011","E00004502","E00004502","Total",99,26,3,23,73,63,10
"2011","E00004505","E00004505","Total",128,38,13,25,90,76,14
"2011","E00004481","E00004481","Total",123,42,12,30,81,63,18
"2011","E00004493","E00004493","Total",103,26,7,19,77,65,12
"2011","E00004500","E00004500","Total",110,28,7,21,82,67,15
"2011","E00004501","E00004501","Total",70,18,9,9,52,40,12
"2011","E00004503","E00004503","Total",90,35,13,22,55,47,8
"2011","E00004506","E00004506","Total",137,43,15,28,94,74,20
"2011","E00004507","E00004507","Total",125,49,25,24,76,41,35
"2011","E00004504","E00004504","Total",177,55,24,31,122,76,46
"2011","E00004508","E00004508","Total",156,48,18,30,108,78,30
"2011","E00004509","E00004509","Total",145,50,16,34,95,78,17
"2011","E00004510","E00004510","Total",174,31,18,13,143,111,32
"2011","E00004511","E00004511","Total",184,37,16,21,147,101,46
"2011","E00004486","E00004486","Total",135,33,9,24,102,76,26
"2011","E00004487","E00004487","Total",127,31,11,20,96,85,11
"2011","E00004489","E00004489","Total",147,44,14,30,103,89,14
"2011","E00004490","E00004490","Total",96,26,10,16,70,55,15
"2011","E00004491","E00004491","Total",123,26,8,18,97,83,14
"2011","E00004517","E00004517","Total",129,31,15,16,98,73,25
"2011","E00004492","E00004492","Total",172,52,27,25,120,68,52
"2011","E00004494","E00004494","Total",245,47,14,33,198,136,62
"2011","E00004495","E00004495","Total",138,40,15,25,98,63,35
"2011","E00004496","E00004496","Total",186,41,21,20,145,97,48
"2011","E00004499","E00004499","Total",197,60,27,33,137,82,55
"2011","E00004411","E00004411","Total",153,47,20,27,106,70,36
"2011","E00004412","E00004412","Total",170,45,16,29,125,71,54
"2011","E00004414","E00004414","Total",155,45,21,24,110,58,52
"2011","E00004416","E00004416","Total",136,33,13,20,103,60,43
"2011","E00004418","E00004418","Total",151,37,15,22,114,75,39
"2011","E00004423","E00004423","Total",135,24,9,15,111,76,35
"2011","E00004401","E00004401","Total",145,37,16,21,108,59,49
"2011","E00004404","E00004404","Total",127,32,15,17,95,48,47
"2011","E00004417","E00004417","Total",161,34,14,20,127,71,56
"2011","E00004421","E00004421","Total",167,34,10,24,133,70,63
"2011","E00004429","E00004429","Total",167,34,10,24,133,77,56
"2011","E00004409","E00004409","Total",128,30,12,18,98,73,25
"2011","E00004410","E00004410","Total",141,33,12,21,108,74,34
"2011","E00004415","E00004415","Total",169,35,15,20,134,67,67
"2011","E00004419","E00004419","Total",175,25,11,14,150,87,63
"2011","E00004422","E00004422","Total",108,19,9,10,89,48,41
"2011","E00004428","E00004428","Total",121,24,11,13,97,53,44
"2011","E00004430","E00004430","Total",51,8,5,3,43,24,19
"2011","E00004402","E00004402","Total",144,32,9,23,112,50,62
"2011","E00004420","E00004420","Total",143,27,12,15,116,61,55
"2011","E00004424","E00004424","Total",151,24,7,17,127,81,46
"2011","E00004425","E00004425","Total",185,40,10,30,145,97,48
"2011","E00004426","E00004426","Total",167,44,14,30,123,72,51
"2011","E00004427","E00004427","Total",120,16,7,9,104,54,50
"2011","E00004403","E00004403","Total",143,41,21,20,102,62,40
"2011","E00004405","E00004405","Total",152,25,9,16,127,64,63
"2011","E00004406","E00004406","Total",131,31,9,22,100,51,49
"2011","E00004407","E00004407","Total",153,37,24,13,116,70,46
"2011","E00004408","E00004408","Total",130,26,13,13,104,54,50
"2011","E00004413","E00004413","Total",117,18,11,7,99,51,48
"2011","E00004483","E00004483","Total",161,29,11,18,132,96,36
"2011","E00004485","E00004485","Total",153,36,11,25,117,100,17
"2011","E00004513","E00004513","Total",136,39,14,25,97,66,31
"2011","E00004514","E00004514","Total",158,39,15,24,119,82,37
"2011","E00004516","E00004516","Total",202,48,20,28,154,105,49
"2011","E00004484","E00004484","Total",159,41,9,32,118,88,30
"2011","E00004488","E00004488","Total",75,26,5,21,49,40,9
"2011","E00004512","E00004512","Total",130,30,7,23,100,75,25
"2011","E00004515","E00004515","Total",152,32,11,21,120,87,33
"2011","E00004518","E00004518","Total",104,31,8,23,73,57,16
"2011","E00004519","E00004519","Total",135,34,13,21,101,73,28
"2011","E00004575","E00004575","Total",238,43,15,28,195,160,35
"2011","E00004578","E00004578","Total",203,32,11,21,171,150,21
"2011","E00004580","E00004580","Total",182,37,6,31,145,113,32
"2011","E00004581","E00004581","Total",137,25,8,17,112,83,29
"2011","E00004582","E00004582","Total",157,36,11,25,121,81,40
"2011","E00004593","E00004593","Total",340,65,19,46,275,214,61
"2011","E00004587","E00004587","Total",137,45,19,26,92,63,29
"2011","E00004589","E00004589","Total",147,36,9,27,111,75,36
"2011","E00004590","E00004590","Total",138,30,18,12,108,81,27
"2011","E00004592","E00004592","Total",113,17,2,15,96,73,23
"2011","E00004595","E00004595","Total",139,29,10,19,110,75,35
"2011","E00004596","E00004596","Total",121,23,9,14,98,67,31
"2011","E00004576","E00004576","Total",153,41,11,30,112,88,24
"2011","E00004577","E00004577","Total",153,26,10,16,127,99,28
"2011","E00004579","E00004579","Total",141,45,20,25,96,67,29
"2011","E00004583","E00004583","Total",188,47,22,25,141,101,40
"2011","E00004584","E00004584","Total",211,49,18,31,162,122,40
"2011","E00004323","E00004323","Total",183,89,61,28,94,60,34
"2011","E00004328","E00004328","Total",129,19,6,13,110,63,47
"2011","E00004353","E00004353","Total",101,19,5,14,82,44,38
"2011","E00004354","E00004354","Total",146,34,18,16,112,66,46
"2011","E00004358","E00004358","Total",116,26,13,13,90,59,31
"2011","E00004324","E00004324","Total",128,28,15,13,100,59,41
"2011","E00004325","E00004325","Total",118,24,12,12,94,55,39
"2011","E00004330","E00004330","Total",182,23,10,13,159,90,69
"2011","E00004355","E00004355","Total",122,29,12,17,93,56,37
"2011","E00004361","E00004361","Total",187,61,25,36,126,80,46
"2011","E00004327","E00004327","Total",156,27,12,15,129,78,51
"2011","E00004329","E00004329","Total",155,21,9,12,134,84,50
"2011","E00004356","E00004356","Total",162,39,11,28,123,61,62
"2011","E00004357","E00004357","Total",164,25,16,9,139,61,78
"2011","E00004360","E00004360","Total",153,26,9,17,127,72,55
"2011","E00004322","E00004322","Total",144,47,24,23,97,59,38
"2011","E00004347","E00004347","Total",126,32,14,18,94,54,40
"2011","E00004348","E00004348","Total",138,36,17,19,102,54,48
"2011","E00004349","E00004349","Total",158,43,16,27,115,54,61
"2011","E00004352","E00004352","Total",150,39,18,21,111,56,55
"2011","E00004345","E00004345","Total",139,37,17,20,102,60,42
"2011","E00004346","E00004346","Total",110,32,18,14,78,50,28
"2011","E00004350","E00004350","Total",119,34,16,18,85,51,34
"2011","E00004351","E00004351","Total",146,42,15,27,104,55,49
"2011","E00004359","E00004359","Total",150,33,12,21,117,58,59
"2011","E00004295","E00004295","Total",216,51,25,26,165,111,54
"2011","E00004296","E00004296","Total",157,52,12,40,105,82,23
"2011","E00004298","E00004298","Total",171,36,14,22,135,100,35
"2011","E00004303","E00004303","Total",172,38,17,21,134,92,42
"2011","E00004311","E00004311","Total",149,25,11,14,124,77,47
"2011","E00004300","E00004300","Total",148,26,8,18,122,93,29
"2011","E00004301","E00004301","Total",309,65,19,46,244,211,33
"2011","E00004302","E00004302","Total",163,37,15,22,126,92,34
"2011","E00004314","E00004314","Total",202,42,16,26,160,124,36
"2011","E00004316","E00004316","Total",160,25,7,18,135,120,15
"2011","E00004319","E00004319","Total",209,23,12,11,186,132,54
"2011","E00004307","E00004307","Total",203,50,21,29,153,104,49
"2011","E00004308","E00004308","Total",159,24,8,16,135,98,37
"2011","E00004312","E00004312","Total",183,34,11,23,149,115,34
"2011","E00004317","E00004317","Total",263,40,13,27,223,154,69
"2011","E00004318","E00004318","Total",196,34,16,18,162,110,52
"2011","E00004305","E00004305","Total",179,40,20,20,139,93,46
"2011","E00004306","E00004306","Total",182,35,11,24,147,101,46
"2011","E00004310","E00004310","Total",170,39,16,23,131,79,52
"2011","E00004313","E00004313","Total",185,40,23,17,145,94,51
"2011","E00004315","E00004315","Total",227,37,12,25,190,135,55
"2011","E00004285","E00004285","Total",181,21,8,13,160,128,32
"2011","E00004297","E00004297","Total",188,31,10,21,157,109,48
"2011","E00004299","E00004299","Total",172,25,8,17,147,104,43
"2011","E00004304","E00004304","Total",247,41,17,24,206,144,62
"2011","E00004309","E00004309","Total",185,36,6,30,149,103,46
"2011","E00004381","E00004381","Total",185,48,16,32,137,101,36
"2011","E00004384","E00004384","Total",116,23,7,16,93,66,27
"2011","E00004385","E00004385","Total",122,24,7,17,98,76,22
"2011","E00004389","E00004389","Total",161,32,11,21,129,88,41
"2011","E00004392","E00004392","Total",114,42,10,32,72,47,25
"2011","E00004394","E00004394","Total",104,23,3,20,81,59,22
"2011","E00004365","E00004365","Total",173,27,9,18,146,98,48
"2011","E00004383","E00004383","Total",130,18,6,12,112,75,37
"2011","E00004387","E00004387","Total",130,31,15,16,99,68,31
"2011","E00004390","E00004390","Total",161,30,12,18,131,96,35
"2011","E00004393","E00004393","Total",122,30,5,25,92,65,27
"2011","E00004395","E00004395","Total",169,24,8,16,145,91,54
"2011","E00004382","E00004382","Total",151,30,14,16,121,79,42
"2011","E00004386","E00004386","Total",132,34,20,14,98,58,40
"2011","E00004388","E00004388","Total",135,23,5,18,112,71,41
"2011","E00004391","E00004391","Total",180,47,8,39,133,88,45
"2011","E00004396","E00004396","Total",119,28,7,21,91,75,16
"2011","E00004398","E00004398","Total",95,28,13,15,67,53,14
"2011","E00004367","E00004367","Total",125,35,4,31,90,71,19
"2011","E00004368","E00004368","Total",220,29,9,20,191,124,67
"2011","E00004372","E00004372","Total",140,37,13,24,103,79,24
"2011","E00004375","E00004375","Total",139,25,6,19,114,72,42
"2011","E00004378","E00004378","Total",166,29,6,23,137,93,44
"2011","E00004379","E00004379","Total",153,23,7,16,130,82,48
"2011","E00004441","E00004441","Total",159,30,15,15,129,83,46
"2011","E00004447","E00004447","Total",36,7,3,4,29,21,8
"2011","E00004451","E00004451","Total",128,31,10,21,97,70,27
"2011","E00004452","E00004452","Total",165,42,19,23,123,76,47
"2011","E00004457","E00004457","Total",152,22,11,11,130,83,47
"2011","E00004480","E00004480","Total",128,32,9,23,96,70,26
"2011","E00004362","E00004362","Total",133,43,14,29,90,80,10
"2011","E00004370","E00004370","Total",105,35,10,25,70,57,13
"2011","E00004376","E00004376","Total",181,50,17,33,131,102,29
"2011","E00004397","E00004397","Total",120,38,16,22,82,68,14
"2011","E00004399","E00004399","Total",120,42,14,28,78,61,17
"2011","E00004363","E00004363","Total",136,56,18,38,80,73,7
"2011","E00004366","E00004366","Total",97,34,10,24,63,54,9
"2011","E00004369","E00004369","Total",99,37,15,22,62,54,8
"2011","E00004373","E00004373","Total",130,48,12,36,82,75,7
"2011","E00004400","E00004400","Total",113,40,13,27,73,58,15
"2011","E00004364","E00004364","Total",206,70,22,48,136,105,31
"2011","E00004371","E00004371","Total",76,26,7,19,50,42,8
"2011","E00004374","E00004374","Total",84,29,9,20,55,48,7
"2011","E00004377","E00004377","Total",61,23,9,14,38,33,5
"2011","E00004380","E00004380","Total",113,28,9,19,85,75,10
"2011","E00004444","E00004444","Total",158,45,6,39,113,97,16
"2011","E00004445","E00004445","Total",125,24,12,12,101,77,24
"2011","E00004454","E00004454","Total",164,50,12,38,114,100,14
"2011","E00004456","E00004456","Total",108,44,15,29,64,52,12
"2011","E00174669","E00174669","Total",125,49,18,31,76,51,25
"2011","E00004563","E00004563","Total",219,52,24,28,167,132,35
"2011","E00004566","E00004566","Total",149,27,13,14,122,84,38
"2011","E00004568","E00004568","Total",212,36,16,20,176,145,31
"2011","E00004569","E00004569","Total",176,45,16,29,131,100,31
"2011","E00004570","E00004570","Total",167,28,9,19,139,107,32
"2011","E00004571","E00004571","Total",208,38,16,22,170,114,56
"2011","E00004572","E00004572","Total",235,48,19,29,187,129,58
"2011","E00004573","E00004573","Total",163,44,16,28,119,84,35
"2011","E00004574","E00004574","Total",225,50,20,30,175,139,36
"2011","E00004321","E00004321","Total",173,44,18,26,129,64,65
"2011","E00004326","E00004326","Total",114,19,4,15,95,61,34
"2011","E00004331","E00004331","Total",160,34,14,20,126,76,50
"2011","E00004336","E00004336","Total",223,34,13,21,189,124,65
"2011","E00004337","E00004337","Total",125,19,6,13,106,59,47
"2011","E00004320","E00004320","Total",148,36,15,21,112,65,47
"2011","E00004333","E00004333","Total",162,22,7,15,140,78,62
"2011","E00004335","E00004335","Total",201,41,20,21,160,107,53
"2011","E00004338","E00004338","Total",148,29,15,14,119,53,66
"2011","E00004341","E00004341","Total",168,20,7,13,148,93,55
"2011","E00004342","E00004342","Total",127,13,5,8,114,68,46
"2011","E00004332","E00004332","Total",104,17,6,11,87,54,33
"2011","E00004334","E00004334","Total",112,15,8,7,97,59,38
"2011","E00004339","E00004339","Total",117,24,12,12,93,59,34
"2011","E00004340","E00004340","Total",115,20,7,13,95,73,22
"2011","E00004343","E00004343","Total",133,14,7,7,119,62,57
"2011","E00004344","E00004344","Total",136,15,8,7,121,76,45
"2011","E00004431","E00004431","Total",126,23,12,11,103,44,59
"2011","E00004432","E00004432","Total",180,30,14,16,150,86,64
"2011","E00004433","E00004433","Total",168,35,14,21,133,74,59
"2011","E00004437","E00004437","Total",143,31,10,21,112,50,62
"2011","E00004439","E00004439","Total",123,22,11,11,101,44,57
"2011","E00004440","E00004440","Total",130,28,13,15,102,57,45
"2011","E00004435","E00004435","Total",113,20,9,11,93,65,28
"2011","E00004436","E00004436","Total",181,43,20,23,138,70,68
"2011","E00004438","E00004438","Total",130,19,9,10,111,67,44
"2011","E00174668","E00174668","Total",101,29,9,20,72,62,10
"2011","E00174670","E00174670","Total",141,13,2,11,128,59,69
"2011","E00174672","E00174672","Total",205,10,8,2,195,152,43
"2011","E00174673","E00174673","Total",107,5,3,2,102,96,6
"2011","E00004245","E00004245","Total",157,24,8,16,133,105,28
"2011","E00004247","E00004247","Total",173,38,12,26,135,93,42
"2011","E00004248","E00004248","Total",233,65,16,49,168,122,46
"2011","E00004254","E00004254","Total",118,40,20,20,78,69,9
"2011","E00004273","E00004273","Total",220,48,17,31,172,122,50
"2011","E00004276","E00004276","Total",143,37,10,27,106,80,26
"2011","E00004265","E00004265","Total",117,24,12,12,93,70,23
"2011","E00004266","E00004266","Total",163,39,12,27,124,100,24
"2011","E00004268","E00004268","Total",134,36,11,25,98,79,19
"2011","E00004269","E00004269","Total",116,27,3,24,89,73,16
"2011","E00004272","E00004272","Total",162,44,18,26,118,88,30
"2011","E00004274","E00004274","Total",181,38,10,28,143,96,47
"2011","E00004585","E00004585","Total",151,34,11,23,117,88,29
"2011","E00004586","E00004586","Total",152,39,13,26,113,77,36
"2011","E00004588","E00004588","Total",209,35,11,24,174,120,54
"2011","E00004594","E00004594","Total",152,29,13,16,123,94,29
"2011","E00004598","E00004598","Total",133,35,12,23,98,68,30
"2011","E00004599","E00004599","Total",192,40,18,22,152,117,35
"2011","E00004565","E00004565","Total",92,28,17,11,64,55,9
"2011","E00004591","E00004591","Total",120,38,13,25,82,63,19
"2011","E00004600","E00004600","Total",121,35,10,25,86,72,14
"2011","E00004601","E00004601","Total",114,33,11,22,81,61,20
"2011","E00004603","E00004603","Total",136,41,10,31,95,77,18
"2011","E00004562","E00004562","Total",148,26,11,15,122,103,19
"2011","E00004564","E00004564","Total",175,35,15,20,140,119,21
"2011","E00004567","E00004567","Total",134,48,14,34,86,71,15
"2011","E00004597","E00004597","Total",478,46,23,23,432,350,82
"2011","E00004602","E00004602","Total",168,27,12,15,141,110,31
"2011","E00004813","E00004813","Total",211,34,15,19,177,105,72
"2011","E00004820","E00004820","Total",218,29,8,21,189,117,72
"2011","E00004848","E00004848","Total",188,25,11,14,163,117,46
"2011","E00004849","E00004849","Total",183,27,9,18,156,96,60
"2011","E00004850","E00004850","Total",320,32,11,21,288,185,103
"2011","E00004853","E00004853","Total",249,38,11,27,211,162,49
"2011","E00004814","E00004814","Total",153,22,8,14,131,77,54
"2011","E00004818","E00004818","Total",164,19,7,12,145,97,48
"2011","E00004821","E00004821","Total",137,17,9,8,120,83,37
"2011","E00004824","E00004824","Total",163,24,9,15,139,105,34
"2011","E00004825","E00004825","Total",155,17,3,14,138,89,49
"2011","E00004826","E00004826","Total",188,18,5,13,170,116,54
"2011","E00004851","E00004851","Total",138,6,3,3,132,72,60
"2011","E00004816","E00004816","Total",169,30,9,21,139,99,40
"2011","E00004817","E00004817","Total",152,44,15,29,108,64,44
"2011","E00004819","E00004819","Total",202,35,8,27,167,113,54
"2011","E00004822","E00004822","Total",201,34,13,21,167,127,40
"2011","E00004852","E00004852","Total",179,23,9,14,156,116,40
"2011","E00004815","E00004815","Total",272,55,24,31,217,157,60
"2011","E00004823","E00004823","Total",150,25,8,17,125,88,37
"2011","E00004827","E00004827","Total",167,43,19,24,124,87,37
"2011","E00004828","E00004828","Total",144,31,12,19,113,89,24
"2011","E00004829","E00004829","Total",174,16,6,10,158,125,33
"2011","E00004831","E00004831","Total",78,19,4,15,59,48,11
"2011","E00004830","E00004830","Total",183,26,12,14,157,104,53
"2011","E00004832","E00004832","Total",197,42,14,28,155,119,36
"2011","E00004835","E00004835","Total",225,36,16,20,189,139,50
"2011","E00004837","E00004837","Total",238,35,10,25,203,137,66
"2011","E00004840","E00004840","Total",156,25,12,13,131,100,31
"2011","E00004841","E00004841","Total",150,27,9,18,123,94,29
"2011","E00004120","E00004120","Total",187,39,17,22,148,87,61
"2011","E00004140","E00004140","Total",122,15,5,10,107,61,46
"2011","E00004141","E00004141","Total",98,18,9,9,80,44,36
"2011","E00004142","E00004142","Total",151,27,7,20,124,74,50
"2011","E00004145","E00004145","Total",161,31,16,15,130,83,47
"2011","E00004152","E00004152","Total",130,24,10,14,106,52,54
"2011","E00004121","E00004121","Total",142,25,11,14,117,71,46
"2011","E00004143","E00004143","Total",141,16,5,11,125,57,68
"2011","E00004150","E00004150","Total",222,20,8,12,202,127,75
"2011","E00004154","E00004154","Total",160,17,9,8,143,85,58
"2011","E00004155","E00004155","Total",135,28,10,18,107,57,50
"2011","E00004156","E00004156","Total",132,25,8,17,107,69,38
"2011","E00004162","E00004162","Total",157,23,7,16,134,80,54
"2011","E00004126","E00004126","Total",170,23,9,14,147,80,67
"2011","E00004128","E00004128","Total",171,23,11,12,148,84,64
"2011","E00004129","E00004129","Total",178,22,5,17,156,101,55
"2011","E00004131","E00004131","Total",179,43,18,25,136,80,56
"2011","E00004132","E00004132","Total",130,22,6,16,108,63,45
"2011","E00004137","E00004137","Total",180,37,13,24,143,94,49
"2011","E00004124","E00004124","Total",91,14,5,9,77,57,20
"2011","E00004125","E00004125","Total",179,21,4,17,158,106,52
"2011","E00004127","E00004127","Total",167,37,10,27,130,86,44
"2011","E00004130","E00004130","Total",172,38,11,27,134,96,38
"2011","E00004133","E00004133","Total",150,33,12,21,117,58,59
"2011","E00004135","E00004135","Total",115,26,9,17,89,54,35
"2011","E00004168","E00004168","Total",108,17,7,10,91,54,37
"2011","E00004448","E00004448","Total",157,35,6,29,122,93,29
"2011","E00004450","E00004450","Total",197,34,17,17,163,135,28
"2011","E00004453","E00004453","Total",156,43,12,31,113,88,25
"2011","E00004458","E00004458","Total",230,46,19,27,184,134,50
"2011","E00004462","E00004462","Total",145,34,16,18,111,68,43
"2011","E00004442","E00004442","Total",79,25,9,16,54,47,7
"2011","E00004446","E00004446","Total",133,35,11,24,98,82,16
"2011","E00004455","E00004455","Total",97,47,20,27,50,43,7
"2011","E00004460","E00004460","Total",81,25,8,17,56,44,12
"2011","E00004470","E00004470","Total",160,40,13,27,120,85,35
"2011","E00004465","E00004465","Total",165,34,13,21,131,108,23
"2011","E00004467","E00004467","Total",121,40,14,26,81,64,17
"2011","E00004474","E00004474","Total",221,42,13,29,179,117,62
"2011","E00004475","E00004475","Total",125,42,14,28,83,66,17
"2011","E00004476","E00004476","Total",116,45,12,33,71,61,10
"2011","E00004478","E00004478","Total",268,61,17,44,207,145,62
"2011","E00004459","E00004459","Total",95,32,10,22,63,53,10
"2011","E00004461","E00004461","Total",136,52,15,37,84,71,13
"2011","E00004463","E00004463","Total",105,42,16,26,63,53,10
"2011","E00004464","E00004464","Total",5,2,2,0,3,2,1
"2011","E00004468","E00004468","Total",163,51,14,37,112,97,15
"2011","E00004472","E00004472","Total",189,54,21,33,135,105,30
"2011","E00004466","E00004466","Total",159,19,8,11,140,84,56
"2011","E00004469","E00004469","Total",150,20,5,15,130,76,54
"2011","E00004471","E00004471","Total",159,15,7,8,144,85,59
"2011","E00004473","E00004473","Total",130,18,4,14,112,70,42
"2011","E00004477","E00004477","Total",186,36,21,15,150,100,50
"2011","E00004479","E00004479","Total",161,37,14,23,124,93,31
"2011","E00004282","E00004282","Total",172,33,12,21,139,106,33
"2011","E00004284","E00004284","Total",131,21,5,16,110,79,31
"2011","E00004286","E00004286","Total",180,33,8,25,147,110,37
"2011","E00004287","E00004287","Total",161,33,12,21,128,108,20
"2011","E00004289","E00004289","Total",152,20,7,13,132,95,37
"2011","E00004290","E00004290","Total",186,34,11,23,152,112,40
"2011","E00004283","E00004283","Total",158,32,13,19,126,92,34
"2011","E00004288","E00004288","Total",180,33,14,19,147,106,41
"2011","E00004291","E00004291","Total",147,39,14,25,108,91,17
"2011","E00004292","E00004292","Total",91,36,19,17,55,47,8
"2011","E00004293","E00004293","Total",129,24,6,18,105,82,23
"2011","E00004294","E00004294","Total",134,16,8,8,118,84,34
"2011","E00004604","E00004604","Total",111,30,6,24,81,64,17
"2011","E00004605","E00004605","Total",127,34,12,22,93,67,26
"2011","E00004612","E00004612","Total",142,32,13,19,110,99,11
"2011","E00004613","E00004613","Total",108,33,12,21,75,58,17
"2011","E00004614","E00004614","Total",268,67,22,45,201,148,53
"2011","E00004621","E00004621","Total",141,29,6,23,112,84,28
"2011","E00004615","E00004615","Total",142,22,9,13,120,80,40
"2011","E00004616","E00004616","Total",192,27,10,17,165,115,50
"2011","E00004617","E00004617","Total",159,25,12,13,134,88,46
"2011","E00004618","E00004618","Total",156,20,9,11,136,87,49
"2011","E00004619","E00004619","Total",127,25,4,21,102,69,33
"2011","E00004620","E00004620","Total",152,40,19,21,112,89,23
"2011","E00004622","E00004622","Total",295,30,16,14,265,163,102
"2011","E00004833","E00004833","Total",201,31,11,20,170,134,36
"2011","E00004834","E00004834","Total",230,48,20,28,182,135,47
"2011","E00004836","E00004836","Total",181,51,14,37,130,103,27
"2011","E00004838","E00004838","Total",126,23,7,16,103,72,31
"2011","E00004839","E00004839","Total",202,36,18,18,166,124,42
"2011","E00004134","E00004134","Total",104,17,11,6,87,56,31
"2011","E00004136","E00004136","Total",144,19,7,12,125,64,61
"2011","E00004138","E00004138","Total",126,27,11,16,99,60,39
"2011","E00004139","E00004139","Total",80,39,17,22,41,30,11
"2011","E00004144","E00004144","Total",131,20,9,11,111,66,45
"2011","E00004146","E00004146","Total",172,29,13,16,143,85,58
"2011","E00004147","E00004147","Total",152,16,3,13,136,85,51
"2011","E00004148","E00004148","Total",101,25,8,17,76,48,28
"2011","E00004149","E00004149","Total",196,28,14,14,168,103,65
"2011","E00004151","E00004151","Total",195,20,8,12,175,99,76
"2011","E00004153","E00004153","Total",123,25,7,18,98,69,29
"2011","E00004158","E00004158","Total",111,28,13,15,83,59,24
"2011","E00004161","E00004161","Total",121,22,11,11,99,63,36
"2011","E00004157","E00004157","Total",131,25,4,21,106,75,31
"2011","E00004159","E00004159","Total",120,49,14,35,71,54,17
"2011","E00004160","E00004160","Total",62,28,9,19,34,31,3
"2011","E00004164","E00004164","Total",137,57,23,34,80,68,12
"2011","E00004167","E00004167","Total",132,30,12,18,102,61,41
"2011","E00004122","E00004122","Total",125,23,5,18,102,61,41
"2011","E00004123","E00004123","Total",170,42,20,22,128,89,39
"2011","E00004163","E00004163","Total",194,34,11,23,160,84,76
"2011","E00004165","E00004165","Total",111,26,9,17,85,66,19
"2011","E00004166","E00004166","Total",112,46,14,32,66,47,19
"2011","E00004249","E00004249","Total",134,26,3,23,108,82,26
"2011","E00004252","E00004252","Total",142,39,11,28,103,67,36
"2011","E00004255","E00004255","Total",152,42,13,29,110,82,28
"2011","E00004258","E00004258","Total",159,18,6,12,141,109,32
"2011","E00004279","E00004279","Total",147,35,8,27,112,91,21
"2011","E00004281","E00004281","Total",142,28,15,13,114,85,29
"2011","E00004246","E00004246","Total",216,113,71,42,103,71,32
"2011","E00004250","E00004250","Total",168,31,17,14,137,101,36
"2011","E00004251","E00004251","Total",133,32,10,22,101,73,28
"2011","E00004280","E00004280","Total",125,31,9,22,94,64,30
"2011","E00004253","E00004253","Total",141,38,14,24,103,85,18
"2011","E00004256","E00004256","Total",139,51,15,36,88,68,20
"2011","E00004259","E00004259","Total",72,28,4,24,44,38,6
"2011","E00004261","E00004261","Total",125,35,11,24,90,68,22
"2011","E00004264","E00004264","Total",223,39,13,26,184,144,40
"2011","E00004244","E00004244","Total",88,36,16,20,52,47,5
"2011","E00004257","E00004257","Total",159,33,7,26,126,96,30
"2011","E00004260","E00004260","Total",112,41,10,31,71,58,13
"2011","E00004262","E00004262","Total",96,37,16,21,59,44,15
"2011","E00004263","E00004263","Total",150,55,23,32,95,87,8
"2011","E00004270","E00004270","Total",234,72,31,41,162,128,34
"2011","E00004271","E00004271","Total",176,33,7,26,143,116,27
"2011","E00004275","E00004275","Total",124,28,14,14,96,76,20
"2011","E00004277","E00004277","Total",149,38,11,27,111,79,32
"2011","E00004278","E00004278","Total",132,27,9,18,105,79,26
"2011","E00174656","E00174656","Total",109,18,8,10,91,54,37
"2011","E00174657","E00174657","Total",128,22,11,11,106,68,38
"2011","E00174658","E00174658","Total",114,28,10,18,86,60,26
"2011","E00004776","E00004776","Total",207,34,6,28,173,114,59
"2011","E00004798","E00004798","Total",157,19,3,16,138,84,54
"2011","E00004799","E00004799","Total",194,26,7,19,168,103,65
"2011","E00004801","E00004801","Total",200,33,18,15,167,115,52
"2011","E00004802","E00004802","Total",151,18,5,13,133,93,40
"2011","E00004804","E00004804","Total",167,15,5,10,152,95,57
"2011","E00004785","E00004785","Total",116,27,9,18,89,74,15
"2011","E00004787","E00004787","Total",167,30,11,19,137,87,50
"2011","E00004791","E00004791","Total",122,22,6,16,100,62,38
"2011","E00004792","E00004792","Total",161,25,7,18,136,80,56
"2011","E00004793","E00004793","Total",132,15,4,11,117,72,45
"2011","E00004795","E00004795","Total",144,20,6,14,124,69,55
"2011","E00004766","E00004766","Total",163,19,5,14,144,97,47
"2011","E00004767","E00004767","Total",195,28,6,22,167,94,73
"2011","E00004769","E00004769","Total",181,24,7,17,157,108,49
"2011","E00004774","E00004774","Total",130,23,5,18,107,76,31
"2011","E00004803","E00004803","Total",92,14,5,9,78,62,16
"2011","E00004812","E00004812","Total",167,37,14,23,130,99,31
"2011","E00004768","E00004768","Total",152,13,7,6,139,78,61
"2011","E00004770","E00004770","Total",121,23,10,13,98,60,38
"2011","E00004775","E00004775","Total",158,25,12,13,133,80,53
"2011","E00004806","E00004806","Total",187,26,10,16,161,113,48
"2011","E00004810","E00004810","Total",194,27,10,17,167,104,63
"2011","E00004811","E00004811","Total",185,27,12,15,158,94,64
"2011","E00004842","E00004842","Total",159,29,13,16,130,92,38
"2011","E00004843","E00004843","Total",137,18,6,12,119,77,42
"2011","E00004844","E00004844","Total",185,23,13,10,162,123,39
"2011","E00004845","E00004845","Total",159,23,10,13,136,85,51
"2011","E00004846","E00004846","Total",184,26,9,17,158,102,56
"2011","E00004847","E00004847","Total",149,16,9,7,133,87,46
"2011","E00004786","E00004786","Total",105,20,12,8,85,57,28
"2011","E00004788","E00004788","Total",165,19,8,11,146,95,51
"2011","E00004789","E00004789","Total",77,31,9,22,46,31,15
"2011","E00004790","E00004790","Total",161,30,8,22,131,83,48
"2011","E00004796","E00004796","Total",176,32,12,20,144,93,51
"2011","E00004797","E00004797","Total",125,36,12,24,89,71,18
"2011","E00004809","E00004809","Total",117,21,10,11,96,48,48
"2011","E00004777","E00004777","Total",105,35,11,24,70,50,20
"2011","E00004781","E00004781","Total",140,33,8,25,107,73,34
"2011","E00004794","E00004794","Total",183,59,25,34,124,79,45
"2011","E00004805","E00004805","Total",87,24,8,16,63,54,9
"2011","E00004807","E00004807","Total",107,19,6,13,88,56,32
"2011","E00004778","E00004778","Total",110,21,11,10,89,47,42
"2011","E00004779","E00004779","Total",124,24,15,9,100,59,41
"2011","E00004780","E00004780","Total",116,11,6,5,105,70,35
"2011","E00004782","E00004782","Total",93,12,5,7,81,42,39
"2011","E00004808","E00004808","Total",126,19,10,9,107,71,36
"2011","E00174677","E00174677","Total",143,19,8,11,124,76,48
"2011","E00174678","E00174678","Total",141,22,12,10,119,78,41
"2011","E00004771","E00004771","Total",154,31,11,20,123,76,47
"2011","E00004772","E00004772","Total",157,29,13,16,128,68,60
"2011","E00004773","E00004773","Total",158,22,7,15,136,83,53
"2011","E00004783","E00004783","Total",117,26,9,17,91,59,32
"2011","E00004784","E00004784","Total",98,19,10,9,79,51,28
"2011","E00004215","E00004215","Total",174,33,14,19,141,90,51
"2011","E00004218","E00004218","Total",144,27,6,21,117,78,39
"2011","E00004220","E00004220","Total",63,11,4,7,52,39,13
"2011","E00004221","E00004221","Total",143,30,6,24,113,64,49
"2011","E00004222","E00004222","Total",116,20,4,16,96,57,39
"2011","E00004226","E00004226","Total",133,20,9,11,113,62,51
"2011","E00004206","E00004206","Total",135,50,17,33,85,65,20
"2011","E00004208","E00004208","Total",98,24,9,15,74,54,20
"2011","E00004209","E00004209","Total",158,29,9,20,129,96,33
"2011","E00004213","E00004213","Total",164,45,11,34,119,81,38
"2011","E00004214","E00004214","Total",246,57,21,36,189,125,64
"2011","E00004216","E00004216","Total",189,44,14,30,145,83,62
"2011","E00004217","E00004217","Total",170,20,8,12,150,93,57
"2011","E00004224","E00004224","Total",185,42,21,21,143,69,74
"2011","E00004228","E00004228","Total",126,20,5,15,106,57,49
"2011","E00004231","E00004231","Total",193,38,14,24,155,80,75
"2011","E00004233","E00004233","Total",129,30,10,20,99,68,31
"2011","E00004201","E00004201","Total",161,32,18,14,129,74,55
"2011","E00004202","E00004202","Total",34,7,1,6,27,17,10
"2011","E00004227","E00004227","Total",139,29,8,21,110,74,36
"2011","E00004232","E00004232","Total",91,34,19,15,57,32,25
"2011","E00004239","E00004239","Total",109,28,6,22,81,66,15
"2011","E00004242","E00004242","Total",122,13,6,7,109,83,26
"2011","E00004204","E00004204","Total",171,35,12,23,136,89,47
"2011","E00004229","E00004229","Total",218,32,8,24,186,125,61
"2011","E00004234","E00004234","Total",156,32,13,19,124,68,56
"2011","E00004238","E00004238","Total",163,23,7,16,140,96,44
"2011","E00004241","E00004241","Total",170,34,14,20,136,78,58
"2011","E00004243","E00004243","Total",142,28,10,18,114,58,56
"2011","E00004207","E00004207","Total",121,51,20,31,70,57,13
"2011","E00004210","E00004210","Total",98,36,7,29,62,54,8
"2011","E00004211","E00004211","Total",190,48,24,24,142,109,33
"2011","E00004212","E00004212","Total",183,36,15,21,147,111,36
"2011","E00004223","E00004223","Total",139,36,11,25,103,86,17
"2011","E00004219","E00004219","Total",218,51,19,32,167,113,54
"2011","E00004230","E00004230","Total",140,27,8,19,113,88,25
"2011","E00004236","E00004236","Total",185,54,24,30,131,106,25
"2011","E00004237","E00004237","Total",147,38,16,22,109,87,22
"2011","E00004240","E00004240","Total",149,40,21,19,109,88,21
"2011","E00004732","E00004732","Total",134,55,29,26,79,72,7
"2011","E00004733","E00004733","Total",142,29,9,20,113,86,27
"2011","E00004735","E00004735","Total",94,32,4,28,62,54,8
"2011","E00004736","E00004736","Total",122,27,12,15,95,78,17
"2011","E00004738","E00004738","Total",169,34,10,24,135,104,31
"2011","E00004739","E00004739","Total",168,28,14,14,140,119,21
"2011","E00004740","E00004740","Total",100,37,9,28,63,56,7
"2011","E00004741","E00004741","Total",143,30,7,23,113,95,18
"2011","E00004742","E00004742","Total",221,59,29,30,162,106,56
"2011","E00004750","E00004750","Total",176,42,19,23,134,115,19
"2011","E00174649","E00174649","Total",97,39,25,14,58,47,11
"2011","E00174666","E00174666","Total",100,10,4,6,90,74,16
"2011","E00174667","E00174667","Total",132,25,9,16,107,98,9
"2011","E00004743","E00004743","Total",145,49,21,28,96,78,18
"2011","E00004745","E00004745","Total",91,31,15,16,60,54,6
"2011","E00004746","E00004746","Total",117,43,15,28,74,67,7
"2011","E00004747","E00004747","Total",114,47,28,19,67,54,13
"2011","E00004748","E00004748","Total",135,59,26,33,76,63,13
"2011","E00004606","E00004606","Total",176,34,12,22,142,87,55
"2011","E00004608","E00004608","Total",138,43,21,22,95,77,18
"2011","E00004637","E00004637","Total",93,32,12,20,61,57,4
"2011","E00004642","E00004642","Total",102,36,14,22,66,60,6
"2011","E00004644","E00004644","Total",132,40,13,27,92,72,20
"2011","E00004607","E00004607","Total",60,16,8,8,44,36,8
"2011","E00004609","E00004609","Total",171,43,16,27,128,97,31
"2011","E00004610","E00004610","Total",107,29,11,18,78,59,19
"2011","E00004611","E00004611","Total",33,10,4,6,23,18,5
"2011","E00004640","E00004640","Total",162,41,12,29,121,94,27
"2011","E00004643","E00004643","Total",194,45,12,33,149,103,46
"2011","E00004645","E00004645","Total",87,17,5,12,70,56,14
"2011","E00004623","E00004623","Total",183,32,13,19,151,111,40
"2011","E00004624","E00004624","Total",177,31,11,20,146,100,46
"2011","E00004629","E00004629","Total",163,24,15,9,139,102,37
"2011","E00004631","E00004631","Total",128,22,9,13,106,88,18
"2011","E00004634","E00004634","Total",185,37,14,23,148,99,49
"2011","E00004638","E00004638","Total",201,40,9,31,161,132,29
"2011","E00004625","E00004625","Total",163,35,8,27,128,96,32
"2011","E00004626","E00004626","Total",201,54,17,37,147,128,19
"2011","E00004627","E00004627","Total",86,31,5,26,55,44,11
"2011","E00004633","E00004633","Total",92,38,19,19,54,44,10
"2011","E00004641","E00004641","Total",121,55,23,32,66,58,8
"2011","E00004628","E00004628","Total",71,27,6,21,44,34,10
"2011","E00004630","E00004630","Total",145,19,8,11,126,97,29
"2011","E00004632","E00004632","Total",69,26,5,21,43,40,3
"2011","E00004635","E00004635","Total",103,35,13,22,68,48,20
"2011","E00004636","E00004636","Total",112,36,9,27,76,62,14
"2011","E00004639","E00004639","Total",94,29,7,22,65,52,13
"2011","E00004203","E00004203","Total",215,47,19,28,168,115,53
"2011","E00004205","E00004205","Total",232,41,23,18,191,121,70
"2011","E00004225","E00004225","Total",273,61,33,28,212,170,42
"2011","E00004235","E00004235","Total",187,38,11,27,149,107,42
"2011","E00004681","E00004681","Total",185,32,20,12,153,104,49
"2011","E00004687","E00004687","Total",120,27,8,19,93,48,45
"2011","E00004690","E00004690","Total",108,33,15,18,75,53,22
"2011","E00004699","E00004699","Total",44,16,7,9,28,26,2
"2011","E00004701","E00004701","Total",115,21,7,14,94,74,20
"2011","E00004714","E00004714","Total",184,24,9,15,160,102,58
"2011","E00004704","E00004704","Total",190,49,22,27,141,108,33
"2011","E00004706","E00004706","Total",225,43,17,26,182,129,53
"2011","E00004707","E00004707","Total",260,49,17,32,211,161,50
"2011","E00004709","E00004709","Total",189,52,24,28,137,97,40
"2011","E00004710","E00004710","Total",150,30,11,19,120,90,30
"2011","E00004702","E00004702","Total",107,27,8,19,80,61,19
"2011","E00004703","E00004703","Total",147,32,14,18,115,92,23
"2011","E00004705","E00004705","Total",207,38,21,17,169,112,57
"2011","E00004708","E00004708","Total",116,20,9,11,96,76,20
"2011","E00004711","E00004711","Total",159,36,10,26,123,84,39
"2011","E00004712","E00004712","Total",169,35,15,20,134,92,42
"2011","E00004749","E00004749","Total",183,65,26,39,118,100,18
"2011","E00004752","E00004752","Total",152,44,10,34,108,84,24
"2011","E00004753","E00004753","Total",115,42,12,30,73,65,8
"2011","E00004754","E00004754","Total",133,40,17,23,93,76,17
"2011","E00004755","E00004755","Total",71,28,11,17,43,35,8
"2011","E00004723","E00004723","Total",86,24,10,14,62,50,12
"2011","E00004734","E00004734","Total",112,38,14,24,74,59,15
"2011","E00004744","E00004744","Total",128,50,24,26,78,68,10
"2011","E00004751","E00004751","Total",86,26,10,16,60,51,9
"2011","E00004763","E00004763","Total",97,22,14,8,75,63,12
"2011","E00004765","E00004765","Total",85,28,7,21,57,50,7
"2011","E00004725","E00004725","Total",111,51,15,36,60,44,16
"2011","E00004756","E00004756","Total",109,33,12,21,76,55,21
"2011","E00004757","E00004757","Total",86,28,8,20,58,50,8
"2011","E00004758","E00004758","Total",67,27,7,20,40,31,9
"2011","E00004759","E00004759","Total",87,24,8,16,63,52,11
"2011","E00004760","E00004760","Total",67,21,7,14,46,45,1
"2011","E00004726","E00004726","Total",83,31,14,17,52,40,12
"2011","E00004729","E00004729","Total",76,27,10,17,49,44,5
"2011","E00004730","E00004730","Total",59,21,6,15,38,31,7
"2011","E00004761","E00004761","Total",139,56,7,49,83,65,18
"2011","E00004762","E00004762","Total",76,31,15,16,45,37,8
"2011","E00004764","E00004764","Total",90,38,20,18,52,40,12
"2011","E00004724","E00004724","Total",127,42,18,24,85,69,16
"2011","E00004727","E00004727","Total",127,52,21,31,75,66,9
"2011","E00004728","E00004728","Total",167,57,19,38,110,97,13
"2011","E00004731","E00004731","Total",165,35,15,20,130,98,32
"2011","E00004691","E00004691","Total",91,36,13,23,55,45,10
"2011","E00004692","E00004692","Total",124,53,41,12,71,63,8
"2011","E00004693","E00004693","Total",142,39,23,16,103,71,32
"2011","E00004696","E00004696","Total",126,48,23,25,78,60,18
"2011","E00004700","E00004700","Total",81,36,14,22,45,38,7
"2011","E00004694","E00004694","Total",118,31,12,19,87,63,24
"2011","E00004695","E00004695","Total",199,74,48,26,125,95,30
"2011","E00004697","E00004697","Total",130,33,18,15,97,64,33
"2011","E00174654","E00174654","Total",138,78,46,32,60,43,17
"2011","E00174680","E00174680","Total",82,42,16,26,40,34,6
"2011","E00004684","E00004684","Total",154,41,13,28,113,93,20
"2011","E00004713","E00004713","Total",82,16,5,11,66,59,7
"2011","E00004715","E00004715","Total",127,25,9,16,102,96,6
"2011","E00004717","E00004717","Total",91,18,6,12,73,61,12
"2011","E00004719","E00004719","Total",169,43,15,28,126,111,15
"2011","E00004720","E00004720","Total",126,21,5,16,105,97,8
"2011","E00004682","E00004682","Total",51,18,4,14,33,29,4
"2011","E00004716","E00004716","Total",114,38,12,26,76,68,8
"2011","E00004718","E00004718","Total",114,50,23,27,64,57,7
"2011","E00004721","E00004721","Total",112,42,17,25,70,67,3
"2011","E00004722","E00004722","Total",94,35,7,28,59,47,12
"2011","E00004683","E00004683","Total",47,18,8,10,29,26,3
"2011","E00004685","E00004685","Total",109,42,21,21,67,58,9
"2011","E00004686","E00004686","Total",104,32,13,19,72,65,7
"2011","E00004688","E00004688","Total",131,44,14,30,87,71,16
"2011","E00004689","E00004689","Total",106,38,15,23,68,58,10
"2011","E00004651","E00004651","Total",87,14,4,10,73,54,19
"2011","E00004655","E00004655","Total",140,43,19,24,97,67,30
"2011","E00004671","E00004671","Total",187,65,23,42,122,92,30
"2011","E00174660","E00174660","Total",70,23,4,19,47,37,10
"2011","E00174661","E00174661","Total",128,61,39,22,67,51,16
"2011","E00004647","E00004647","Total",169,51,19,32,118,88,30
"2011","E00004659","E00004659","Total",208,96,47,49,112,78,34
"2011","E00004660","E00004660","Total",144,50,19,31,94,59,35
"2011","E00004661","E00004661","Total",108,34,17,17,74,58,16
"2011","E00004664","E00004664","Total",172,46,24,22,126,112,14
"2011","E00004658","E00004658","Total",104,44,18,26,60,47,13
"2011","E00004663","E00004663","Total",106,60,24,36,46,37,9
"2011","E00004669","E00004669","Total",94,29,17,12,65,53,12
"2011","E00004670","E00004670","Total",87,35,17,18,52,43,9
"2011","E00004656","E00004656","Total",137,44,26,18,93,69,24
"2011","E00004668","E00004668","Total",61,23,9,14,38,34,4
"2011","E00004675","E00004675","Total",73,27,10,17,46,35,11
"2011","E00004677","E00004677","Total",123,31,15,16,92,71,21
"2011","E00004175","E00004175","Total",102,31,15,16,71,53,18
"2011","E00004179","E00004179","Total",114,37,11,26,77,61,16
"2011","E00004180","E00004180","Total",106,27,9,18,79,60,19
"2011","E00004181","E00004181","Total",123,43,13,30,80,66,14
"2011","E00004182","E00004182","Total",84,21,10,11,63,50,13
"2011","E00004183","E00004183","Total",93,26,8,18,67,59,8
"2011","E00004653","E00004653","Total",99,20,11,9,79,54,25
"2011","E00004654","E00004654","Total",63,17,9,8,46,34,12
"2011","E00004678","E00004678","Total",125,40,13,27,85,65,20
"2011","E00174665","E00174665","Total",116,37,13,24,79,63,16
"2011","E00174679","E00174679","Total",110,58,46,12,52,37,15
"2011","E00004646","E00004646","Total",100,33,12,21,67,50,17
"2011","E00004665","E00004665","Total",87,24,10,14,63,53,10
"2011","E00004673","E00004673","Total",115,47,12,35,68,54,14
"2011","E00004674","E00004674","Total",94,30,9,21,64,53,11
"2011","E00004679","E00004679","Total",80,25,13,12,55,42,13
"2011","E00004662","E00004662","Total",129,35,22,13,94,71,23
"2011","E00004666","E00004666","Total",152,40,23,17,112,78,34
"2011","E00004667","E00004667","Total",99,22,12,10,77,55,22
"2011","E00004672","E00004672","Total",123,27,19,8,96,63,33
"2011","E00004676","E00004676","Total",191,108,83,25,83,53,30
"2011","E00004649","E00004649","Total",111,26,14,12,85,52,33
"2011","E00004650","E00004650","Total",149,35,15,20,114,87,27
"2011","E00004652","E00004652","Total",124,35,16,19,89,66,23
"2011","E00004680","E00004680","Total",115,30,21,9,85,62,23
"2011","E00004172","E00004172","Total",149,26,9,17,123,78,45
"2011","E00004193","E00004193","Total",326,53,27,26,273,213,60
"2011","E00004195","E00004195","Total",181,27,13,14,154,110,44
"2011","E00004196","E00004196","Total",102,18,3,15,84,44,40
"2011","E00004199","E00004199","Total",179,35,14,21,144,98,46
"2011","E00004187","E00004187","Total",257,61,38,23,196,125,71
"2011","E00004194","E00004194","Total",157,23,9,14,134,88,46
"2011","E00004198","E00004198","Total",180,38,18,20,142,100,42
"2011","E00004200","E00004200","Total",174,27,10,17,147,111,36
"2011","E00174650","E00174650","Total",135,58,42,16,77,55,22
"2011","E00174651","E00174651","Total",114,53,30,23,61,47,14
"2011","E00004173","E00004173","Total",164,80,61,19,84,65,19
"2011","E00004177","E00004177","Total",99,45,37,8,54,34,20
"2011","E00004184","E00004184","Total",92,27,9,18,65,52,13
"2011","E00174655","E00174655","Total",126,25,13,12,101,60,41
"2011","E00174676","E00174676","Total",16,8,7,1,8,7,1
"2011","E00004174","E00004174","Total",77,26,12,14,51,39,12
"2011","E00004185","E00004185","Total",149,49,9,40,100,71,29
"2011","E00004188","E00004188","Total",73,10,4,6,63,37,26
"2011","E00004189","E00004189","Total",88,16,9,7,72,40,32
"2011","E00174652","E00174652","Total",88,13,3,10,75,54,21
"2011","E00174653","E00174653","Total",163,67,40,27,96,66,30
"2011","E00004544","E00004544","Total",116,37,6,31,79,56,23
"2011","E00004548","E00004548","Total",136,19,11,8,117,64,53
"2011","E00004550","E00004550","Total",184,36,13,23,148,128,20
"2011","E00004552","E00004552","Total",122,36,11,25,86,62,24
"2011","E00004555","E00004555","Total",117,33,11,22,84,64,20
"2011","E00004534","E00004534","Total",90,28,7,21,62,53,9
"2011","E00004536","E00004536","Total",169,15,2,13,154,77,77
"2011","E00004539","E00004539","Total",76,13,4,9,63,45,18
"2011","E00004542","E00004542","Total",185,40,14,26,145,100,45
"2011","E00004547","E00004547","Total",167,42,16,26,125,72,53
"2011","E00004551","E00004551","Total",285,26,12,14,259,149,110
"2011","E00004520","E00004520","Total",108,27,12,15,81,68,13
"2011","E00004538","E00004538","Total",65,19,7,12,46,36,10
"2011","E00004541","E00004541","Total",93,26,10,16,67,59,8
"2011","E00004545","E00004545","Total",182,75,20,55,107,82,25
"2011","E00004549","E00004549","Total",98,34,9,25,64,49,15
"2011","E00004553","E00004553","Total",108,31,10,21,77,50,27
"2011","E00004557","E00004557","Total",72,17,7,10,55,42,13
"2011","E00004531","E00004531","Total",150,37,10,27,113,84,29
"2011","E00004532","E00004532","Total",206,26,6,20,180,121,59
"2011","E00004537","E00004537","Total",91,15,3,12,76,52,24
"2011","E00004540","E00004540","Total",138,51,24,27,87,65,22
"2011","E00004543","E00004543","Total",154,19,6,13,135,85,50
"2011","E00174671","E00174671","Total",114,24,9,15,90,47,43
"2011","E00174674","E00174674","Total",98,17,9,8,81,50,31
"2011","E00174675","E00174675","Total",143,31,10,21,112,62,50
"2011","E00004169","E00004169","Total",183,40,10,30,143,99,44
"2011","E00004190","E00004190","Total",279,52,13,39,227,177,50
"2011","E00004197","E00004197","Total",154,21,7,14,133,86,47
"2011","E00174659","E00174659","Total",202,27,14,13,175,118,57
"2011","E00174662","E00174662","Total",83,8,2,6,75,62,13
"2011","E00174663","E00174663","Total",101,16,6,10,85,71,14
"2011","E00174664","E00174664","Total",108,7,1,6,101,83,18
"2011","E00004521","E00004521","Total",184,44,20,24,140,90,50
"2011","E00004524","E00004524","Total",208,23,10,13,185,101,84
"2011","E00004535","E00004535","Total",121,20,9,11,101,58,43
"2011","E00004546","E00004546","Total",87,15,8,7,72,53,19
"2011","E00004554","E00004554","Total",226,30,16,14,196,123,73
"2011","E00004556","E00004556","Total",126,29,12,17,97,68,29
"2011","E00004525","E00004525","Total",128,25,10,15,103,71,32
"2011","E00004527","E00004527","Total",93,19,8,11,74,51,23
"2011","E00004528","E00004528","Total",201,58,17,41,143,103,40
"2011","E00004558","E00004558","Total",132,32,7,25,100,67,33
"2011","E00004559","E00004559","Total",248,88,43,45,160,96,64
"2011","E00004560","E00004560","Total",101,30,11,19,71,58,13
"2011","E00004561","E00004561","Total",135,47,35,12,88,69,19
"2011","E00004522","E00004522","Total",128,14,7,7,114,82,32
"2011","E00004523","E00004523","Total",331,101,34,67,230,158,72
"2011","E00004526","E00004526","Total",133,66,39,27,67,52,15
"2011","E00004529","E00004529","Total",289,71,34,37,218,132,86
"2011","E00004530","E00004530","Total",127,26,10,16,101,70,31
"2011","E00000001","E00000001","Total",102,26,11,15,76,38,38
"2011","E00000003","E00000003","Total",147,27,9,18,120,60,60
"2011","E00000005","E00000005","Total",241,38,17,21,203,124,79
"2011","E00000007","E00000007","Total",86,8,1,7,78,32,46
"2011","E00166756","E00166756","Total",150,15,6,9,135,66,69
"2011","E00166758","E00166758","Total",200,28,11,17,172,104,68
"2011","E00000016","E00000016","Total",198,28,14,14,170,108,62
"2011","E00000017","E00000017","Total",160,30,13,17,130,72,58
"2011","E00000018","E00000018","Total",131,25,9,16,106,62,44
"2011","E00000019","E00000019","Total",96,17,8,9,79,41,38
"2011","E00000020","E00000020","Total",143,19,9,10,124,71,53
"2011","E00000021","E00000021","Total",182,23,9,14,159,89,70
"2011","E00000010","E00000010","Total",59,10,3,7,49,39,10
"2011","E00000012","E00000012","Total",115,26,11,15,89,67,22
"2011","E00000013","E00000013","Total",108,23,6,17,85,51,34
"2011","E00000014","E00000014","Total",96,25,4,21,71,54,17
"2011","E00000022","E00000022","Total",129,25,3,22,104,73,31
"2011","E00000023","E00000023","Total",98,14,5,9,84,58,26
"2011","E00166759","E00166759","Total",159,20,7,13,139,72,67
"2011","E00000029","E00000029","Total",132,23,8,15,109,73,36
"2011","E00000030","E00000030","Total",140,30,13,17,110,78,32
"2011","E00000031","E00000031","Total",59,17,7,10,42,36,6
"2011","E00000032","E00000032","Total",145,44,10,34,101,84,17
"2011","E00000024","E00000024","Total",186,20,9,11,166,67,99
"2011","E00000035","E00000035","Total",190,12,2,10,178,75,103
"2011","E00166755","E00166755","Total",177,16,7,9,161,76,85
"2011","E00166757","E00166757","Total",266,17,11,6,249,120,129
"2011","E00000025","E00000025","Total",242,23,9,14,219,96,123
"2011","E00000026","E00000026","Total",232,26,12,14,206,104,102
"2011","E00000027","E00000027","Total",281,15,11,4,266,123,143
"2011","E00000028","E00000028","Total",97,8,5,3,89,39,50
"2011","E00009023","E00009023","Total",123,56,16,40,67,53,14
"2011","E00009027","E00009027","Total",184,124,20,104,60,40,20
"2011","E00009033","E00009033","Total",192,78,17,61,114,98,16
"2011","E00009042","E00009042","Total",156,105,19,86,51,41,10
"2011","E00009012","E00009012","Total",82,37,5,32,45,41,4
"2011","E00009022","E00009022","Total",248,112,37,75,136,112,24
"2011","E00009030","E00009030","Total",179,78,20,58,101,79,22
"2011","E00009036","E00009036","Total",169,92,23,69,77,64,13
"2011","E00009034","E00009034","Total",151,65,19,46,86,68,18
"2011","E00009035","E00009035","Total",165,61,19,42,104,95,9
"2011","E00009039","E00009039","Total",109,41,10,31,68,57,11
"2011","E00176225","E00176225","Total",133,33,7,26,100,87,13
"2011","E00176296","E00176296","Total",138,71,15,56,67,54,13
"2011","E00009087","E00009087","Total",93,43,15,28,50,44,6
"2011","E00009088","E00009088","Total",183,83,19,64,100,87,13
"2011","E00009089","E00009089","Total",144,78,21,57,66,52,14
"2011","E00009093","E00009093","Total",161,116,28,88,45,41,4
"2011","E00009086","E00009086","Total",85,57,8,49,28,18,10
"2011","E00009090","E00009090","Total",160,95,21,74,65,54,11
"2011","E00009091","E00009091","Total",124,73,17,56,51,43,8
"2011","E00009092","E00009092","Total",102,57,17,40,45,36,9
"2011","E00008537","E00008537","Total",110,43,16,27,67,59,8
"2011","E00008542","E00008542","Total",116,32,8,24,84,67,17
"2011","E00008543","E00008543","Total",85,18,2,16,67,53,14
"2011","E00008544","E00008544","Total",127,48,18,30,79,69,10
"2011","E00008546","E00008546","Total",218,50,18,32,168,139,29
"2011","E00009015","E00009015","Total",88,33,7,26,55,49,6
"2011","E00009018","E00009018","Total",93,40,14,26,53,51,2
"2011","E00009021","E00009021","Total",62,30,12,18,32,31,1
"2011","E00009037","E00009037","Total",168,64,21,43,104,88,16
"2011","E00009044","E00009044","Total",141,50,13,37,91,82,9
"2011","E00009011","E00009011","Total",65,25,8,17,40,36,4
"2011","E00009016","E00009016","Total",139,53,18,35,86,66,20
"2011","E00009025","E00009025","Total",129,52,25,27,77,66,11
"2011","E00009029","E00009029","Total",156,57,19,38,99,83,16
"2011","E00008540","E00008540","Total",62,24,8,16,38,30,8
"2011","E00008541","E00008541","Total",45,19,4,15,26,23,3
"2011","E00008576","E00008576","Total",87,35,10,25,52,47,5
"2011","E00008577","E00008577","Total",99,29,10,19,70,59,11
"2011","E00008578","E00008578","Total",102,20,11,9,82,71,11
"2011","E00176228","E00176228","Total",105,35,9,26,70,62,8
"2011","E00176232","E00176232","Total",150,40,7,33,110,98,12
"2011","E00009000","E00009000","Total",177,77,22,55,100,81,19
"2011","E00009003","E00009003","Total",109,60,8,52,49,37,12
"2011","E00009005","E00009005","Total",140,64,17,47,76,65,11
"2011","E00009006","E00009006","Total",156,62,13,49,94,75,19
"2011","E00008972","E00008972","Total",112,68,15,53,44,40,4
"2011","E00008974","E00008974","Total",182,63,14,49,119,105,14
"2011","E00008977","E00008977","Total",89,43,16,27,46,35,11
"2011","E00008981","E00008981","Total",99,34,7,27,65,59,6
"2011","E00008975","E00008975","Total",142,50,17,33,92,72,20
"2011","E00008978","E00008978","Total",120,48,7,41,72,65,7
"2011","E00008987","E00008987","Total",139,36,9,27,103,92,11
"2011","E00009004","E00009004","Total",144,104,24,80,40,32,8
"2011","E00009031","E00009031","Total",138,49,11,38,89,77,12
"2011","E00009038","E00009038","Total",124,49,18,31,75,55,20
"2011","E00009040","E00009040","Total",169,50,14,36,119,100,19
"2011","E00009041","E00009041","Total",141,45,6,39,96,71,25
"2011","E00009043","E00009043","Total",208,78,9,69,130,104,26
"2011","E00009014","E00009014","Total",102,41,13,28,61,50,11
"2011","E00009017","E00009017","Total",200,77,24,53,123,103,20
"2011","E00009019","E00009019","Total",152,57,13,44,95,79,16
"2011","E00009024","E00009024","Total",114,78,17,61,36,27,9
"2011","E00009032","E00009032","Total",52,35,4,31,17,15,2
"2011","E00008585","E00008585","Total",109,45,10,35,64,50,14
"2011","E00008586","E00008586","Total",144,80,18,62,64,51,13
"2011","E00008587","E00008587","Total",187,75,17,58,112,92,20
"2011","E00008594","E00008594","Total",207,72,10,62,135,122,13
"2011","E00008588","E00008588","Total",123,48,12,36,75,68,7
"2011","E00008589","E00008589","Total",188,82,17,65,106,82,24
"2011","E00008591","E00008591","Total",130,57,12,45,73,64,9
"2011","E00008593","E00008593","Total",82,31,5,26,51,38,13
"2011","E00008973","E00008973","Total",150,76,18,58,74,66,8
"2011","E00009001","E00009001","Total",59,37,7,30,22,17,5
"2011","E00009002","E00009002","Total",142,72,12,60,70,57,13
"2011","E00009007","E00009007","Total",106,52,19,33,54,49,5
"2011","E00009008","E00009008","Total",93,46,18,28,47,39,8
"2011","E00009094","E00009094","Total",73,39,9,30,34,26,8
"2011","E00009096","E00009096","Total",76,51,14,37,25,19,6
"2011","E00009100","E00009100","Total",72,41,8,33,31,27,4
"2011","E00176252","E00176252","Total",152,55,20,35,97,75,22
"2011","E00176297","E00176297","Total",107,61,16,45,46,40,6
"2011","E00009085","E00009085","Total",134,47,9,38,87,69,18
"2011","E00009095","E00009095","Total",55,41,10,31,14,13,1
"2011","E00009097","E00009097","Total",159,95,23,72,64,59,5
"2011","E00009098","E00009098","Total",102,51,12,39,51,48,3
"2011","E00009099","E00009099","Total",148,77,18,59,71,60,11
"2011","E00008584","E00008584","Total",278,86,30,56,192,156,36
"2011","E00008600","E00008600","Total",240,89,25,64,151,123,28
"2011","E00008604","E00008604","Total",246,55,18,37,191,164,27
"2011","E00008605","E00008605","Total",234,94,32,62,140,116,24
"2011","E00008579","E00008579","Total",212,61,15,46,151,126,25
"2011","E00008582","E00008582","Total",298,58,22,36,240,200,40
"2011","E00008598","E00008598","Total",229,57,15,42,172,123,49
"2011","E00008607","E00008607","Total",230,40,13,27,190,149,41
"2011","E00176256","E00176256","Total",176,61,20,41,115,88,27
"2011","E00176327","E00176327","Total",217,61,24,37,156,123,33
"2011","E00008581","E00008581","Total",182,71,15,56,111,93,18
"2011","E00008590","E00008590","Total",227,90,25,65,137,106,31
"2011","E00008592","E00008592","Total",155,72,14,58,83,66,17
"2011","E00008596","E00008596","Total",222,70,26,44,152,128,24
"2011","E00008809","E00008809","Total",208,47,19,28,161,126,35
"2011","E00008810","E00008810","Total",211,59,17,42,152,119,33
"2011","E00008811","E00008811","Total",212,50,10,40,162,124,38
"2011","E00008813","E00008813","Total",219,58,14,44,161,138,23
"2011","E00008816","E00008816","Total",184,52,18,34,132,108,24
"2011","E00008812","E00008812","Total",185,43,8,35,142,125,17
"2011","E00008814","E00008814","Total",193,48,19,29,145,120,25
"2011","E00008817","E00008817","Total",163,39,17,22,124,103,21
"2011","E00008819","E00008819","Total",159,35,8,27,124,105,19
"2011","E00008820","E00008820","Total",198,51,20,31,147,124,23
"2011","E00008538","E00008538","Total",167,27,5,22,140,113,27
"2011","E00008545","E00008545","Total",242,42,17,25,200,172,28
"2011","E00008548","E00008548","Total",175,23,5,18,152,131,21
"2011","E00008549","E00008549","Total",243,37,15,22,206,160,46
"2011","E00008550","E00008550","Total",126,18,7,11,108,87,21
"2011","E00008539","E00008539","Total",173,28,9,19,145,114,31
"2011","E00008547","E00008547","Total",203,46,14,32,157,132,25
"2011","E00008555","E00008555","Total",157,31,14,17,126,110,16
"2011","E00008561","E00008561","Total",102,41,19,22,61,52,9
"2011","E00176290","E00176290","Total",110,22,8,14,88,69,19
"2011","E00008552","E00008552","Total",207,36,11,25,171,135,36
"2011","E00008554","E00008554","Total",201,30,13,17,171,141,30
"2011","E00008557","E00008557","Total",99,34,11,23,65,57,8
"2011","E00008558","E00008558","Total",82,34,5,29,48,43,5
"2011","E00008560","E00008560","Total",259,53,28,25,206,152,54
"2011","E00008563","E00008563","Total",144,25,16,9,119,77,42
"2011","E00008565","E00008565","Total",278,40,10,30,238,163,75
"2011","E00008568","E00008568","Total",113,18,6,12,95,74,21
"2011","E00008570","E00008570","Total",234,37,18,19,197,138,59
"2011","E00008571","E00008571","Total",256,49,14,35,207,160,47
"2011","E00008556","E00008556","Total",102,17,6,11,85,80,5
"2011","E00008572","E00008572","Total",204,59,22,37,145,126,19
"2011","E00008575","E00008575","Total",126,36,12,24,90,68,22
"2011","E00176291","E00176291","Total",110,37,10,27,73,56,17
"2011","E00008559","E00008559","Total",177,33,15,18,144,114,30
"2011","E00008562","E00008562","Total",220,56,22,34,164,126,38
"2011","E00008564","E00008564","Total",193,28,8,20,165,116,49
"2011","E00008566","E00008566","Total",195,30,3,27,165,135,30
"2011","E00008573","E00008573","Total",215,31,16,15,184,138,46
"2011","E00008574","E00008574","Total",237,33,15,18,204,139,65
"2011","E00008647","E00008647","Total",138,29,9,20,109,85,24
"2011","E00008652","E00008652","Total",132,39,10,29,93,73,20
"2011","E00008653","E00008653","Total",121,39,8,31,82,68,14
"2011","E00008657","E00008657","Total",97,29,8,21,68,51,17
"2011","E00008659","E00008659","Total",260,57,19,38,203,167,36
"2011","E00008662","E00008662","Total",207,49,13,36,158,116,42
"2011","E00008976","E00008976","Total",71,50,13,37,21,18,3
"2011","E00008979","E00008979","Total",58,47,13,34,11,8,3
"2011","E00008982","E00008982","Total",177,57,16,41,120,87,33
"2011","E00008985","E00008985","Total",184,53,21,32,131,87,44
"2011","E00008986","E00008986","Total",98,31,9,22,67,59,8
"2011","E00008984","E00008984","Total",161,48,15,33,113,88,25
"2011","E00008988","E00008988","Total",148,35,8,27,113,86,27
"2011","E00008989","E00008989","Total",186,47,9,38,139,112,27
"2011","E00008992","E00008992","Total",136,35,15,20,101,84,17
"2011","E00008996","E00008996","Total",133,28,8,20,105,84,21
"2011","E00008998","E00008998","Total",189,65,13,52,124,89,35
"2011","E00008983","E00008983","Total",155,56,16,40,99,83,16
"2011","E00008993","E00008993","Total",129,26,7,19,103,79,24
"2011","E00008995","E00008995","Total",169,30,9,21,139,113,26
"2011","E00008997","E00008997","Total",206,44,19,25,162,121,41
"2011","E00008999","E00008999","Total",129,36,9,27,93,74,19
"2011","E00008649","E00008649","Total",174,45,19,26,129,99,30
"2011","E00008650","E00008650","Total",180,34,12,22,146,104,42
"2011","E00008651","E00008651","Total",176,35,8,27,141,99,42
"2011","E00008654","E00008654","Total",175,55,18,37,120,85,35
"2011","E00008656","E00008656","Total",164,44,12,32,120,96,24
"2011","E00008980","E00008980","Total",206,58,20,38,148,120,28
"2011","E00008990","E00008990","Total",132,40,11,29,92,76,16
"2011","E00008991","E00008991","Total",199,49,13,36,150,118,32
"2011","E00008994","E00008994","Total",197,38,7,31,159,122,37
"2011","E00009117","E00009117","Total",211,39,10,29,172,130,42
"2011","E00009118","E00009118","Total",202,57,18,39,145,114,31
"2011","E00009144","E00009144","Total",276,50,20,30,226,166,60
"2011","E00009146","E00009146","Total",200,44,17,27,156,120,36
"2011","E00009147","E00009147","Total",163,39,14,25,124,95,29
"2011","E00009115","E00009115","Total",278,53,25,28,225,169,56
"2011","E00009116","E00009116","Total",174,36,10,26,138,115,23
"2011","E00009142","E00009142","Total",121,27,10,17,94,76,18
"2011","E00009143","E00009143","Total",347,57,15,42,290,221,69
"2011","E00009145","E00009145","Total",89,15,2,13,74,62,12
"2011","E00009119","E00009119","Total",211,51,13,38,160,133,27
"2011","E00009121","E00009121","Total",227,47,17,30,180,146,34
"2011","E00009123","E00009123","Total",273,59,24,35,214,175,39
"2011","E00009124","E00009124","Total",223,58,20,38,165,132,33
"2011","E00008801","E00008801","Total",122,38,12,26,84,74,10
"2011","E00008818","E00008818","Total",225,58,22,36,167,138,29
"2011","E00008821","E00008821","Total",143,41,11,30,102,84,18
"2011","E00008822","E00008822","Total",175,41,10,31,134,105,29
"2011","E00008824","E00008824","Total",182,47,13,34,135,122,13
"2011","E00008798","E00008798","Total",145,50,16,34,95,81,14
"2011","E00008802","E00008802","Total",86,34,13,21,52,45,7
"2011","E00008803","E00008803","Total",173,78,20,58,95,83,12
"2011","E00008827","E00008827","Total",89,29,13,16,60,53,7
"2011","E00176270","E00176270","Total",98,36,14,22,62,62,0
"2011","E00008792","E00008792","Total",213,73,20,53,140,109,31
"2011","E00008794","E00008794","Total",195,52,14,38,143,118,25
"2011","E00008808","E00008808","Total",188,56,16,40,132,110,22
"2011","E00008815","E00008815","Total",196,53,17,36,143,113,30
"2011","E00008793","E00008793","Total",172,65,19,46,107,91,16
"2011","E00008795","E00008795","Total",134,41,18,23,93,74,19
"2011","E00008799","E00008799","Total",235,62,17,45,173,136,37
"2011","E00008823","E00008823","Total",104,50,11,39,54,48,6
"2011","E00008825","E00008825","Total",85,32,14,18,53,46,7
"2011","E00008796","E00008796","Total",222,51,12,39,171,152,19
"2011","E00008807","E00008807","Total",187,37,11,26,150,123,27
"2011","E00176250","E00176250","Total",193,53,12,41,140,108,32
"2011","E00176332","E00176332","Total",89,24,3,21,65,55,10
"2011","E00008797","E00008797","Total",281,69,24,45,212,175,37
"2011","E00008804","E00008804","Total",153,42,10,32,111,96,15
"2011","E00008806","E00008806","Total",265,69,24,45,196,161,35
"2011","E00008966","E00008966","Total",195,74,26,48,121,103,18
"2011","E00008967","E00008967","Total",143,44,12,32,99,85,14
"2011","E00008968","E00008968","Total",173,38,12,26,135,109,26
"2011","E00008970","E00008970","Total",94,24,4,20,70,58,12
"2011","E00008971","E00008971","Total",211,57,30,27,154,134,20
"2011","E00008942","E00008942","Total",306,78,25,53,228,182,46
"2011","E00008949","E00008949","Total",163,45,10,35,118,101,17
"2011","E00008952","E00008952","Total",213,56,15,41,157,135,22
"2011","E00008953","E00008953","Total",225,56,18,38,169,140,29
"2011","E00008943","E00008943","Total",282,77,22,55,205,171,34
"2011","E00008950","E00008950","Total",286,66,27,39,220,176,44
"2011","E00008951","E00008951","Total",203,71,23,48,132,104,28
"2011","E00008954","E00008954","Total",190,52,16,36,138,108,30
"2011","E00008944","E00008944","Total",312,93,30,63,219,173,46
"2011","E00008945","E00008945","Total",267,66,18,48,201,158,43
"2011","E00008956","E00008956","Total",195,46,7,39,149,124,25
"2011","E00008946","E00008946","Total",268,66,14,52,202,168,34
"2011","E00008955","E00008955","Total",243,71,24,47,172,146,26
"2011","E00008957","E00008957","Total",213,64,22,42,149,123,26
"2011","E00008958","E00008958","Total",176,45,11,34,131,109,22
"2011","E00008658","E00008658","Total",145,35,9,26,110,89,21
"2011","E00008663","E00008663","Total",165,43,10,33,122,102,20
"2011","E00008667","E00008667","Total",174,33,9,24,141,116,25
"2011","E00008670","E00008670","Total",158,39,10,29,119,95,24
"2011","E00008674","E00008674","Total",284,62,18,44,222,179,43
"2011","E00008655","E00008655","Total",195,41,15,26,154,112,42
"2011","E00008660","E00008660","Total",182,44,15,29,138,117,21
"2011","E00008661","E00008661","Total",353,48,13,35,305,225,80
"2011","E00008664","E00008664","Total",186,50,6,44,136,109,27
"2011","E00008668","E00008668","Total",198,53,14,39,145,113,32
"2011","E00008648","E00008648","Total",181,37,10,27,144,108,36
"2011","E00008665","E00008665","Total",101,23,3,20,78,66,12
"2011","E00008669","E00008669","Total",152,38,8,30,114,92,22
"2011","E00008671","E00008671","Total",208,44,16,28,164,132,32
"2011","E00008675","E00008675","Total",192,53,12,41,139,112,27
"2011","E00008677","E00008677","Total",207,28,10,18,179,139,40
"2011","E00008666","E00008666","Total",300,60,17,43,240,185,55
"2011","E00008672","E00008672","Total",199,50,13,37,149,115,34
"2011","E00008673","E00008673","Total",173,51,19,32,122,104,18
"2011","E00008678","E00008678","Total",200,35,12,23,165,130,35
"2011","E00008681","E00008681","Total",102,25,10,15,77,62,15
"2011","E00008682","E00008682","Total",262,50,9,41,212,166,46
"2011","E00008925","E00008925","Total",64,23,8,15,41,37,4
"2011","E00008935","E00008935","Total",141,49,11,38,92,75,17
"2011","E00008936","E00008936","Total",63,19,7,12,44,39,5
"2011","E00008938","E00008938","Total",89,20,4,16,69,63,6
"2011","E00008940","E00008940","Total",73,25,4,21,48,43,5
"2011","E00176227","E00176227","Total",69,28,4,24,41,38,3
"2011","E00176267","E00176267","Total",156,59,19,40,97,87,10
"2011","E00008908","E00008908","Total",156,50,17,33,106,90,16
"2011","E00008910","E00008910","Total",70,17,5,12,53,49,4
"2011","E00008911","E00008911","Total",107,39,10,29,68,55,13
"2011","E00008912","E00008912","Total",84,30,9,21,54,43,11
"2011","E00008914","E00008914","Total",54,20,12,8,34,21,13
"2011","E00008913","E00008913","Total",59,18,4,14,41,32,9
"2011","E00008916","E00008916","Total",52,22,6,16,30,26,4
"2011","E00008918","E00008918","Total",108,44,17,27,64,59,5
"2011","E00008919","E00008919","Total",176,48,13,35,128,98,30
"2011","E00008920","E00008920","Total",97,32,10,22,65,64,1
"2011","E00176226","E00176226","Total",144,52,19,33,92,81,11
"2011","E00176229","E00176229","Total",131,59,20,39,72,65,7
"2011","E00176230","E00176230","Total",108,42,11,31,66,57,9
"2011","E00176231","E00176231","Total",82,27,10,17,55,46,9
"2011","E00008676","E00008676","Total",96,28,4,24,68,57,11
"2011","E00008679","E00008679","Total",124,47,13,34,77,68,9
"2011","E00008680","E00008680","Total",129,40,13,27,89,76,13
"2011","E00008683","E00008683","Total",125,42,12,30,83,70,13
"2011","E00008684","E00008684","Total",150,56,19,37,94,70,24
"2011","E00008691","E00008691","Total",127,28,12,16,99,83,16
"2011","E00008692","E00008692","Total",211,52,20,32,159,118,41
"2011","E00008694","E00008694","Total",246,42,14,28,204,153,51
"2011","E00008695","E00008695","Total",254,52,9,43,202,165,37
"2011","E00176299","E00176299","Total",202,63,21,42,139,108,31
"2011","E00176313","E00176313","Total",189,47,22,25,142,115,27
"2011","E00009120","E00009120","Total",279,67,23,44,212,178,34
"2011","E00009122","E00009122","Total",179,36,12,24,143,122,21
"2011","E00009125","E00009125","Total",130,41,17,24,89,77,12
"2011","E00009126","E00009126","Total",107,29,12,17,78,71,7
"2011","E00009127","E00009127","Total",157,38,19,19,119,102,17
"2011","E00009130","E00009130","Total",145,32,11,21,113,96,17
"2011","E00009113","E00009113","Total",212,48,15,33,164,129,35
"2011","E00009129","E00009129","Total",199,61,17,44,138,110,28
"2011","E00009131","E00009131","Total",236,48,23,25,188,147,41
"2011","E00009132","E00009132","Total",177,60,17,43,117,100,17
"2011","E00009135","E00009135","Total",167,38,8,30,129,91,38
"2011","E00009136","E00009136","Total",131,34,14,20,97,75,22
"2011","E00009114","E00009114","Total",205,47,19,28,158,127,31
"2011","E00009128","E00009128","Total",210,49,13,36,161,116,45
"2011","E00009133","E00009133","Total",207,48,16,32,159,128,31
"2011","E00009137","E00009137","Total",146,49,17,32,97,81,16
"2011","E00176271","E00176271","Total",318,61,27,34,257,209,48
"2011","E00176298","E00176298","Total",144,51,15,36,93,72,21
"2011","E00009134","E00009134","Total",206,51,17,34,155,120,35
"2011","E00009138","E00009138","Total",205,46,14,32,159,117,42
"2011","E00009140","E00009140","Total",214,43,14,29,171,138,33
"2011","E00009141","E00009141","Total",138,20,3,17,118,94,24
"2011","E00008611","E00008611","Total",219,59,18,41,160,123,37
"2011","E00008634","E00008634","Total",171,49,19,30,122,97,25
"2011","E00008636","E00008636","Total",262,81,26,55,181,149,32
"2011","E00008641","E00008641","Total",139,47,13,34,92,73,19
"2011","E00008642","E00008642","Total",168,51,12,39,117,97,20
"2011","E00008906","E00008906","Total",141,46,20,26,95,75,20
"2011","E00008907","E00008907","Total",66,20,7,13,46,40,6
"2011","E00008930","E00008930","Total",129,25,3,22,104,86,18
"2011","E00008937","E00008937","Total",123,37,5,32,86,72,14
"2011","E00008939","E00008939","Total",225,63,21,42,162,124,38
"2011","E00008909","E00008909","Total",112,38,14,24,74,60,14
"2011","E00008915","E00008915","Total",181,54,16,38,127,97,30
"2011","E00008917","E00008917","Total",169,62,21,41,107,89,18
"2011","E00008922","E00008922","Total",190,69,25,44,121,92,29
"2011","E00008924","E00008924","Total",219,55,21,34,164,128,36
"2011","E00008921","E00008921","Total",174,66,20,46,108,88,20
"2011","E00008923","E00008923","Total",128,50,21,29,78,71,7
"2011","E00008926","E00008926","Total",163,53,14,39,110,85,25
"2011","E00008928","E00008928","Total",139,50,15,35,89,70,19
"2011","E00008712","E00008712","Total",236,36,10,26,200,159,41
"2011","E00008714","E00008714","Total",203,66,19,47,137,106,31
"2011","E00008717","E00008717","Total",94,36,15,21,58,44,14
"2011","E00008718","E00008718","Total",190,49,19,30,141,109,32
"2011","E00176258","E00176258","Total",235,92,28,64,143,124,19
"2011","E00176277","E00176277","Total",112,29,16,13,83,59,24
"2011","E00008713","E00008713","Total",105,52,9,43,53,48,5
"2011","E00008715","E00008715","Total",90,37,9,28,53,44,9
"2011","E00008716","E00008716","Total",94,41,10,31,53,46,7
"2011","E00008719","E00008719","Total",121,39,8,31,82,65,17
"2011","E00008720","E00008720","Total",196,59,15,44,137,116,21
"2011","E00008775","E00008775","Total",140,47,19,28,93,81,12
"2011","E00008776","E00008776","Total",165,56,10,46,109,96,13
"2011","E00008777","E00008777","Total",135,60,16,44,75,69,6
"2011","E00008780","E00008780","Total",116,43,9,34,73,61,12
"2011","E00008781","E00008781","Total",160,52,12,40,108,97,11
"2011","E00008778","E00008778","Total",102,32,11,21,70,63,7
"2011","E00008779","E00008779","Total",212,57,15,42,155,134,21
"2011","E00008783","E00008783","Total",141,39,10,29,102,92,10
"2011","E00008784","E00008784","Total",75,21,4,17,54,50,4
"2011","E00008787","E00008787","Total",137,33,12,21,104,75,29
"2011","E00008791","E00008791","Total",264,64,22,42,200,161,39
"2011","E00008756","E00008756","Total",341,53,15,38,288,231,57
"2011","E00008757","E00008757","Total",155,43,17,26,112,97,15
"2011","E00008758","E00008758","Total",154,48,20,28,106,77,29
"2011","E00008782","E00008782","Total",103,31,10,21,72,54,18
"2011","E00008785","E00008785","Total",107,34,7,27,73,54,19
"2011","E00008786","E00008786","Total",62,28,10,18,34,28,6
"2011","E00008761","E00008761","Total",167,44,14,30,123,101,22
"2011","E00008764","E00008764","Total",113,48,10,38,65,58,7
"2011","E00008765","E00008765","Total",292,75,25,50,217,163,54
"2011","E00008766","E00008766","Total",101,33,11,22,68,56,12
"2011","E00008789","E00008789","Total",222,49,14,35,173,139,34
"2011","E00008609","E00008609","Total",128,30,9,21,98,80,18
"2011","E00008621","E00008621","Total",162,48,10,38,114,92,22
"2011","E00008626","E00008626","Total",107,26,6,20,81,68,13
"2011","E00008627","E00008627","Total",108,36,13,23,72,60,12
"2011","E00008630","E00008630","Total",109,30,10,20,79,69,10
"2011","E00008633","E00008633","Total",242,46,19,27,196,170,26
"2011","E00176269","E00176269","Total",168,45,9,36,123,97,26
"2011","E00176274","E00176274","Total",121,48,15,33,73,64,9
"2011","E00008635","E00008635","Total",270,71,16,55,199,165,34
"2011","E00008637","E00008637","Total",213,57,14,43,156,128,28
"2011","E00008638","E00008638","Total",186,60,16,44,126,108,18
"2011","E00008639","E00008639","Total",201,49,20,29,152,119,33
"2011","E00008640","E00008640","Total",122,49,12,37,73,65,8
"2011","E00008759","E00008759","Total",289,74,23,51,215,194,21
"2011","E00008760","E00008760","Total",172,38,12,26,134,106,28
"2011","E00008763","E00008763","Total",238,37,9,28,201,143,58
"2011","E00008788","E00008788","Total",120,41,15,26,79,65,14
"2011","E00008790","E00008790","Total",126,39,11,28,87,79,8
"2011","E00008762","E00008762","Total",219,45,9,36,174,137,37
"2011","E00008767","E00008767","Total",181,42,12,30,139,93,46
"2011","E00008768","E00008768","Total",294,69,23,46,225,180,45
"2011","E00008769","E00008769","Total",138,42,16,26,96,62,34
"2011","E00008770","E00008770","Total",235,47,15,32,188,139,49
"2011","E00009190","E00009190","Total",137,43,11,32,94,86,8
"2011","E00009195","E00009195","Total",149,39,12,27,110,93,17
"2011","E00009198","E00009198","Total",84,24,7,17,60,52,8
"2011","E00009202","E00009202","Total",56,12,3,9,44,33,11
"2011","E00009206","E00009206","Total",67,18,9,9,49,46,3
"2011","E00009191","E00009191","Total",192,64,26,38,128,105,23
"2011","E00009192","E00009192","Total",148,46,16,30,102,88,14
"2011","E00176326","E00176326","Total",150,35,8,27,115,75,40
"2011","E00009203","E00009203","Total",127,29,12,17,98,78,20
"2011","E00009205","E00009205","Total",20,5,1,4,15,10,5
"2011","E00009208","E00009208","Total",105,32,10,22,73,57,16
"2011","E00009209","E00009209","Total",87,35,14,21,52,45,7
"2011","E00009210","E00009210","Total",214,36,9,27,178,147,31
"2011","E00009217","E00009217","Total",142,32,11,21,110,82,28
"2011","E00009194","E00009194","Total",225,52,17,35,173,146,27
"2011","E00009197","E00009197","Total",126,38,10,28,88,78,10
"2011","E00009204","E00009204","Total",177,43,18,25,134,110,24
"2011","E00009207","E00009207","Total",213,54,21,33,159,135,24
"2011","E00176262","E00176262","Total",201,50,18,32,151,105,46
"2011","E00176314","E00176314","Total",91,17,7,10,74,67,7
"2011","E00176315","E00176315","Total",103,21,8,13,82,71,11
"2011","E00008612","E00008612","Total",127,33,9,24,94,83,11
"2011","E00008615","E00008615","Total",126,48,13,35,78,72,6
"2011","E00008618","E00008618","Total",150,53,12,41,97,83,14
"2011","E00008619","E00008619","Total",151,40,18,22,111,85,26
"2011","E00176316","E00176316","Total",86,29,6,23,57,51,6
"2011","E00176335","E00176335","Total",68,18,6,12,50,43,7
"2011","E00176336","E00176336","Total",101,23,5,18,78,73,5
"2011","E00008616","E00008616","Total",162,44,17,27,118,102,16
"2011","E00008617","E00008617","Total",99,33,8,25,66,58,8
"2011","E00008622","E00008622","Total",113,37,9,28,76,65,11
"2011","E00008623","E00008623","Total",105,41,9,32,64,55,9
"2011","E00008624","E00008624","Total",101,36,15,21,65,57,8
"2011","E00008646","E00008646","Total",105,29,10,19,76,68,8
"2011","E00008625","E00008625","Total",144,54,17,37,90,79,11
"2011","E00008628","E00008628","Total",99,24,8,16,75,66,9
"2011","E00008629","E00008629","Total",122,42,15,27,80,64,16
"2011","E00008631","E00008631","Total",108,29,6,23,79,66,13
"2011","E00008632","E00008632","Total",160,46,12,34,114,93,21
"2011","E00008610","E00008610","Total",142,48,16,32,94,85,9
"2011","E00008613","E00008613","Total",130,45,12,33,85,69,16
"2011","E00008620","E00008620","Total",139,37,11,26,102,79,23
"2011","E00008643","E00008643","Total",160,32,12,20,128,101,27
"2011","E00008644","E00008644","Total",202,33,8,25,169,134,35
"2011","E00009179","E00009179","Total",93,47,14,33,46,39,7
"2011","E00009180","E00009180","Total",76,30,7,23,46,35,11
"2011","E00009181","E00009181","Total",141,51,16,35,90,71,19
"2011","E00009182","E00009182","Total",109,39,16,23,70,61,9
"2011","E00009183","E00009183","Total",116,46,18,28,70,57,13
"2011","E00009196","E00009196","Total",87,38,20,18,49,40,9
"2011","E00009212","E00009212","Total",98,36,11,25,62,56,6
"2011","E00009213","E00009213","Total",174,71,24,47,103,96,7
"2011","E00009214","E00009214","Total",67,18,5,13,49,44,5
"2011","E00009218","E00009218","Total",93,29,11,18,64,57,7
"2011","E00009219","E00009219","Total",84,29,8,21,55,47,8
"2011","E00008696","E00008696","Total",180,45,18,27,135,108,27
"2011","E00008700","E00008700","Total",183,40,15,25,143,111,32
"2011","E00008702","E00008702","Total",193,41,10,31,152,114,38
"2011","E00176272","E00176272","Total",131,25,10,15,106,78,28
"2011","E00176280","E00176280","Total",130,24,8,16,106,76,30
"2011","E00176301","E00176301","Total",135,43,17,26,92,71,21
"2011","E00176323","E00176323","Total",103,24,8,16,79,58,21
"2011","E00176324","E00176324","Total",194,32,9,23,162,114,48
"2011","E00176325","E00176325","Total",157,16,8,8,141,108,33
"2011","E00008686","E00008686","Total",266,46,15,31,220,166,54
"2011","E00008704","E00008704","Total",120,18,5,13,102,78,24
"2011","E00008705","E00008705","Total",217,42,9,33,175,139,36
"2011","E00008706","E00008706","Total",178,40,13,27,138,109,29
"2011","E00008709","E00008709","Total",276,65,23,42,211,151,60
"2011","E00008771","E00008771","Total",92,23,4,19,69,57,12
"2011","E00008772","E00008772","Total",168,45,22,23,123,96,27
"2011","E00008773","E00008773","Total",99,34,12,22,65,56,9
"2011","E00008774","E00008774","Total",86,23,7,16,63,51,12
"2011","E00176300","E00176300","Total",118,25,11,14,93,65,28
"2011","E00176319","E00176319","Total",169,37,12,25,132,102,30
"2011","E00176328","E00176328","Total",109,29,11,18,80,56,24
"2011","E00009047","E00009047","Total",156,39,9,30,117,87,30
"2011","E00009049","E00009049","Total",202,52,15,37,150,113,37
"2011","E00009057","E00009057","Total",155,45,16,29,110,91,19
"2011","E00009058","E00009058","Total",131,18,3,15,113,99,14
"2011","E00009064","E00009064","Total",161,35,16,19,126,93,33
"2011","E00009051","E00009051","Total",134,25,6,19,109,75,34
"2011","E00009053","E00009053","Total",220,57,17,40,163,123,40
"2011","E00009054","E00009054","Total",69,19,7,12,50,38,12
"2011","E00009056","E00009056","Total",162,44,12,32,118,87,31
"2011","E00009067","E00009067","Total",257,54,18,36,203,155,48
"2011","E00008685","E00008685","Total",147,47,17,30,100,76,24
"2011","E00008687","E00008687","Total",132,33,15,18,99,82,17
"2011","E00008689","E00008689","Total",136,44,12,32,92,71,21
"2011","E00008707","E00008707","Total",240,57,18,39,183,138,45
"2011","E00008710","E00008710","Total",193,42,13,29,151,106,45
"2011","E00008711","E00008711","Total",121,47,11,36,74,63,11
"2011","E00008723","E00008723","Total",120,41,12,29,79,65,14
"2011","E00008724","E00008724","Total",317,66,14,52,251,177,74
"2011","E00008725","E00008725","Total",189,37,12,25,152,99,53
"2011","E00008728","E00008728","Total",165,36,10,26,129,96,33
"2011","E00008736","E00008736","Total",214,58,18,40,156,122,34
"2011","E00008722","E00008722","Total",243,38,11,27,205,141,64
"2011","E00008726","E00008726","Total",202,40,12,28,162,107,55
"2011","E00008727","E00008727","Total",214,30,6,24,184,138,46
"2011","E00008750","E00008750","Total",209,39,8,31,170,110,60
"2011","E00008753","E00008753","Total",197,31,12,19,166,100,66
"2011","E00008721","E00008721","Total",235,52,14,38,183,129,54
"2011","E00008752","E00008752","Total",113,31,6,25,82,67,15
"2011","E00008754","E00008754","Total",258,46,22,24,212,147,65
"2011","E00176302","E00176302","Total",114,21,4,17,93,75,18
"2011","E00176303","E00176303","Total",217,29,10,19,188,150,38
"2011","E00176320","E00176320","Total",141,17,8,9,124,90,34
"2011","E00176321","E00176321","Total",101,24,5,19,77,64,13
"2011","E00176322","E00176322","Total",98,23,6,17,75,54,21
"2011","E00176330","E00176330","Total",124,21,4,17,103,72,31
"2011","E00009062","E00009062","Total",137,35,13,22,102,85,17
"2011","E00009063","E00009063","Total",221,51,13,38,170,127,43
"2011","E00176216","E00176216","Total",78,33,7,26,45,42,3
"2011","E00176217","E00176217","Total",44,17,5,12,27,21,6
"2011","E00176218","E00176218","Total",43,12,6,6,31,28,3
"2011","E00008698","E00008698","Total",140,38,13,25,102,85,17
"2011","E00008699","E00008699","Total",288,53,18,35,235,189,46
"2011","E00176219","E00176219","Total",187,35,11,24,152,126,26
"2011","E00176220","E00176220","Total",173,38,13,25,135,107,28
"2011","E00008708","E00008708","Total",158,41,11,30,117,85,32
"2011","E00176221","E00176221","Total",249,45,17,28,204,166,38
"2011","E00176287","E00176287","Total",98,14,3,11,84,65,19
"2011","E00176288","E00176288","Total",266,24,9,15,242,186,56
"2011","E00176289","E00176289","Total",223,51,14,37,172,126,46
"2011","E00009048","E00009048","Total",179,53,25,28,126,97,29
"2011","E00009050","E00009050","Total",145,44,18,26,101,90,11
"2011","E00176259","E00176259","Total",125,23,10,13,102,77,25
"2011","E00176265","E00176265","Total",115,29,10,19,86,63,23
"2011","E00176279","E00176279","Total",204,24,10,14,180,119,61
"2011","E00009154","E00009154","Total",113,39,9,30,74,61,13
"2011","E00009155","E00009155","Total",163,34,5,29,129,106,23
"2011","E00009165","E00009165","Total",157,27,9,18,130,103,27
"2011","E00009174","E00009174","Total",100,29,7,22,71,65,6
"2011","E00009175","E00009175","Total",240,36,14,22,204,154,50
"2011","E00009176","E00009176","Total",177,39,11,28,138,99,39
"2011","E00009148","E00009148","Total",187,50,15,35,137,114,23
"2011","E00009160","E00009160","Total",124,24,9,15,100,78,22
"2011","E00009184","E00009184","Total",117,49,17,32,68,54,14
"2011","E00009185","E00009185","Total",127,31,11,20,96,74,22
"2011","E00009186","E00009186","Total",112,46,13,33,66,53,13
"2011","E00009157","E00009157","Total",150,30,3,27,120,90,30
"2011","E00009162","E00009162","Total",155,28,9,19,127,98,29
"2011","E00009163","E00009163","Total",77,26,10,16,51,48,3
"2011","E00009168","E00009168","Total",82,25,10,15,57,47,10
"2011","E00009187","E00009187","Total",73,13,4,9,60,50,10
"2011","E00009188","E00009188","Total",138,38,15,23,100,74,26
"2011","E00009199","E00009199","Total",147,33,10,23,114,90,24
"2011","E00009200","E00009200","Total",259,69,18,51,190,149,41
"2011","E00009216","E00009216","Total",168,41,13,28,127,98,29
"2011","E00009223","E00009223","Total",121,26,7,19,95,61,34
"2011","E00176268","E00176268","Total",55,20,8,12,35,31,4
"2011","E00176286","E00176286","Total",177,26,7,19,151,111,40
"2011","E00176334","E00176334","Total",69,35,19,16,34,33,1
"2011","E00009201","E00009201","Total",104,37,11,26,67,61,6
"2011","E00009215","E00009215","Total",216,74,18,56,142,119,23
"2011","E00009221","E00009221","Total",64,23,7,16,41,35,6
"2011","E00009222","E00009222","Total",77,16,5,11,61,52,9
"2011","E00176285","E00176285","Total",135,44,10,34,91,79,12
"2011","E00009156","E00009156","Total",283,58,15,43,225,159,66
"2011","E00009171","E00009171","Total",137,28,8,20,109,81,28
"2011","E00009172","E00009172","Total",144,28,9,19,116,81,35
"2011","E00009177","E00009177","Total",175,39,11,28,136,105,31
"2011","E00009178","E00009178","Total",187,23,5,18,164,137,27
"2011","E00009149","E00009149","Total",98,55,18,37,43,36,7
"2011","E00009159","E00009159","Total",142,46,13,33,96,80,16
"2011","E00009164","E00009164","Total",261,54,17,37,207,166,41
"2011","E00009166","E00009166","Total",276,56,15,41,220,161,59
"2011","E00176222","E00176222","Total",195,27,9,18,168,123,45
"2011","E00176223","E00176223","Total",320,51,19,32,269,205,64
"2011","E00009152","E00009152","Total",188,44,14,30,144,118,26
"2011","E00009161","E00009161","Total",131,33,11,22,98,81,17
"2011","E00009167","E00009167","Total",91,32,11,21,59,51,8
"2011","E00009170","E00009170","Total",152,50,17,33,102,82,20
"2011","E00009173","E00009173","Total",155,51,16,35,104,80,24
"2011","E00009151","E00009151","Total",142,48,13,35,94,83,11
"2011","E00009153","E00009153","Total",119,30,13,17,89,70,19
"2011","E00009158","E00009158","Total",162,29,5,24,133,111,22
"2011","E00009169","E00009169","Total",149,31,8,23,118,83,35
"2011","E00009065","E00009065","Total",292,65,13,52,227,162,65
"2011","E00176251","E00176251","Total",161,43,15,28,118,91,27
"2011","E00176266","E00176266","Total",184,45,19,26,139,119,20
"2011","E00176304","E00176304","Total",143,24,10,14,119,92,27
"2011","E00176317","E00176317","Total",189,25,6,19,164,126,38
"2011","E00176331","E00176331","Total",172,28,10,18,144,107,37
"2011","E00009069","E00009069","Total",145,49,12,37,96,75,21
"2011","E00009073","E00009073","Total",199,64,16,48,135,109,26
"2011","E00009076","E00009076","Total",364,65,16,49,299,215,84
"2011","E00176333","E00176333","Total",175,54,18,36,121,90,31
"2011","E00008830","E00008830","Total",91,28,15,13,63,46,17
"2011","E00008831","E00008831","Total",109,38,7,31,71,56,15
"2011","E00008838","E00008838","Total",141,51,12,39,90,78,12
"2011","E00176247","E00176247","Total",74,28,7,21,46,40,6
"2011","E00008850","E00008850","Total",158,46,12,34,112,88,24
"2011","E00008851","E00008851","Total",110,40,17,23,70,52,18
"2011","E00008852","E00008852","Total",242,46,12,34,196,136,60
"2011","E00008860","E00008860","Total",221,62,17,45,159,129,30
"2011","E00176241","E00176241","Total",106,22,5,17,84,72,12
"2011","E00176242","E00176242","Total",274,30,9,21,244,182,62
"2011","E00008828","E00008828","Total",137,22,6,16,115,91,24
"2011","E00008840","E00008840","Total",195,39,13,26,156,130,26
"2011","E00008841","E00008841","Total",136,33,13,20,103,83,20
"2011","E00008844","E00008844","Total",121,35,14,21,86,69,17
"2011","E00008848","E00008848","Total",156,50,17,33,106,79,27
"2011","E00009052","E00009052","Total",147,48,21,27,99,91,8
"2011","E00009060","E00009060","Total",106,19,6,13,87,70,17
"2011","E00009066","E00009066","Total",185,51,13,38,134,111,23
"2011","E00009068","E00009068","Total",143,26,10,16,117,90,27
"2011","E00009071","E00009071","Total",153,42,19,23,111,87,24
"2011","E00009045","E00009045","Total",155,47,22,25,108,88,20
"2011","E00009070","E00009070","Total",91,33,9,24,58,53,5
"2011","E00009072","E00009072","Total",169,38,16,22,131,98,33
"2011","E00009075","E00009075","Total",138,51,22,29,87,73,14
"2011","E00009079","E00009079","Total",85,27,9,18,58,55,3
"2011","E00009046","E00009046","Total",116,34,18,16,82,66,16
"2011","E00009074","E00009074","Total",124,35,16,19,89,70,19
"2011","E00009077","E00009077","Total",239,62,17,45,177,145,32
"2011","E00009078","E00009078","Total",148,41,9,32,107,93,14
"2011","E00008731","E00008731","Total",179,42,15,27,137,92,45
"2011","E00008739","E00008739","Total",180,48,18,30,132,105,27
"2011","E00176224","E00176224","Total",88,24,11,13,64,49,15
"2011","E00176233","E00176233","Total",126,26,7,19,100,76,24
"2011","E00176234","E00176234","Total",407,20,10,10,387,241,146
"2011","E00176235","E00176235","Total",282,28,11,17,254,168,86
"2011","E00176236","E00176236","Total",171,24,8,16,147,120,27
"2011","E00008729","E00008729","Total",125,40,14,26,85,73,12
"2011","E00008732","E00008732","Total",143,50,21,29,93,79,14
"2011","E00008734","E00008734","Total",99,27,4,23,72,60,12
"2011","E00008735","E00008735","Total",138,49,11,38,89,75,14
"2011","E00008737","E00008737","Total",120,38,8,30,82,67,15
"2011","E00008740","E00008740","Total",55,17,4,13,38,34,4
"2011","E00008742","E00008742","Total",140,47,16,31,93,79,14
"2011","E00008743","E00008743","Total",141,55,21,34,86,77,9
"2011","E00176237","E00176237","Total",127,23,10,13,104,82,22
"2011","E00176238","E00176238","Total",147,26,11,15,121,103,18
"2011","E00176239","E00176239","Total",263,24,11,13,239,160,79
"2011","E00176240","E00176240","Total",132,18,7,11,114,86,28
"2011","E00176253","E00176253","Total",120,16,7,9,104,79,25
"2011","E00176257","E00176257","Total",139,37,19,18,102,83,19
"2011","E00008744","E00008744","Total",115,42,7,35,73,68,5
"2011","E00008745","E00008745","Total",277,60,23,37,217,171,46
"2011","E00008746","E00008746","Total",145,50,14,36,95,84,11
"2011","E00008747","E00008747","Total",106,44,15,29,62,55,7
"2011","E00008748","E00008748","Total",120,37,15,22,83,68,15
"2011","E00008832","E00008832","Total",151,41,13,28,110,89,21
"2011","E00008839","E00008839","Total",161,52,9,43,109,87,22
"2011","E00008842","E00008842","Total",66,30,12,18,36,33,3
"2011","E00008847","E00008847","Total",101,31,10,21,70,64,6
"2011","E00176248","E00176248","Total",133,24,8,16,109,80,29
"2011","E00176249","E00176249","Total",136,31,11,20,105,77,28
"2011","E00176306","E00176306","Total",217,17,6,11,200,113,87
"2011","E00008829","E00008829","Total",140,31,9,22,109,84,25
"2011","E00008833","E00008833","Total",182,41,11,30,141,110,31
"2011","E00008846","E00008846","Total",53,14,5,9,39,34,5
"2011","E00008849","E00008849","Total",118,37,11,26,81,68,13
"2011","E00008854","E00008854","Total",131,33,11,22,98,80,18
"2011","E00008866","E00008866","Total",134,36,12,24,98,83,15
"2011","E00008871","E00008871","Total",204,37,13,24,167,132,35
"2011","E00008877","E00008877","Total",141,36,15,21,105,71,34
"2011","E00008879","E00008879","Total",289,44,13,31,245,135,110
"2011","E00008888","E00008888","Total",197,51,23,28,146,129,17
"2011","E00008905","E00008905","Total",232,48,14,34,184,133,51
"2011","E00008887","E00008887","Total",116,42,14,28,74,63,11
"2011","E00008893","E00008893","Total",74,30,15,15,44,33,11
"2011","E00008894","E00008894","Total",127,28,9,19,99,83,16
"2011","E00008895","E00008895","Total",145,38,16,22,107,74,33
"2011","E00008899","E00008899","Total",94,31,13,18,63,53,10
"2011","E00008901","E00008901","Total",106,36,15,21,70,54,16
"2011","E00008885","E00008885","Total",133,35,15,20,98,82,16
"2011","E00008886","E00008886","Total",125,24,5,19,101,67,34
"2011","E00008889","E00008889","Total",308,47,17,30,261,176,85
"2011","E00008890","E00008890","Total",115,34,8,26,81,68,13
"2011","E00008892","E00008892","Total",142,35,11,24,107,83,24
"2011","E00176243","E00176243","Total",242,27,7,20,215,120,95
"2011","E00176244","E00176244","Total",153,17,8,9,136,86,50
"2011","E00176245","E00176245","Total",138,11,5,6,127,91,36
"2011","E00008864","E00008864","Total",147,49,19,30,98,75,23
"2011","E00008875","E00008875","Total",115,48,18,30,67,55,12
"2011","E00008891","E00008891","Total",125,42,12,30,83,73,10
"2011","E00008896","E00008896","Total",99,28,12,16,71,60,11
"2011","E00008903","E00008903","Total",150,55,22,33,95,70,25
"2011","E00008904","E00008904","Total",119,44,15,29,75,67,8
"2011","E00008853","E00008853","Total",89,31,13,18,58,50,8
"2011","E00008856","E00008856","Total",155,53,22,31,102,92,10
"2011","E00008857","E00008857","Total",224,53,16,37,171,133,38
"2011","E00008858","E00008858","Total",124,22,7,15,102,89,13
"2011","E00008859","E00008859","Total",124,44,12,32,80,73,7
"2011","E00176264","E00176264","Total",173,16,5,11,157,108,49
"2011","E00176309","E00176309","Total",173,22,5,17,151,98,53
"2011","E00176310","E00176310","Total",166,16,6,10,150,110,40
"2011","E00008878","E00008878","Total",186,43,8,35,143,102,41
"2011","E00008880","E00008880","Total",109,32,4,28,77,64,13
"2011","E00008881","E00008881","Total",105,27,10,17,78,64,14
"2011","E00008882","E00008882","Total",228,33,11,22,195,117,78
"2011","E00008883","E00008883","Total",156,49,12,37,107,81,26
"2011","E00008884","E00008884","Total",100,30,7,23,70,56,14
"2011","E00008867","E00008867","Total",161,32,9,23,129,94,35
"2011","E00008868","E00008868","Total",155,24,8,16,131,90,41
"2011","E00008869","E00008869","Total",141,51,14,37,90,83,7
"2011","E00008870","E00008870","Total",164,30,8,22,134,106,28
"2011","E00008897","E00008897","Total",135,42,16,26,93,76,17
"2011","E00008898","E00008898","Total",213,108,60,48,105,90,15
"2011","E00008861","E00008861","Total",235,56,19,37,179,124,55
"2011","E00176255","E00176255","Total",92,7,1,6,85,43,42
"2011","E00176261","E00176261","Total",183,22,7,15,161,95,66
"2011","E00176278","E00176278","Total",240,24,9,15,216,128,88
"2011","E00176305","E00176305","Total",182,27,15,12,155,96,59
"2011","E00176307","E00176307","Total",163,10,4,6,153,79,74
"2011","E00008834","E00008834","Total",288,40,16,24,248,136,112
"2011","E00176260","E00176260","Total",145,18,3,15,127,66,61
"2011","E00176275","E00176275","Total",159,36,20,16,123,69,54
"2011","E00176276","E00176276","Total",196,25,10,15,171,107,64
"2011","E00176308","E00176308","Total",179,17,5,12,162,99,63
"2011","E00176311","E00176311","Total",118,13,5,8,105,52,53
"2011","E00176312","E00176312","Total",142,17,6,11,125,66,59
"2011","E00008865","E00008865","Total",129,29,10,19,100,83,17
"2011","E00008900","E00008900","Total",231,52,24,28,179,145,34
"2011","E00008902","E00008902","Total",120,34,17,17,86,72,14
"2011","E00176263","E00176263","Total",104,13,6,7,91,56,35
"2011","E00176281","E00176281","Total",119,19,2,17,100,80,20
"2011","E00176283","E00176283","Total",190,23,7,16,167,111,56
"2011","E00176329","E00176329","Total",105,14,7,7,91,82,9
"2011","E00008872","E00008872","Total",188,29,6,23,159,127,32
"2011","E00008874","E00008874","Total",284,59,22,37,225,147,78
"2011","E00176282","E00176282","Total",203,22,6,16,181,119,62
"2011","E00008941","E00008941","Total",162,49,9,40,113,95,18
"2011","E00008947","E00008947","Total",118,43,12,31,75,61,14
"2011","E00008948","E00008948","Total",109,45,17,28,64,56,8
"2011","E00008960","E00008960","Total",135,52,23,29,83,76,7
"2011","E00008963","E00008963","Total",133,43,12,31,90,74,16
"2011","E00009082","E00009082","Total",102,48,16,32,54,47,7
"2011","E00009083","E00009083","Total",156,60,16,44,96,82,14
"2011","E00009103","E00009103","Total",161,60,14,46,101,81,20
"2011","E00009106","E00009106","Total",217,69,21,48,148,123,25
"2011","E00009107","E00009107","Total",123,41,12,29,82,76,6
"2011","E00008959","E00008959","Total",166,53,12,41,113,98,15
"2011","E00176246","E00176246","Total",118,29,16,13,89,60,29
"2011","E00176292","E00176292","Total",88,35,14,21,53,46,7
"2011","E00176295","E00176295","Total",142,32,8,24,110,90,20
"2011","E00008962","E00008962","Total",200,65,21,44,135,111,24
"2011","E00008965","E00008965","Total",126,57,16,41,69,64,5
"2011","E00176254","E00176254","Total",159,32,10,22,127,104,23
"2011","E00176318","E00176318","Total",115,27,7,20,88,75,13
"2011","E00008961","E00008961","Total",189,52,16,36,137,110,27
"2011","E00176273","E00176273","Total",236,64,24,40,172,139,33
"2011","E00176294","E00176294","Total",145,38,14,24,107,89,18
"2011","E00008580","E00008580","Total",277,81,29,52,196,155,41
"2011","E00008583","E00008583","Total",155,62,24,38,93,86,7
"2011","E00008602","E00008602","Total",131,43,12,31,88,80,8
"2011","E00008606","E00008606","Total",136,28,6,22,108,77,31
"2011","E00008608","E00008608","Total",188,67,20,47,121,102,19
"2011","E00008597","E00008597","Total",183,131,28,103,52,42,10
"2011","E00008599","E00008599","Total",163,79,23,56,84,76,8
"2011","E00008601","E00008601","Total",140,109,22,87,31,26,5
"2011","E00008603","E00008603","Total",133,51,20,31,82,74,8
"2011","E00009084","E00009084","Total",107,48,19,29,59,47,12
"2011","E00009109","E00009109","Total",99,51,18,33,48,37,11
"2011","E00009110","E00009110","Total",99,47,14,33,52,43,9
"2011","E00009111","E00009111","Total",176,90,21,69,86,71,15
"2011","E00009112","E00009112","Total",132,36,9,27,96,85,11
"2011","E00009101","E00009101","Total",117,48,8,40,69,59,10
"2011","E00009102","E00009102","Total",111,46,14,32,65,59,6
"2011","E00009104","E00009104","Total",97,41,13,28,56,54,2
"2011","E00009105","E00009105","Total",89,29,10,19,60,54,6
"2011","E00176284","E00176284","Total",94,59,20,39,35,29,6
"2011","E00176293","E00176293","Total",83,46,10,36,37,32,5
"2011","E00009359","E00009359","Total",47,14,6,8,33,29,4
"2011","E00009365","E00009365","Total",258,65,21,44,193,169,24
"2011","E00009367","E00009367","Total",164,24,11,13,140,114,26
"2011","E00009372","E00009372","Total",171,31,12,19,140,102,38
"2011","E00009375","E00009375","Total",189,42,16,26,147,109,38
"2011","E00009379","E00009379","Total",251,46,18,28,205,185,20
"2011","E00009384","E00009384","Total",104,29,10,19,75,66,9
"2011","E00009360","E00009360","Total",180,51,16,35,129,110,19
"2011","E00009376","E00009376","Total",118,41,11,30,77,69,8
"2011","E00009378","E00009378","Total",183,54,17,37,129,113,16
"2011","E00009380","E00009380","Total",132,39,12,27,93,80,13
"2011","E00009381","E00009381","Total",86,20,4,16,66,58,8
"2011","E00009363","E00009363","Total",133,35,12,23,98,88,10
"2011","E00009382","E00009382","Total",56,10,5,5,46,38,8
"2011","E00009383","E00009383","Total",142,35,9,26,107,88,19
"2011","E00167291","E00167291","Total",123,15,11,4,108,90,18
"2011","E00167292","E00167292","Total",135,11,6,5,124,105,19
"2011","E00167293","E00167293","Total",120,56,24,32,64,44,20
"2011","E00167294","E00167294","Total",56,20,11,9,36,31,5
"2011","E00167295","E00167295","Total",118,38,14,24,80,70,10
"2011","E00009366","E00009366","Total",79,28,12,16,51,38,13
"2011","E00009368","E00009368","Total",165,44,17,27,121,97,24
"2011","E00009369","E00009369","Total",180,46,14,32,134,115,19
"2011","E00009370","E00009370","Total",282,56,21,35,226,182,44
"2011","E00009361","E00009361","Total",149,49,15,34,100,92,8
"2011","E00009362","E00009362","Total",166,57,21,36,109,94,15
"2011","E00009373","E00009373","Total",138,55,20,35,83,66,17
"2011","E00009374","E00009374","Total",101,35,11,24,66,56,10
"2011","E00009377","E00009377","Total",118,34,12,22,84,69,15
"2011","E00009799","E00009799","Total",131,57,24,33,74,65,9
"2011","E00009801","E00009801","Total",131,32,8,24,99,74,25
"2011","E00009806","E00009806","Total",161,41,12,29,120,100,20
"2011","E00009812","E00009812","Total",94,32,14,18,62,51,11
"2011","E00009819","E00009819","Total",166,33,14,19,133,100,33
"2011","E00009800","E00009800","Total",180,46,21,25,134,122,12
"2011","E00009808","E00009808","Total",102,35,12,23,67,54,13
"2011","E00009826","E00009826","Total",129,52,17,35,77,66,11
"2011","E00009829","E00009829","Total",101,42,10,32,59,54,5
"2011","E00009831","E00009831","Total",113,35,14,21,78,67,11
"2011","E00009797","E00009797","Total",134,45,11,34,89,76,13
"2011","E00009798","E00009798","Total",120,59,12,47,61,52,9
"2011","E00009827","E00009827","Total",128,51,20,31,77,65,12
"2011","E00009828","E00009828","Total",124,56,17,39,68,59,9
"2011","E00009830","E00009830","Total",136,37,6,31,99,88,11
"2011","E00009802","E00009802","Total",115,50,20,30,65,54,11
"2011","E00009805","E00009805","Total",125,41,12,29,84,69,15
"2011","E00009807","E00009807","Total",145,57,21,36,88,71,17
"2011","E00009811","E00009811","Total",157,61,23,38,96,82,14
"2011","E00009795","E00009795","Total",86,22,8,14,64,51,13
"2011","E00009814","E00009814","Total",216,52,13,39,164,130,34
"2011","E00009815","E00009815","Total",129,44,17,27,85,69,16
"2011","E00009820","E00009820","Total",163,35,15,20,128,88,40
"2011","E00009822","E00009822","Total",150,29,5,24,121,87,34
"2011","E00009794","E00009794","Total",119,38,16,22,81,71,10
"2011","E00009809","E00009809","Total",121,44,12,32,77,65,12
"2011","E00009816","E00009816","Total",181,40,19,21,141,99,42
"2011","E00009821","E00009821","Total",204,39,20,19,165,121,44
"2011","E00009825","E00009825","Total",109,21,6,15,88,67,21
"2011","E00009796","E00009796","Total",119,38,15,23,81,70,11
"2011","E00009803","E00009803","Total",200,62,23,39,138,115,23
"2011","E00009804","E00009804","Total",186,57,20,37,129,108,21
"2011","E00009810","E00009810","Total",160,40,13,27,120,100,20
"2011","E00009813","E00009813","Total",189,26,12,14,163,129,34
"2011","E00009817","E00009817","Total",283,31,11,20,252,192,60
"2011","E00009818","E00009818","Total",194,29,12,17,165,122,43
"2011","E00009823","E00009823","Total",262,55,29,26,207,155,52
"2011","E00009824","E00009824","Total",246,49,23,26,197,140,57
"2011","E00009723","E00009723","Total",186,44,18,26,142,108,34
"2011","E00009729","E00009729","Total",154,35,11,24,119,89,30
"2011","E00009736","E00009736","Total",152,21,5,16,131,99,32
"2011","E00009744","E00009744","Total",196,40,17,23,156,117,39
"2011","E00009749","E00009749","Total",109,18,7,11,91,74,17
"2011","E00167281","E00167281","Total",221,22,8,14,199,143,56
"2011","E00167282","E00167282","Total",117,25,8,17,92,72,20
"2011","E00009738","E00009738","Total",101,41,19,22,60,51,9
"2011","E00009739","E00009739","Total",63,14,5,9,49,42,7
"2011","E00009740","E00009740","Total",114,36,17,19,78,60,18
"2011","E00009746","E00009746","Total",132,39,16,23,93,73,20
"2011","E00167283","E00167283","Total",161,47,14,33,114,80,34
"2011","E00167284","E00167284","Total",110,34,13,21,76,56,20
"2011","E00009732","E00009732","Total",168,56,29,27,112,89,23
"2011","E00009737","E00009737","Total",169,39,8,31,130,100,30
"2011","E00009741","E00009741","Total",231,38,11,27,193,153,40
"2011","E00009742","E00009742","Total",151,25,13,12,126,88,38
"2011","E00009743","E00009743","Total",161,34,11,23,127,89,38
"2011","E00009745","E00009745","Total",138,30,12,18,108,78,30
"2011","E00009730","E00009730","Total",123,29,15,14,94,73,21
"2011","E00009733","E00009733","Total",169,31,7,24,138,98,40
"2011","E00009734","E00009734","Total",202,40,15,25,162,126,36
"2011","E00009735","E00009735","Total",159,13,4,9,146,112,34
"2011","E00009747","E00009747","Total",170,33,12,21,137,94,43
"2011","E00009751","E00009751","Total",127,38,16,22,89,69,20
"2011","E00009275","E00009275","Total",143,32,11,21,111,79,32
"2011","E00009279","E00009279","Total",148,35,6,29,113,84,29
"2011","E00009293","E00009293","Total",131,26,10,16,105,88,17
"2011","E00009294","E00009294","Total",166,28,9,19,138,115,23
"2011","E00009295","E00009295","Total",182,35,10,25,147,111,36
"2011","E00009309","E00009309","Total",192,35,9,26,157,121,36
"2011","E00009724","E00009724","Total",157,29,8,21,128,93,35
"2011","E00009725","E00009725","Total",216,29,9,20,187,139,48
"2011","E00009726","E00009726","Total",141,31,10,21,110,91,19
"2011","E00009727","E00009727","Total",160,26,9,17,134,111,23
"2011","E00009728","E00009728","Total",169,48,19,29,121,99,22
"2011","E00009718","E00009718","Total",306,28,11,17,278,223,55
"2011","E00009720","E00009720","Total",193,44,13,31,149,116,33
"2011","E00009722","E00009722","Total",224,34,14,20,190,145,45
"2011","E00009750","E00009750","Total",199,30,11,19,169,139,30
"2011","E00009753","E00009753","Total",228,34,11,23,194,151,43
"2011","E00009721","E00009721","Total",223,49,12,37,174,140,34
"2011","E00009748","E00009748","Total",202,32,10,22,170,132,38
"2011","E00009752","E00009752","Total",188,35,7,28,153,111,42
"2011","E00009754","E00009754","Total",135,26,6,20,109,79,30
"2011","E00009755","E00009755","Total",155,21,9,12,134,117,17
"2011","E00009756","E00009756","Total",220,43,12,31,177,127,50
"2011","E00009273","E00009273","Total",186,41,10,31,145,114,31
"2011","E00009285","E00009285","Total",180,24,7,17,156,122,34
"2011","E00009297","E00009297","Total",238,86,50,36,152,111,41
"2011","E00009298","E00009298","Total",147,33,14,19,114,94,20
"2011","E00009313","E00009313","Total",183,38,4,34,145,121,24
"2011","E00009271","E00009271","Total",66,21,6,15,45,39,6
"2011","E00009276","E00009276","Total",222,55,18,37,167,135,32
"2011","E00009280","E00009280","Total",164,39,13,26,125,98,27
"2011","E00009282","E00009282","Total",135,40,10,30,95,74,21
"2011","E00009284","E00009284","Total",108,41,16,25,67,62,5
"2011","E00009296","E00009296","Total",208,52,24,28,156,127,29
"2011","E00009274","E00009274","Total",160,34,15,19,126,99,27
"2011","E00009277","E00009277","Total",178,27,9,18,151,107,44
"2011","E00009278","E00009278","Total",176,46,20,26,130,100,30
"2011","E00009281","E00009281","Total",135,39,15,24,96,74,22
"2011","E00009283","E00009283","Total",145,23,11,12,122,81,41
"2011","E00009272","E00009272","Total",155,26,9,17,129,92,37
"2011","E00009287","E00009287","Total",176,32,13,19,144,106,38
"2011","E00009303","E00009303","Total",191,37,11,26,154,116,38
"2011","E00009306","E00009306","Total",182,32,11,21,150,122,28
"2011","E00009307","E00009307","Total",196,41,15,26,155,130,25
"2011","E00009286","E00009286","Total",158,30,13,17,128,106,22
"2011","E00009288","E00009288","Total",132,25,12,13,107,91,16
"2011","E00009289","E00009289","Total",132,32,8,24,100,75,25
"2011","E00009299","E00009299","Total",161,40,9,31,121,90,31
"2011","E00009300","E00009300","Total",145,24,5,19,121,90,31
"2011","E00009302","E00009302","Total",171,21,6,15,150,127,23
"2011","E00009229","E00009229","Total",182,27,7,20,155,107,48
"2011","E00009239","E00009239","Total",208,23,12,11,185,125,60
"2011","E00009243","E00009243","Total",101,10,3,7,91,72,19
"2011","E00009245","E00009245","Total",119,19,5,14,100,75,25
"2011","E00009258","E00009258","Total",169,18,12,6,151,108,43
"2011","E00009263","E00009263","Total",187,39,9,30,148,106,42
"2011","E00009268","E00009268","Total",114,22,8,14,92,70,22
"2011","E00009270","E00009270","Total",171,18,5,13,153,105,48
"2011","E00009230","E00009230","Total",260,47,20,27,213,131,82
"2011","E00009240","E00009240","Total",163,25,5,20,138,86,52
"2011","E00009247","E00009247","Total",205,36,10,26,169,133,36
"2011","E00009253","E00009253","Total",186,29,8,21,157,103,54
"2011","E00009269","E00009269","Total",163,31,5,26,132,77,55
"2011","E00009228","E00009228","Total",180,31,10,21,149,96,53
"2011","E00009234","E00009234","Total",154,37,14,23,117,88,29
"2011","E00009235","E00009235","Total",116,19,6,13,97,74,23
"2011","E00009236","E00009236","Total",130,15,5,10,115,72,43
"2011","E00009238","E00009238","Total",185,36,17,19,149,116,33
"2011","E00009266","E00009266","Total",160,24,8,16,136,104,32
"2011","E00009267","E00009267","Total",159,31,11,20,128,98,30
"2011","E00009227","E00009227","Total",122,34,12,22,88,65,23
"2011","E00009259","E00009259","Total",82,22,8,14,60,53,7
"2011","E00009260","E00009260","Total",92,29,11,18,63,53,10
"2011","E00009261","E00009261","Total",169,29,6,23,140,107,33
"2011","E00009262","E00009262","Total",82,27,7,20,55,45,10
"2011","E00009264","E00009264","Total",70,18,5,13,52,44,8
"2011","E00009265","E00009265","Total",106,18,7,11,88,60,28
"2011","E00009308","E00009308","Total",115,18,6,12,97,73,24
"2011","E00009310","E00009310","Total",151,25,5,20,126,95,31
"2011","E00009311","E00009311","Total",180,37,16,21,143,96,47
"2011","E00009312","E00009312","Total",110,24,8,16,86,81,5
"2011","E00009314","E00009314","Total",121,35,11,24,86,72,14
"2011","E00167285","E00167285","Total",174,25,9,16,149,133,16
"2011","E00167286","E00167286","Total",231,50,18,32,181,143,38
"2011","E00167287","E00167287","Total",159,34,14,20,125,99,26
"2011","E00167288","E00167288","Total",129,25,8,17,104,86,18
"2011","E00009291","E00009291","Total",171,21,6,15,150,108,42
"2011","E00009292","E00009292","Total",203,47,13,34,156,112,44
"2011","E00009301","E00009301","Total",255,41,9,32,214,172,42
"2011","E00009304","E00009304","Total",230,36,13,23,194,159,35
"2011","E00009305","E00009305","Total",148,38,15,23,110,75,35
"2011","E00009675","E00009675","Total",228,66,32,34,162,135,27
"2011","E00009676","E00009676","Total",164,40,14,26,124,74,50
"2011","E00009677","E00009677","Total",102,30,16,14,72,53,19
"2011","E00009678","E00009678","Total",117,24,10,14,93,57,36
"2011","E00009680","E00009680","Total",149,42,16,26,107,68,39
"2011","E00009645","E00009645","Total",135,32,11,21,103,68,35
"2011","E00009660","E00009660","Total",165,33,19,14,132,107,25
"2011","E00009664","E00009664","Total",52,14,4,10,38,30,8
"2011","E00009674","E00009674","Total",161,29,7,22,132,90,42
"2011","E00009681","E00009681","Total",53,14,5,9,39,31,8
"2011","E00167289","E00167289","Total",118,14,2,12,104,69,35
"2011","E00167290","E00167290","Total",110,22,10,12,88,57,31
"2011","E00167296","E00167296","Total",96,31,13,18,65,57,8
"2011","E00009459","E00009459","Total",134,38,17,21,96,64,32
"2011","E00009471","E00009471","Total",167,35,10,25,132,97,35
"2011","E00009472","E00009472","Total",161,33,7,26,128,82,46
"2011","E00009475","E00009475","Total",163,41,19,22,122,80,42
"2011","E00009478","E00009478","Total",130,22,6,16,108,71,37
"2011","E00009479","E00009479","Total",152,29,9,20,123,82,41
"2011","E00009468","E00009468","Total",154,33,15,18,121,91,30
"2011","E00009469","E00009469","Total",59,18,8,10,41,35,6
"2011","E00009470","E00009470","Total",181,50,32,18,131,100,31
"2011","E00009473","E00009473","Total",130,32,15,17,98,82,16
"2011","E00009474","E00009474","Total",133,20,13,7,113,79,34
"2011","E00009476","E00009476","Total",204,55,37,18,149,101,48
"2011","E00009460","E00009460","Total",162,30,9,21,132,95,37
"2011","E00009477","E00009477","Total",146,31,7,24,115,81,34
"2011","E00009480","E00009480","Total",194,33,11,22,161,105,56
"2011","E00009481","E00009481","Total",151,32,9,23,119,81,38
"2011","E00009484","E00009484","Total",158,30,8,22,128,82,46
"2011","E00009649","E00009649","Total",164,31,11,20,133,82,51
"2011","E00009655","E00009655","Total",135,27,10,17,108,74,34
"2011","E00009656","E00009656","Total",159,25,10,15,134,85,49
"2011","E00009657","E00009657","Total",117,22,5,17,95,52,43
"2011","E00009663","E00009663","Total",166,27,11,16,139,100,39
"2011","E00009232","E00009232","Total",125,32,11,21,93,59,34
"2011","E00009233","E00009233","Total",244,42,12,30,202,120,82
"2011","E00009237","E00009237","Total",185,44,17,27,141,79,62
"2011","E00009249","E00009249","Total",143,21,4,17,122,76,46
"2011","E00009250","E00009250","Total",141,16,5,11,125,93,32
"2011","E00009256","E00009256","Total",144,25,7,18,119,78,41
"2011","E00009231","E00009231","Total",112,21,7,14,91,50,41
"2011","E00009241","E00009241","Total",150,19,4,15,131,77,54
"2011","E00009244","E00009244","Total",299,35,7,28,264,189,75
"2011","E00009246","E00009246","Total",111,15,4,11,96,62,34
"2011","E00009251","E00009251","Total",248,32,14,18,216,151,65
"2011","E00009252","E00009252","Total",186,25,7,18,161,105,56
"2011","E00009242","E00009242","Total",131,31,13,18,100,76,24
"2011","E00009248","E00009248","Total",204,44,18,26,160,103,57
"2011","E00009254","E00009254","Total",227,42,16,26,185,130,55
"2011","E00009255","E00009255","Total",138,53,11,42,85,67,18
"2011","E00009257","E00009257","Total",174,25,10,15,149,95,54
"2011","E00009334","E00009334","Total",168,36,13,23,132,78,54
"2011","E00009337","E00009337","Total",140,29,8,21,111,61,50
"2011","E00009338","E00009338","Total",74,12,5,7,62,38,24
"2011","E00009339","E00009339","Total",153,21,6,15,132,82,50
"2011","E00009341","E00009341","Total",90,10,1,9,80,37,43
"2011","E00009343","E00009343","Total",89,12,4,8,77,49,28
"2011","E00009315","E00009315","Total",292,47,17,30,245,198,47
"2011","E00009320","E00009320","Total",199,44,13,31,155,93,62
"2011","E00009333","E00009333","Total",107,20,8,12,87,64,23
"2011","E00009335","E00009335","Total",104,28,8,20,76,57,19
"2011","E00009336","E00009336","Total",110,41,14,27,69,63,6
"2011","E00009646","E00009646","Total",103,21,6,15,82,63,19
"2011","E00009647","E00009647","Total",139,31,15,16,108,78,30
"2011","E00009648","E00009648","Total",188,46,23,23,142,98,44
"2011","E00009651","E00009651","Total",158,28,7,21,130,91,39
"2011","E00009659","E00009659","Total",92,21,4,17,71,52,19
"2011","E00009679","E00009679","Total",196,43,13,30,153,105,48
"2011","E00009652","E00009652","Total",138,27,16,11,111,82,29
"2011","E00009658","E00009658","Total",240,58,17,41,182,138,44
"2011","E00009665","E00009665","Total",106,43,12,31,63,54,9
"2011","E00009666","E00009666","Total",130,20,8,12,110,84,26
"2011","E00009667","E00009667","Total",181,31,13,18,150,124,26
"2011","E00009644","E00009644","Total",236,43,17,26,193,120,73
"2011","E00009653","E00009653","Total",189,37,18,19,152,119,33
"2011","E00009661","E00009661","Total",120,24,6,18,96,81,15
"2011","E00009662","E00009662","Total",227,29,16,13,198,146,52
"2011","E00009669","E00009669","Total",184,24,9,15,160,130,30
"2011","E00009654","E00009654","Total",115,35,16,19,80,67,13
"2011","E00009668","E00009668","Total",123,20,2,18,103,75,28
"2011","E00009670","E00009670","Total",117,28,5,23,89,62,27
"2011","E00009671","E00009671","Total",131,35,20,15,96,61,35
"2011","E00009672","E00009672","Total",101,24,8,16,77,47,30
"2011","E00009673","E00009673","Total",116,30,14,16,86,61,25
"2011","E00009316","E00009316","Total",221,49,29,20,172,121,51
"2011","E00009342","E00009342","Total",173,33,15,18,140,90,50
"2011","E00009344","E00009344","Total",154,29,12,17,125,86,39
"2011","E00009345","E00009345","Total",111,31,9,22,80,58,22
"2011","E00009353","E00009353","Total",117,16,6,10,101,67,34
"2011","E00009355","E00009355","Total",108,17,6,11,91,60,31
"2011","E00009330","E00009330","Total",167,30,15,15,137,93,44
"2011","E00009354","E00009354","Total",395,86,41,45,309,211,98
"2011","E00167297","E00167297","Total",75,21,5,16,54,39,15
"2011","E00009321","E00009321","Total",218,43,19,24,175,137,38
"2011","E00009346","E00009346","Total",93,25,6,19,68,51,17
"2011","E00009348","E00009348","Total",86,25,10,15,61,47,14
"2011","E00009349","E00009349","Total",101,30,9,21,71,64,7
"2011","E00009351","E00009351","Total",128,37,11,26,91,81,10
"2011","E00009317","E00009317","Total",189,33,18,15,156,109,47
"2011","E00009324","E00009324","Total",204,31,8,23,173,130,43
"2011","E00009327","E00009327","Total",237,31,14,17,206,137,69
"2011","E00009328","E00009328","Total",181,40,16,24,141,114,27
"2011","E00009331","E00009331","Total",190,27,8,19,163,122,41
"2011","E00009350","E00009350","Total",235,38,18,20,197,128,69
"2011","E00009318","E00009318","Total",165,34,10,24,131,100,31
"2011","E00009325","E00009325","Total",133,15,7,8,118,78,40
"2011","E00009340","E00009340","Total",134,28,9,19,106,75,31
"2011","E00009352","E00009352","Total",153,27,10,17,126,96,30
"2011","E00009357","E00009357","Total",127,14,5,9,113,64,49
"2011","E00009358","E00009358","Total",184,36,11,25,148,104,44
"2011","E00009319","E00009319","Total",226,43,21,22,183,130,53
"2011","E00009322","E00009322","Total",172,28,13,15,144,115,29
"2011","E00009326","E00009326","Total",166,36,12,24,130,101,29
"2011","E00009329","E00009329","Total",144,29,6,23,115,94,21
"2011","E00009332","E00009332","Total",156,27,15,12,129,78,51
"2011","E00009356","E00009356","Total",107,19,6,13,88,56,32
"2011","E00009466","E00009466","Total",133,29,15,14,104,86,18
"2011","E00009467","E00009467","Total",117,15,6,9,102,70,32
"2011","E00009496","E00009496","Total",98,24,9,15,74,62,12
"2011","E00009497","E00009497","Total",136,41,19,22,95,75,20
"2011","E00009501","E00009501","Total",106,27,5,22,79,70,9
"2011","E00009465","E00009465","Total",110,22,6,16,88,72,16
"2011","E00009489","E00009489","Total",234,64,21,43,170,134,36
"2011","E00009492","E00009492","Total",86,22,6,16,64,56,8
"2011","E00009495","E00009495","Total",69,22,12,10,47,39,8
"2011","E00009500","E00009500","Total",174,22,5,17,152,101,51
"2011","E00009461","E00009461","Total",225,48,20,28,177,132,45
"2011","E00009482","E00009482","Total",183,32,15,17,151,114,37
"2011","E00009483","E00009483","Total",140,21,7,14,119,82,37
"2011","E00009485","E00009485","Total",133,23,10,13,110,75,35
"2011","E00009487","E00009487","Total",176,35,16,19,141,94,47
"2011","E00009488","E00009488","Total",105,15,5,10,90,74,16
"2011","E00009486","E00009486","Total",96,23,7,16,73,61,12
"2011","E00009490","E00009490","Total",142,32,8,24,110,74,36
"2011","E00009491","E00009491","Total",157,48,9,39,109,89,20
"2011","E00009493","E00009493","Total",85,23,8,15,62,51,11
"2011","E00009494","E00009494","Total",113,29,8,21,84,68,16
"2011","E00009462","E00009462","Total",166,38,14,24,128,103,25
"2011","E00009463","E00009463","Total",382,68,28,40,314,244,70
"2011","E00009464","E00009464","Total",156,35,15,20,121,89,32
"2011","E00009498","E00009498","Total",67,23,6,17,44,42,2
"2011","E00009499","E00009499","Total",119,27,6,21,92,77,15
"2011","E00009435","E00009435","Total",174,32,12,20,142,96,46
"2011","E00009437","E00009437","Total",172,26,10,16,146,100,46
"2011","E00009439","E00009439","Total",235,31,12,19,204,140,64
"2011","E00009441","E00009441","Total",122,9,5,4,113,71,42
"2011","E00009443","E00009443","Total",152,22,12,10,130,98,32
"2011","E00009541","E00009541","Total",211,27,4,23,184,144,40
"2011","E00009543","E00009543","Total",83,12,5,7,71,45,26
"2011","E00009548","E00009548","Total",164,35,6,29,129,96,33
"2011","E00009551","E00009551","Total",111,13,4,9,98,74,24
"2011","E00009554","E00009554","Total",140,21,7,14,119,93,26
"2011","E00009555","E00009555","Total",181,23,12,11,158,116,42
"2011","E00009563","E00009563","Total",134,25,9,16,109,89,20
"2011","E00009545","E00009545","Total",223,22,14,8,201,123,78
"2011","E00009546","E00009546","Total",237,17,11,6,220,140,80
"2011","E00009567","E00009567","Total",191,29,9,20,162,95,67
"2011","E00009572","E00009572","Total",140,13,3,10,127,93,34
"2011","E00009578","E00009578","Total",180,18,9,9,162,103,59
"2011","E00009579","E00009579","Total",214,18,10,8,196,131,65
"2011","E00009540","E00009540","Total",146,13,7,6,133,85,48
"2011","E00009547","E00009547","Total",201,28,6,22,173,138,35
"2011","E00009549","E00009549","Total",148,26,10,16,122,95,27
"2011","E00009550","E00009550","Total",139,33,9,24,106,84,22
"2011","E00009552","E00009552","Total",226,33,10,23,193,136,57
"2011","E00009553","E00009553","Total",168,32,14,18,136,95,41
"2011","E00009557","E00009557","Total",120,10,2,8,110,81,29
"2011","E00009405","E00009405","Total",130,46,18,28,84,72,12
"2011","E00009410","E00009410","Total",64,26,12,14,38,36,2
"2011","E00009411","E00009411","Total",109,33,10,23,76,67,9
"2011","E00009414","E00009414","Total",66,21,7,14,45,38,7
"2011","E00009418","E00009418","Total",111,40,15,25,71,63,8
"2011","E00009542","E00009542","Total",145,24,10,14,121,90,31
"2011","E00009559","E00009559","Total",146,29,8,21,117,82,35
"2011","E00009562","E00009562","Total",218,39,15,24,179,135,44
"2011","E00009565","E00009565","Total",212,25,6,19,187,135,52
"2011","E00009568","E00009568","Total",182,22,6,16,160,119,41
"2011","E00009569","E00009569","Total",189,19,11,8,170,132,38
"2011","E00009538","E00009538","Total",147,30,11,19,117,93,24
"2011","E00009544","E00009544","Total",255,41,23,18,214,137,77
"2011","E00009570","E00009570","Total",136,35,8,27,101,85,16
"2011","E00009571","E00009571","Total",198,28,14,14,170,100,70
"2011","E00009575","E00009575","Total",142,12,7,5,130,99,31
"2011","E00009580","E00009580","Total",166,22,10,12,144,106,38
"2011","E00009558","E00009558","Total",172,45,16,29,127,98,29
"2011","E00009560","E00009560","Total",126,59,23,36,67,60,7
"2011","E00009564","E00009564","Total",115,28,7,21,87,71,16
"2011","E00009566","E00009566","Total",156,39,11,28,117,95,22
"2011","E00009573","E00009573","Total",55,19,6,13,36,33,3
"2011","E00009577","E00009577","Total",160,27,10,17,133,97,36
"2011","E00009539","E00009539","Total",138,37,14,23,101,79,22
"2011","E00009556","E00009556","Total",133,40,11,29,93,80,13
"2011","E00009561","E00009561","Total",159,38,26,12,121,79,42
"2011","E00009574","E00009574","Total",90,29,7,22,61,44,17
"2011","E00009576","E00009576","Total",104,34,12,22,70,59,11
"2011","E00009426","E00009426","Total",176,28,8,20,148,101,47
"2011","E00009427","E00009427","Total",121,32,14,18,89,78,11
"2011","E00009428","E00009428","Total",103,27,8,19,76,59,17
"2011","E00009431","E00009431","Total",211,48,16,32,163,111,52
"2011","E00009433","E00009433","Total",140,30,13,17,110,86,24
"2011","E00009423","E00009423","Total",154,35,13,22,119,97,22
"2011","E00009425","E00009425","Total",200,45,23,22,155,103,52
"2011","E00009434","E00009434","Total",169,30,14,16,139,97,42
"2011","E00009456","E00009456","Total",199,34,13,21,165,111,54
"2011","E00009458","E00009458","Total",78,25,6,19,53,43,10
"2011","E00009440","E00009440","Total",289,18,9,9,271,235,36
"2011","E00009444","E00009444","Total",226,46,25,21,180,152,28
"2011","E00009447","E00009447","Total",149,21,5,16,128,86,42
"2011","E00009451","E00009451","Total",188,24,7,17,164,118,46
"2011","E00009453","E00009453","Total",296,49,20,29,247,196,51
"2011","E00009436","E00009436","Total",115,31,17,14,84,71,13
"2011","E00009442","E00009442","Total",122,34,7,27,88,70,18
"2011","E00009446","E00009446","Total",87,20,6,14,67,52,15
"2011","E00009448","E00009448","Total",165,34,12,22,131,90,41
"2011","E00009450","E00009450","Total",209,29,9,20,180,117,63
"2011","E00009389","E00009389","Total",75,20,4,16,55,53,2
"2011","E00009394","E00009394","Total",169,16,9,7,153,99,54
"2011","E00009396","E00009396","Total",176,26,8,18,150,98,52
"2011","E00009407","E00009407","Total",178,26,9,17,152,102,50
"2011","E00009412","E00009412","Total",158,25,14,11,133,87,46
"2011","E00009417","E00009417","Total",129,40,12,28,89,74,15
"2011","E00009390","E00009390","Total",265,38,21,17,227,141,86
"2011","E00009392","E00009392","Total",145,20,2,18,125,74,51
"2011","E00009393","E00009393","Total",191,25,13,12,166,111,55
"2011","E00009419","E00009419","Total",266,47,14,33,219,136,83
"2011","E00009420","E00009420","Total",152,20,8,12,132,87,45
"2011","E00009391","E00009391","Total",269,26,8,18,243,170,73
"2011","E00009395","E00009395","Total",227,33,12,21,194,139,55
"2011","E00009397","E00009397","Total",245,33,14,19,212,155,57
"2011","E00009421","E00009421","Total",225,43,21,22,182,112,70
"2011","E00009422","E00009422","Total",196,22,9,13,174,114,60
"2011","E00009386","E00009386","Total",83,25,8,17,58,44,14
"2011","E00009398","E00009398","Total",107,19,5,14,88,61,27
"2011","E00009399","E00009399","Total",161,23,14,9,138,90,48
"2011","E00009401","E00009401","Total",126,26,16,10,100,68,32
"2011","E00009402","E00009402","Total",205,22,12,10,183,127,56
"2011","E00009404","E00009404","Total",143,23,11,12,120,84,36
"2011","E00009387","E00009387","Total",266,45,19,26,221,169,52
"2011","E00009400","E00009400","Total",195,27,9,18,168,108,60
"2011","E00009403","E00009403","Total",130,29,10,19,101,84,17
"2011","E00009406","E00009406","Total",178,32,14,18,146,100,46
"2011","E00009408","E00009408","Total",187,23,11,12,164,123,41
"2011","E00009409","E00009409","Total",54,13,4,9,41,33,8
"2011","E00009424","E00009424","Total",141,34,16,18,107,72,35
"2011","E00009429","E00009429","Total",181,34,15,19,147,100,47
"2011","E00009430","E00009430","Total",189,26,10,16,163,124,39
"2011","E00009432","E00009432","Total",193,23,12,11,170,124,46
"2011","E00009457","E00009457","Total",188,39,23,16,149,101,48
"2011","E00009438","E00009438","Total",257,39,17,22,218,174,44
"2011","E00009445","E00009445","Total",195,29,8,21,166,128,38
"2011","E00009449","E00009449","Total",210,30,8,22,180,156,24
"2011","E00009452","E00009452","Total",190,22,12,10,168,115,53
"2011","E00009454","E00009454","Total",279,37,14,23,242,199,43
"2011","E00009455","E00009455","Total",179,27,16,11,152,108,44
"2011","E00009585","E00009585","Total",181,41,11,30,140,98,42
"2011","E00009586","E00009586","Total",171,22,5,17,149,95,54
"2011","E00009587","E00009587","Total",136,25,10,15,111,80,31
"2011","E00009588","E00009588","Total",102,24,9,15,78,60,18
"2011","E00009591","E00009591","Total",112,17,6,11,95,68,27
"2011","E00009592","E00009592","Total",80,23,9,14,57,44,13
"2011","E00009589","E00009589","Total",166,30,10,20,136,89,47
"2011","E00009590","E00009590","Total",207,36,20,16,171,101,70
"2011","E00009595","E00009595","Total",197,39,15,24,158,100,58
"2011","E00009598","E00009598","Total",126,19,9,10,107,85,22
"2011","E00009599","E00009599","Total",152,28,11,17,124,89,35
"2011","E00009593","E00009593","Total",113,28,6,22,85,68,17
"2011","E00009594","E00009594","Total",192,37,16,21,155,111,44
"2011","E00009596","E00009596","Total",146,35,21,14,111,77,34
"2011","E00009597","E00009597","Total",166,32,9,23,134,79,55
"2011","E00009604","E00009604","Total",168,38,9,29,130,70,60
"2011","E00009385","E00009385","Total",123,49,13,36,74,63,11
"2011","E00009388","E00009388","Total",113,19,7,12,94,68,26
"2011","E00009413","E00009413","Total",168,27,13,14,141,101,40
"2011","E00009415","E00009415","Total",208,41,18,23,167,123,44
"2011","E00009416","E00009416","Total",181,21,10,11,160,113,47
"2011","E00009526","E00009526","Total",217,33,15,18,184,106,78
"2011","E00009530","E00009530","Total",160,31,11,20,129,73,56
"2011","E00009531","E00009531","Total",212,33,7,26,179,113,66
"2011","E00009534","E00009534","Total",146,18,5,13,128,73,55
"2011","E00009536","E00009536","Total",180,27,10,17,153,98,55
"2011","E00009524","E00009524","Total",234,33,9,24,201,127,74
"2011","E00009527","E00009527","Total",173,28,10,18,145,82,63
"2011","E00009528","E00009528","Total",187,26,7,19,161,100,61
"2011","E00009532","E00009532","Total",109,19,10,9,90,62,28
"2011","E00009533","E00009533","Total",175,36,12,24,139,103,36
"2011","E00009535","E00009535","Total",178,25,12,13,153,116,37
"2011","E00009517","E00009517","Total",145,28,7,21,117,83,34
"2011","E00009518","E00009518","Total",260,44,20,24,216,175,41
"2011","E00009519","E00009519","Total",106,45,15,30,61,52,9
"2011","E00009520","E00009520","Total",181,25,11,14,156,115,41
"2011","E00009523","E00009523","Total",155,29,9,20,126,93,33
"2011","E00009614","E00009614","Total",57,7,4,3,50,41,9
"2011","E00009615","E00009615","Total",215,34,10,24,181,131,50
"2011","E00009616","E00009616","Total",163,27,12,15,136,82,54
"2011","E00009618","E00009618","Total",94,24,8,16,70,54,16
"2011","E00009619","E00009619","Total",82,13,7,6,69,56,13
"2011","E00009620","E00009620","Total",139,22,8,14,117,91,26
"2011","E00009608","E00009608","Total",177,39,17,22,138,85,53
"2011","E00009617","E00009617","Total",172,23,7,16,149,78,71
"2011","E00009621","E00009621","Total",162,31,16,15,131,66,65
"2011","E00009622","E00009622","Total",173,26,11,15,147,84,63
"2011","E00009623","E00009623","Total",173,15,5,10,158,102,56
"2011","E00009626","E00009626","Total",160,37,15,22,123,80,43
"2011","E00009627","E00009627","Total",151,27,10,17,124,81,43
"2011","E00009632","E00009632","Total",155,31,14,17,124,64,60
"2011","E00009635","E00009635","Total",185,33,18,15,152,76,76
"2011","E00009641","E00009641","Total",220,32,9,23,188,96,92
"2011","E00009624","E00009624","Total",144,27,5,22,117,69,48
"2011","E00009625","E00009625","Total",182,28,16,12,154,101,53
"2011","E00009628","E00009628","Total",181,38,10,28,143,74,69
"2011","E00009629","E00009629","Total",217,25,14,11,192,119,73
"2011","E00009631","E00009631","Total",99,17,6,11,82,51,31
"2011","E00009630","E00009630","Total",228,25,16,9,203,136,67
"2011","E00009633","E00009633","Total",191,20,11,9,171,128,43
"2011","E00009634","E00009634","Total",138,25,9,16,113,68,45
"2011","E00009636","E00009636","Total",175,30,19,11,145,85,60
"2011","E00009638","E00009638","Total",158,28,8,20,130,56,74
"2011","E00009757","E00009757","Total",137,28,8,20,109,72,37
"2011","E00009768","E00009768","Total",112,31,7,24,81,62,19
"2011","E00009771","E00009771","Total",106,35,10,25,71,60,11
"2011","E00009773","E00009773","Total",122,32,10,22,90,82,8
"2011","E00009776","E00009776","Total",118,40,10,30,78,65,13
"2011","E00009780","E00009780","Total",181,20,11,9,161,112,49
"2011","E00009781","E00009781","Total",168,28,10,18,140,91,49
"2011","E00009783","E00009783","Total",222,35,14,21,187,101,86
"2011","E00009784","E00009784","Total",136,15,3,12,121,63,58
"2011","E00009786","E00009786","Total",173,19,6,13,154,111,43
"2011","E00167278","E00167278","Total",134,30,9,21,104,53,51
"2011","E00167279","E00167279","Total",112,19,4,15,93,70,23
"2011","E00167280","E00167280","Total",114,16,7,9,98,56,42
"2011","E00009770","E00009770","Total",153,10,1,9,143,101,42
"2011","E00009774","E00009774","Total",186,27,12,15,159,85,74
"2011","E00009775","E00009775","Total",185,31,10,21,154,83,71
"2011","E00009779","E00009779","Total",245,36,10,26,209,122,87
"2011","E00009782","E00009782","Total",186,25,7,18,161,94,67
"2011","E00009766","E00009766","Total",188,23,4,19,165,90,75
"2011","E00009767","E00009767","Total",214,39,14,25,175,104,71
"2011","E00009769","E00009769","Total",170,33,14,19,137,64,73
"2011","E00009777","E00009777","Total",181,26,8,18,155,85,70
"2011","E00009778","E00009778","Total",200,23,9,14,177,100,77
"2011","E00009758","E00009758","Total",182,12,2,10,170,116,54
"2011","E00009760","E00009760","Total",152,22,9,13,130,79,51
"2011","E00009787","E00009787","Total",170,22,9,13,148,99,49
"2011","E00009788","E00009788","Total",272,43,13,30,229,149,80
"2011","E00009789","E00009789","Total",201,33,12,21,168,98,70
"2011","E00009759","E00009759","Total",189,17,6,11,172,101,71
"2011","E00009763","E00009763","Total",234,31,11,20,203,137,66
"2011","E00009764","E00009764","Total",116,21,9,12,95,57,38
"2011","E00009765","E00009765","Total",113,25,8,17,88,69,19
"2011","E00009772","E00009772","Total",142,30,16,14,112,91,21
"2011","E00009504","E00009504","Total",147,15,4,11,132,88,44
"2011","E00009521","E00009521","Total",228,36,12,24,192,110,82
"2011","E00009522","E00009522","Total",201,31,14,17,170,115,55
"2011","E00009525","E00009525","Total",190,30,12,18,160,97,63
"2011","E00009529","E00009529","Total",238,33,12,21,205,127,78
"2011","E00009502","E00009502","Total",225,34,15,19,191,118,73
"2011","E00009503","E00009503","Total",222,24,10,14,198,134,64
"2011","E00009506","E00009506","Total",167,31,12,19,136,84,52
"2011","E00009509","E00009509","Total",255,26,9,17,229,141,88
"2011","E00009537","E00009537","Total",165,26,15,11,139,84,55
"2011","E00009505","E00009505","Total",202,21,11,10,181,121,60
"2011","E00009507","E00009507","Total",188,27,6,21,161,107,54
"2011","E00009508","E00009508","Total",168,18,9,9,150,106,44
"2011","E00009510","E00009510","Total",184,32,6,26,152,96,56
"2011","E00009512","E00009512","Total",240,27,13,14,213,140,73
"2011","E00009511","E00009511","Total",159,34,11,23,125,65,60
"2011","E00009513","E00009513","Total",123,20,11,9,103,58,45
"2011","E00009514","E00009514","Total",125,17,7,10,108,69,39
"2011","E00009515","E00009515","Total",177,24,10,14,153,109,44
"2011","E00009516","E00009516","Total",160,16,6,10,144,88,56
"2011","E00009684","E00009684","Total",148,25,6,19,123,81,42
"2011","E00009702","E00009702","Total",161,23,6,17,138,94,44
"2011","E00009705","E00009705","Total",189,29,11,18,160,100,60
"2011","E00009706","E00009706","Total",151,31,14,17,120,76,44
"2011","E00009708","E00009708","Total",128,10,4,6,118,83,35
"2011","E00009709","E00009709","Total",164,22,6,16,142,95,47
"2011","E00009711","E00009711","Total",165,29,10,19,136,101,35
"2011","E00009716","E00009716","Total",113,30,13,17,83,56,27
"2011","E00009699","E00009699","Total",84,15,9,6,69,38,31
"2011","E00009700","E00009700","Total",112,27,12,15,85,35,50
"2011","E00009701","E00009701","Total",142,43,12,31,99,80,19
"2011","E00009703","E00009703","Total",83,18,6,12,65,51,14
"2011","E00009707","E00009707","Total",189,28,11,17,161,116,45
"2011","E00167275","E00167275","Total",185,76,28,48,109,90,19
"2011","E00167276","E00167276","Total",239,41,14,27,198,134,64
"2011","E00009682","E00009682","Total",134,37,8,29,97,56,41
"2011","E00009685","E00009685","Total",162,28,9,19,134,95,39
"2011","E00009714","E00009714","Total",183,27,7,20,156,102,54
"2011","E00167267","E00167267","Total",134,39,13,26,95,68,27
"2011","E00167268","E00167268","Total",113,20,4,16,93,64,29
"2011","E00167269","E00167269","Total",126,31,9,22,95,78,17
"2011","E00167270","E00167270","Total",143,24,7,17,119,85,34
"2011","E00167271","E00167271","Total",188,26,7,19,162,96,66
"2011","E00167277","E00167277","Total",112,10,4,6,102,63,39
"2011","E00009686","E00009686","Total",121,26,14,12,95,56,39
"2011","E00009713","E00009713","Total",122,34,17,17,88,39,49
"2011","E00167272","E00167272","Total",61,30,8,22,31,24,7
"2011","E00167273","E00167273","Total",108,17,8,9,91,44,47
"2011","E00167274","E00167274","Total",105,16,6,10,89,50,39
"2011","E00009600","E00009600","Total",65,13,6,7,52,39,13
"2011","E00009601","E00009601","Total",204,49,17,32,155,73,82
"2011","E00009602","E00009602","Total",161,25,10,15,136,77,59
"2011","E00009603","E00009603","Total",147,21,6,15,126,77,49
"2011","E00009605","E00009605","Total",161,22,10,12,139,87,52
"2011","E00009581","E00009581","Total",73,19,7,12,54,34,20
"2011","E00009582","E00009582","Total",118,20,14,6,98,65,33
"2011","E00009583","E00009583","Total",143,18,8,10,125,88,37
"2011","E00009584","E00009584","Total",107,22,7,15,85,50,35
"2011","E00009606","E00009606","Total",140,30,11,19,110,52,58
"2011","E00009607","E00009607","Total",138,36,10,26,102,59,43
"2011","E00009609","E00009609","Total",152,20,9,11,132,62,70
"2011","E00009610","E00009610","Total",186,25,10,15,161,87,74
"2011","E00009612","E00009612","Total",194,24,9,15,170,100,70
"2011","E00009613","E00009613","Total",173,34,14,20,139,85,54
"2011","E00009642","E00009642","Total",171,25,7,18,146,99,47
"2011","E00009761","E00009761","Total",182,20,7,13,162,113,49
"2011","E00009762","E00009762","Total",172,17,5,12,155,101,54
"2011","E00009790","E00009790","Total",217,29,16,13,188,120,68
"2011","E00009791","E00009791","Total",96,25,10,15,71,55,16
"2011","E00009792","E00009792","Total",253,28,8,20,225,158,67
"2011","E00009793","E00009793","Total",209,29,14,15,180,111,69
"2011","E00009611","E00009611","Total",139,31,10,21,108,66,42
"2011","E00009637","E00009637","Total",221,31,13,18,190,121,69
"2011","E00009639","E00009639","Total",129,25,10,15,104,44,60
"2011","E00009640","E00009640","Total",155,37,11,26,118,63,55
"2011","E00009643","E00009643","Total",196,27,10,17,169,84,85
"2011","E00009690","E00009690","Total",150,42,12,30,108,85,23
"2011","E00009692","E00009692","Total",152,29,13,16,123,102,21
"2011","E00009696","E00009696","Total",146,39,13,26,107,68,39
"2011","E00009698","E00009698","Total",167,28,11,17,139,80,59
"2011","E00009717","E00009717","Total",152,36,9,27,116,83,33
"2011","E00009683","E00009683","Total",172,25,10,15,147,95,52
"2011","E00009688","E00009688","Total",178,41,22,19,137,73,64
"2011","E00009689","E00009689","Total",174,21,11,10,153,103,50
"2011","E00009691","E00009691","Total",225,35,14,21,190,130,60
"2011","E00009710","E00009710","Total",199,27,9,18,172,138,34
"2011","E00009712","E00009712","Total",134,26,9,17,108,54,54
"2011","E00009687","E00009687","Total",188,26,7,19,162,116,46
"2011","E00009693","E00009693","Total",113,30,8,22,83,63,20
"2011","E00009694","E00009694","Total",191,33,7,26,158,120,38
"2011","E00009695","E00009695","Total",147,31,13,18,116,72,44
"2011","E00009697","E00009697","Total",129,36,14,22,93,67,26
"2011","E00009868","E00009868","Total",139,36,11,25,103,82,21
"2011","E00009869","E00009869","Total",193,62,18,44,131,93,38
"2011","E00009870","E00009870","Total",130,32,7,25,98,85,13
"2011","E00009879","E00009879","Total",153,41,12,29,112,86,26
"2011","E00009902","E00009902","Total",190,40,19,21,150,123,27
"2011","E00009903","E00009903","Total",161,45,11,34,116,95,21
"2011","E00009871","E00009871","Total",192,47,16,31,145,113,32
"2011","E00009874","E00009874","Total",159,40,14,26,119,98,21
"2011","E00009882","E00009882","Total",92,41,13,28,51,44,7
"2011","E00009884","E00009884","Total",161,51,15,36,110,91,19
"2011","E00009885","E00009885","Total",82,29,6,23,53,47,6
"2011","E00009888","E00009888","Total",111,31,9,22,80,66,14
"2011","E00009867","E00009867","Total",294,89,28,61,205,166,39
"2011","E00009876","E00009876","Total",234,51,10,41,183,164,19
"2011","E00009880","E00009880","Total",177,31,8,23,146,116,30
"2011","E00009892","E00009892","Total",179,44,21,23,135,117,18
"2011","E00009894","E00009894","Total",178,49,14,35,129,108,21
"2011","E00009901","E00009901","Total",211,66,23,43,145,122,23
"2011","E00009893","E00009893","Total",233,60,18,42,173,144,29
"2011","E00009895","E00009895","Total",175,37,4,33,138,113,25
"2011","E00009898","E00009898","Total",153,42,12,30,111,90,21
"2011","E00009899","E00009899","Total",185,51,22,29,134,111,23
"2011","E00009900","E00009900","Total",256,61,19,42,195,163,32
"2011","E00010216","E00010216","Total",132,57,17,40,75,66,9
"2011","E00010233","E00010233","Total",115,49,20,29,66,61,5
"2011","E00010248","E00010248","Total",125,62,23,39,63,53,10
"2011","E00010249","E00010249","Total",130,47,16,31,83,68,15
"2011","E00010250","E00010250","Total",70,32,10,22,38,35,3
"2011","E00010214","E00010214","Total",129,52,16,36,77,67,10
"2011","E00010217","E00010217","Total",148,66,19,47,82,65,17
"2011","E00010220","E00010220","Total",75,28,5,23,47,41,6
"2011","E00010221","E00010221","Total",141,59,23,36,82,71,11
"2011","E00010245","E00010245","Total",116,49,16,33,67,60,7
"2011","E00010223","E00010223","Total",98,40,12,28,58,51,7
"2011","E00010224","E00010224","Total",83,44,16,28,39,35,4
"2011","E00010228","E00010228","Total",82,43,15,28,39,31,8
"2011","E00010229","E00010229","Total",105,53,15,38,52,45,7
"2011","E00010231","E00010231","Total",95,41,11,30,54,48,6
"2011","E00010234","E00010234","Total",145,49,17,32,96,86,10
"2011","E00010237","E00010237","Total",120,47,12,35,73,64,9
"2011","E00010239","E00010239","Total",121,43,18,25,78,69,9
"2011","E00010240","E00010240","Total",132,53,17,36,79,70,9
"2011","E00010242","E00010242","Total",112,34,10,24,78,67,11
"2011","E00010243","E00010243","Total",171,55,17,38,116,101,15
"2011","E00009840","E00009840","Total",184,47,16,31,137,110,27
"2011","E00009843","E00009843","Total",204,58,15,43,146,112,34
"2011","E00009863","E00009863","Total",166,47,19,28,119,98,21
"2011","E00009864","E00009864","Total",136,43,15,28,93,72,21
"2011","E00009865","E00009865","Total",164,48,16,32,116,101,15
"2011","E00009872","E00009872","Total",186,70,19,51,116,99,17
"2011","E00009877","E00009877","Total",294,102,42,60,192,162,30
"2011","E00009878","E00009878","Total",74,24,10,14,50,44,6
"2011","E00009881","E00009881","Total",158,49,13,36,109,96,13
"2011","E00009905","E00009905","Total",210,59,18,41,151,115,36
"2011","E00009873","E00009873","Total",169,49,13,36,120,102,18
"2011","E00009883","E00009883","Total",154,41,19,22,113,87,26
"2011","E00009886","E00009886","Total",82,26,8,18,56,45,11
"2011","E00009887","E00009887","Total",93,40,12,28,53,49,4
"2011","E00009889","E00009889","Total",170,46,16,30,124,99,25
"2011","E00009890","E00009890","Total",153,30,9,21,123,102,21
"2011","E00009875","E00009875","Total",146,32,16,16,114,99,15
"2011","E00009896","E00009896","Total",143,30,10,20,113,101,12
"2011","E00009897","E00009897","Total",170,49,12,37,121,95,26
"2011","E00009904","E00009904","Total",185,55,19,36,130,98,32
"2011","E00170302","E00170302","Total",134,32,7,25,102,90,12
"2011","E00170303","E00170303","Total",191,48,19,29,143,117,26
"2011","E00170304","E00170304","Total",190,26,8,18,164,144,20
"2011","E00010511","E00010511","Total",139,51,15,36,88,80,8
"2011","E00010512","E00010512","Total",160,53,24,29,107,95,12
"2011","E00010515","E00010515","Total",173,54,18,36,119,101,18
"2011","E00010516","E00010516","Total",152,54,17,37,98,85,13
"2011","E00010519","E00010519","Total",104,38,10,28,66,57,9
"2011","E00010520","E00010520","Total",122,41,13,28,81,67,14
"2011","E00010521","E00010521","Total",136,48,11,37,88,72,16
"2011","E00010524","E00010524","Total",111,44,12,32,67,62,5
"2011","E00010527","E00010527","Total",144,38,12,26,106,100,6
"2011","E00010498","E00010498","Total",161,58,23,35,103,87,16
"2011","E00010526","E00010526","Total",147,59,19,40,88,79,9
"2011","E00010529","E00010529","Total",119,38,12,26,81,65,16
"2011","E00010530","E00010530","Total",141,50,16,34,91,79,12
"2011","E00010497","E00010497","Total",96,43,12,31,53,47,6
"2011","E00010504","E00010504","Total",120,52,20,32,68,58,10
"2011","E00010505","E00010505","Total",129,44,17,27,85,71,14
"2011","E00010507","E00010507","Total",135,51,17,34,84,67,17
"2011","E00010510","E00010510","Total",124,36,13,23,88,75,13
"2011","E00010513","E00010513","Total",89,38,10,28,51,45,6
"2011","E00010514","E00010514","Total",153,48,11,37,105,84,21
"2011","E00010517","E00010517","Total",99,41,14,27,58,54,4
"2011","E00010523","E00010523","Total",106,33,15,18,73,62,11
"2011","E00010525","E00010525","Total",108,44,17,27,64,51,13
"2011","E00010495","E00010495","Total",114,35,8,27,79,68,11
"2011","E00010501","E00010501","Total",148,33,10,23,115,100,15
"2011","E00010518","E00010518","Total",101,46,18,28,55,47,8
"2011","E00010522","E00010522","Total",194,73,22,51,121,106,15
"2011","E00010528","E00010528","Total",96,24,6,18,72,65,7
"2011","E00010496","E00010496","Total",152,59,18,41,93,84,9
"2011","E00010499","E00010499","Total",130,58,16,42,72,62,10
"2011","E00010500","E00010500","Total",135,58,14,44,77,68,9
"2011","E00010508","E00010508","Total",153,51,16,35,102,90,12
"2011","E00010494","E00010494","Total",110,33,10,23,77,65,12
"2011","E00010502","E00010502","Total",111,41,12,29,70,60,10
"2011","E00010503","E00010503","Total",132,49,15,34,83,76,7
"2011","E00010506","E00010506","Total",110,41,17,24,69,58,11
"2011","E00010509","E00010509","Total",144,52,14,38,92,80,12
"2011","E00010531","E00010531","Total",123,28,10,18,95,77,18
"2011","E00010560","E00010560","Total",135,34,13,21,101,84,17
"2011","E00010561","E00010561","Total",151,42,20,22,109,91,18
"2011","E00010565","E00010565","Total",187,39,11,28,148,129,19
"2011","E00010567","E00010567","Total",191,45,16,29,146,107,39
"2011","E00010536","E00010536","Total",166,39,16,23,127,116,11
"2011","E00010537","E00010537","Total",197,61,15,46,136,117,19
"2011","E00010538","E00010538","Total",180,48,17,31,132,108,24
"2011","E00010539","E00010539","Total",249,74,13,61,175,148,27
"2011","E00010540","E00010540","Total",187,60,19,41,127,107,20
"2011","E00010535","E00010535","Total",183,64,22,42,119,94,25
"2011","E00010541","E00010541","Total",187,51,18,33,136,116,20
"2011","E00010542","E00010542","Total",181,34,13,21,147,122,25
"2011","E00010543","E00010543","Total",204,65,26,39,139,113,26
"2011","E00010546","E00010546","Total",230,50,16,34,180,139,41
"2011","E00010532","E00010532","Total",169,43,12,31,126,108,18
"2011","E00010548","E00010548","Total",163,45,17,28,118,105,13
"2011","E00010549","E00010549","Total",206,56,20,36,150,133,17
"2011","E00010564","E00010564","Total",191,54,22,32,137,116,21
"2011","E00010566","E00010566","Total",212,63,20,43,149,128,21
"2011","E00010568","E00010568","Total",186,46,15,31,140,110,30
"2011","E00010550","E00010550","Total",127,52,15,37,75,67,8
"2011","E00010552","E00010552","Total",161,55,16,39,106,99,7
"2011","E00010554","E00010554","Total",97,52,24,28,45,38,7
"2011","E00010558","E00010558","Total",227,62,26,36,165,140,25
"2011","E00010563","E00010563","Total",169,50,14,36,119,104,15
"2011","E00010533","E00010533","Total",184,56,19,37,128,114,14
"2011","E00010551","E00010551","Total",194,63,26,37,131,115,16
"2011","E00010559","E00010559","Total",262,81,23,58,181,166,15
"2011","E00010562","E00010562","Total",204,58,15,43,146,121,25
"2011","E00010545","E00010545","Total",219,48,10,38,171,145,26
"2011","E00010547","E00010547","Total",230,72,29,43,158,134,24
"2011","E00010553","E00010553","Total",271,86,28,58,185,164,21
"2011","E00010555","E00010555","Total",196,57,24,33,139,113,26
"2011","E00010534","E00010534","Total",135,53,18,35,82,72,10
"2011","E00010544","E00010544","Total",183,68,20,48,115,101,14
"2011","E00010556","E00010556","Total",206,63,14,49,143,119,24
"2011","E00010557","E00010557","Total",154,53,19,34,101,82,19
"2011","E00009844","E00009844","Total",193,55,19,36,138,92,46
"2011","E00009846","E00009846","Total",182,50,15,35,132,96,36
"2011","E00009850","E00009850","Total",157,45,11,34,112,86,26
"2011","E00009855","E00009855","Total",222,56,22,34,166,127,39
"2011","E00009866","E00009866","Total",189,63,23,40,126,90,36
"2011","E00009835","E00009835","Total",181,53,17,36,128,96,32
"2011","E00009842","E00009842","Total",173,30,9,21,143,120,23
"2011","E00009845","E00009845","Total",184,48,23,25,136,118,18
"2011","E00009853","E00009853","Total",159,40,18,22,119,92,27
"2011","E00009856","E00009856","Total",247,57,16,41,190,148,42
"2011","E00009837","E00009837","Total",121,28,9,19,93,74,19
"2011","E00009838","E00009838","Total",214,44,12,32,170,126,44
"2011","E00009839","E00009839","Total",195,37,13,24,158,131,27
"2011","E00009841","E00009841","Total",184,48,18,30,136,98,38
"2011","E00009847","E00009847","Total",206,53,13,40,153,112,41
"2011","E00009849","E00009849","Total",189,50,14,36,139,113,26
"2011","E00009851","E00009851","Total",220,70,33,37,150,102,48
"2011","E00009852","E00009852","Total",219,53,22,31,166,124,42
"2011","E00009857","E00009857","Total",162,45,22,23,117,72,45
"2011","E00010182","E00010182","Total",184,61,21,40,123,103,20
"2011","E00010183","E00010183","Total",176,42,10,32,134,121,13
"2011","E00010185","E00010185","Total",211,40,15,25,171,140,31
"2011","E00010212","E00010212","Total",180,79,28,51,101,89,12
"2011","E00010184","E00010184","Total",218,72,22,50,146,118,28
"2011","E00010199","E00010199","Total",135,30,8,22,105,95,10
"2011","E00010201","E00010201","Total",189,58,17,41,131,110,21
"2011","E00010202","E00010202","Total",182,58,15,43,124,105,19
"2011","E00010210","E00010210","Total",169,45,14,31,124,103,21
"2011","E00010177","E00010177","Total",125,31,8,23,94,79,15
"2011","E00010196","E00010196","Total",145,48,13,35,97,80,17
"2011","E00010197","E00010197","Total",135,42,12,30,93,81,12
"2011","E00010198","E00010198","Total",141,55,13,42,86,81,5
"2011","E00010206","E00010206","Total",121,42,17,25,79,71,8
"2011","E00010207","E00010207","Total",133,48,14,34,85,72,13
"2011","E00010200","E00010200","Total",188,58,14,44,130,110,20
"2011","E00010205","E00010205","Total",156,49,18,31,107,91,16
"2011","E00010208","E00010208","Total",134,35,12,23,99,85,14
"2011","E00010209","E00010209","Total",177,60,22,38,117,101,16
"2011","E00010211","E00010211","Total",141,47,21,26,94,86,8
"2011","E00009932","E00009932","Total",147,39,5,34,108,93,15
"2011","E00009933","E00009933","Total",115,52,14,38,63,56,7
"2011","E00009934","E00009934","Total",167,58,13,45,109,88,21
"2011","E00009937","E00009937","Total",131,32,9,23,99,82,17
"2011","E00009942","E00009942","Total",135,52,10,42,83,75,8
"2011","E00009929","E00009929","Total",133,51,11,40,82,69,13
"2011","E00009930","E00009930","Total",142,37,11,26,105,87,18
"2011","E00009931","E00009931","Total",89,29,6,23,60,52,8
"2011","E00009935","E00009935","Total",124,46,13,33,78,71,7
"2011","E00009938","E00009938","Total",147,54,11,43,93,80,13
"2011","E00009907","E00009907","Total",151,54,11,43,97,83,14
"2011","E00009908","E00009908","Total",125,36,14,22,89,76,13
"2011","E00009927","E00009927","Total",198,78,20,58,120,104,16
"2011","E00009928","E00009928","Total",193,59,23,36,134,117,17
"2011","E00009936","E00009936","Total",98,37,6,31,61,49,12
"2011","E00009915","E00009915","Total",205,71,17,54,134,108,26
"2011","E00009924","E00009924","Total",153,59,20,39,94,73,21
"2011","E00009939","E00009939","Total",164,52,22,30,112,89,23
"2011","E00009940","E00009940","Total",162,54,16,38,108,95,13
"2011","E00009944","E00009944","Total",141,44,9,35,97,79,18
"2011","E00010423","E00010423","Total",151,49,12,37,102,94,8
"2011","E00010424","E00010424","Total",132,49,12,37,83,75,8
"2011","E00010426","E00010426","Total",104,38,4,34,66,59,7
"2011","E00010428","E00010428","Total",140,44,12,32,96,91,5
"2011","E00010429","E00010429","Total",152,45,11,34,107,94,13
"2011","E00010433","E00010433","Total",77,32,11,21,45,41,4
"2011","E00010432","E00010432","Total",130,59,12,47,71,61,10
"2011","E00010436","E00010436","Total",257,77,27,50,180,156,24
"2011","E00010444","E00010444","Total",112,43,14,29,69,56,13
"2011","E00010446","E00010446","Total",138,66,23,43,72,68,4
"2011","E00010449","E00010449","Total",141,55,14,41,86,79,7
"2011","E00010438","E00010438","Total",172,53,16,37,119,108,11
"2011","E00010442","E00010442","Total",189,55,16,39,134,118,16
"2011","E00010443","E00010443","Total",151,51,8,43,100,89,11
"2011","E00010445","E00010445","Total",178,53,14,39,125,108,17
"2011","E00010451","E00010451","Total",85,40,9,31,45,45,0
"2011","E00010452","E00010452","Total",157,56,16,40,101,95,6
"2011","E00010453","E00010453","Total",115,41,11,30,74,70,4
"2011","E00010454","E00010454","Total",112,49,12,37,63,57,6
"2011","E00010455","E00010455","Total",129,48,15,33,81,74,7
"2011","E00010458","E00010458","Total",134,62,16,46,72,67,5
"2011","E00010465","E00010465","Total",121,56,22,34,65,57,8
"2011","E00010467","E00010467","Total",125,52,20,32,73,62,11
"2011","E00010469","E00010469","Total",123,47,17,30,76,65,11
"2011","E00010477","E00010477","Total",100,44,14,30,56,48,8
"2011","E00010478","E00010478","Total",134,54,9,45,80,72,8
"2011","E00010483","E00010483","Total",152,51,12,39,101,80,21
"2011","E00010485","E00010485","Total",171,42,12,30,129,101,28
"2011","E00010492","E00010492","Total",155,40,10,30,115,101,14
"2011","E00010456","E00010456","Total",216,64,27,37,152,125,27
"2011","E00010464","E00010464","Total",186,40,17,23,146,117,29
"2011","E00010466","E00010466","Total",114,40,12,28,74,62,12
"2011","E00010471","E00010471","Total",189,45,7,38,144,118,26
"2011","E00010476","E00010476","Total",209,56,15,41,153,120,33
"2011","E00010468","E00010468","Total",174,72,23,49,102,95,7
"2011","E00010470","E00010470","Total",89,49,8,41,40,35,5
"2011","E00010472","E00010472","Total",67,39,14,25,28,25,3
"2011","E00010473","E00010473","Total",62,21,8,13,41,35,6
"2011","E00010475","E00010475","Total",77,33,12,21,44,37,7
"2011","E00009833","E00009833","Total",167,30,16,14,137,99,38
"2011","E00009854","E00009854","Total",167,40,13,27,127,86,41
"2011","E00009860","E00009860","Total",196,49,18,31,147,110,37
"2011","E00009861","E00009861","Total",147,38,16,22,109,73,36
"2011","E00009862","E00009862","Total",203,53,21,32,150,103,47
"2011","E00009832","E00009832","Total",177,36,14,22,141,108,33
"2011","E00009834","E00009834","Total",201,47,20,27,154,129,25
"2011","E00009836","E00009836","Total",140,38,8,30,102,77,25
"2011","E00009848","E00009848","Total",185,43,15,28,142,110,32
"2011","E00009858","E00009858","Total",157,39,11,28,118,94,24
"2011","E00009859","E00009859","Total",202,47,18,29,155,120,35
"2011","E00009989","E00009989","Total",123,32,12,20,91,68,23
"2011","E00009992","E00009992","Total",200,55,21,34,145,110,35
"2011","E00010002","E00010002","Total",103,26,7,19,77,57,20
"2011","E00010023","E00010023","Total",147,35,14,21,112,91,21
"2011","E00010024","E00010024","Total",190,45,27,18,145,114,31
"2011","E00010025","E00010025","Total",138,28,10,18,110,97,13
"2011","E00009995","E00009995","Total",178,43,19,24,135,103,32
"2011","E00009997","E00009997","Total",261,42,14,28,219,169,50
"2011","E00009998","E00009998","Total",217,39,9,30,178,120,58
"2011","E00010001","E00010001","Total",189,48,22,26,141,100,41
"2011","E00010026","E00010026","Total",161,26,8,18,135,102,33
"2011","E00010422","E00010422","Total",194,50,24,26,144,140,4
"2011","E00010425","E00010425","Total",124,40,12,28,84,75,9
"2011","E00010427","E00010427","Total",135,49,13,36,86,70,16
"2011","E00010430","E00010430","Total",155,59,20,39,96,80,16
"2011","E00010439","E00010439","Total",51,22,6,16,29,25,4
"2011","E00010431","E00010431","Total",122,52,12,40,70,65,5
"2011","E00010435","E00010435","Total",147,53,10,43,94,86,8
"2011","E00010437","E00010437","Total",152,47,17,30,105,94,11
"2011","E00010440","E00010440","Total",145,45,11,34,100,92,8
"2011","E00010441","E00010441","Total",175,52,11,41,123,111,12
"2011","E00010416","E00010416","Total",147,23,5,18,124,111,13
"2011","E00010417","E00010417","Total",166,50,15,35,116,101,15
"2011","E00010418","E00010418","Total",141,36,7,29,105,93,12
"2011","E00010419","E00010419","Total",123,41,17,24,82,62,20
"2011","E00010420","E00010420","Total",110,40,12,28,70,67,3
"2011","E00010421","E00010421","Total",169,67,19,48,102,92,10
"2011","E00010434","E00010434","Total",109,25,8,17,84,69,15
"2011","E00010415","E00010415","Total",158,46,14,32,112,99,13
"2011","E00010447","E00010447","Total",197,56,14,42,141,126,15
"2011","E00010448","E00010448","Total",177,47,8,39,130,111,19
"2011","E00010450","E00010450","Total",189,67,20,47,122,107,15
"2011","E00010176","E00010176","Total",145,49,9,40,96,87,9
"2011","E00010179","E00010179","Total",82,36,12,24,46,42,4
"2011","E00010181","E00010181","Total",106,36,5,31,70,62,8
"2011","E00010186","E00010186","Total",109,44,18,26,65,57,8
"2011","E00010203","E00010203","Total",165,53,20,33,112,93,19
"2011","E00010175","E00010175","Total",247,69,28,41,178,144,34
"2011","E00010178","E00010178","Total",147,52,15,37,95,80,15
"2011","E00010180","E00010180","Total",161,42,10,32,119,102,17
"2011","E00010204","E00010204","Total",224,78,22,56,146,132,14
"2011","E00010187","E00010187","Total",250,61,17,44,189,156,33
"2011","E00010189","E00010189","Total",203,50,17,33,153,117,36
"2011","E00010192","E00010192","Total",223,70,18,52,153,129,24
"2011","E00010193","E00010193","Total",169,49,17,32,120,99,21
"2011","E00010188","E00010188","Total",167,49,11,38,118,101,17
"2011","E00010190","E00010190","Total",175,54,15,39,121,107,14
"2011","E00010191","E00010191","Total",206,57,22,35,149,128,21
"2011","E00010194","E00010194","Total",302,115,37,78,187,167,20
"2011","E00010195","E00010195","Total",157,42,20,22,115,99,16
"2011","E00009996","E00009996","Total",180,43,20,23,137,102,35
"2011","E00009999","E00009999","Total",156,32,12,20,124,92,32
"2011","E00010000","E00010000","Total",126,18,4,14,108,85,23
"2011","E00010004","E00010004","Total",191,28,9,19,163,124,39
"2011","E00010005","E00010005","Total",161,41,13,28,120,93,27
"2011","E00010007","E00010007","Total",168,44,17,27,124,103,21
"2011","E00009991","E00009991","Total",155,32,15,17,123,90,33
"2011","E00009993","E00009993","Total",140,45,25,20,95,60,35
"2011","E00009994","E00009994","Total",185,72,27,45,113,75,38
"2011","E00010003","E00010003","Total",111,22,8,14,89,70,19
"2011","E00010009","E00010009","Total",172,37,13,24,135,106,29
"2011","E00010010","E00010010","Total",136,33,14,19,103,84,19
"2011","E00009990","E00009990","Total",92,24,9,15,68,50,18
"2011","E00010006","E00010006","Total",169,43,17,26,126,89,37
"2011","E00010008","E00010008","Total",199,66,22,44,133,78,55
"2011","E00010011","E00010011","Total",131,41,12,29,90,53,37
"2011","E00010012","E00010012","Total",195,64,33,31,131,85,46
"2011","E00009988","E00009988","Total",153,42,13,29,111,85,26
"2011","E00010019","E00010019","Total",122,39,10,29,83,67,16
"2011","E00010021","E00010021","Total",95,31,6,25,64,58,6
"2011","E00010022","E00010022","Total",139,43,10,33,96,78,18
"2011","E00170306","E00170306","Total",110,32,10,22,78,63,15
"2011","E00170309","E00170309","Total",156,41,11,30,115,90,25
"2011","E00170310","E00170310","Total",122,35,8,27,87,67,20
"2011","E00170311","E00170311","Total",154,28,12,16,126,93,33
"2011","E00009910","E00009910","Total",216,73,13,60,143,121,22
"2011","E00009914","E00009914","Total",125,33,8,25,92,77,15
"2011","E00009920","E00009920","Total",208,74,26,48,134,111,23
"2011","E00009941","E00009941","Total",161,44,12,32,117,101,16
"2011","E00009943","E00009943","Total",195,54,15,39,141,119,22
"2011","E00009909","E00009909","Total",179,53,16,37,126,109,17
"2011","E00009913","E00009913","Total",191,54,18,36,137,114,23
"2011","E00009922","E00009922","Total",191,58,14,44,133,114,19
"2011","E00009926","E00009926","Total",231,64,22,42,167,139,28
"2011","E00009906","E00009906","Total",168,45,14,31,123,104,19
"2011","E00009912","E00009912","Total",127,37,9,28,90,71,19
"2011","E00009919","E00009919","Total",200,53,18,35,147,121,26
"2011","E00009921","E00009921","Total",190,57,20,37,133,113,20
"2011","E00009923","E00009923","Total",190,57,15,42,133,117,16
"2011","E00009911","E00009911","Total",153,52,13,39,101,91,10
"2011","E00009916","E00009916","Total",192,55,9,46,137,114,23
"2011","E00009917","E00009917","Total",135,42,12,30,93,77,16
"2011","E00009918","E00009918","Total",165,57,15,42,108,90,18
"2011","E00009925","E00009925","Total",146,43,12,31,103,88,15
"2011","E00010457","E00010457","Total",172,47,14,33,125,99,26
"2011","E00010474","E00010474","Total",165,51,13,38,114,96,18
"2011","E00010480","E00010480","Total",201,66,37,29,135,113,22
"2011","E00010482","E00010482","Total",228,70,19,51,158,134,24
"2011","E00010461","E00010461","Total",167,45,12,33,122,108,14
"2011","E00010479","E00010479","Total",199,62,20,42,137,117,20
"2011","E00010481","E00010481","Total",147,40,12,28,107,91,16
"2011","E00010487","E00010487","Total",144,51,23,28,93,83,10
"2011","E00010488","E00010488","Total",182,42,14,28,140,115,25
"2011","E00010459","E00010459","Total",185,57,20,37,128,107,21
"2011","E00010484","E00010484","Total",212,49,18,31,163,138,25
"2011","E00010486","E00010486","Total",300,79,27,52,221,196,25
"2011","E00010490","E00010490","Total",178,49,19,30,129,106,23
"2011","E00010491","E00010491","Total",214,69,23,46,145,123,22
"2011","E00010460","E00010460","Total",185,69,17,52,116,94,22
"2011","E00010462","E00010462","Total",154,46,12,34,108,81,27
"2011","E00010463","E00010463","Total",138,54,21,33,84,66,18
"2011","E00010489","E00010489","Total",183,40,7,33,143,121,22
"2011","E00010493","E00010493","Total",132,27,7,20,105,90,15
"2011","E00010127","E00010127","Total",162,29,4,25,133,108,25
"2011","E00010128","E00010128","Total",211,52,16,36,159,115,44
"2011","E00010131","E00010131","Total",190,35,10,25,155,127,28
"2011","E00010132","E00010132","Total",164,42,11,31,122,84,38
"2011","E00010133","E00010133","Total",162,25,9,16,137,115,22
"2011","E00010134","E00010134","Total",127,25,8,17,102,86,16
"2011","E00010108","E00010108","Total",125,32,7,25,93,76,17
"2011","E00010135","E00010135","Total",145,37,10,27,108,89,19
"2011","E00010136","E00010136","Total",144,37,6,31,107,82,25
"2011","E00010137","E00010137","Total",126,36,13,23,90,74,16
"2011","E00010139","E00010139","Total",176,45,11,34,131,104,27
"2011","E00010114","E00010114","Total",61,21,6,15,40,35,5
"2011","E00010116","E00010116","Total",134,33,13,20,101,81,20
"2011","E00010117","E00010117","Total",153,42,7,35,111,90,21
"2011","E00010118","E00010118","Total",171,40,9,31,131,104,27
"2011","E00010123","E00010123","Total",156,48,14,34,108,90,18
"2011","E00170298","E00170298","Total",163,25,6,19,138,102,36
"2011","E00170312","E00170312","Total",174,34,8,26,140,110,30
"2011","E00170313","E00170313","Total",205,16,5,11,189,141,48
"2011","E00170314","E00170314","Total",144,34,17,17,110,79,31
"2011","E00170315","E00170315","Total",136,16,6,10,120,94,26
"2011","E00170316","E00170316","Total",143,19,5,14,124,88,36
"2011","E00170322","E00170322","Total",126,57,13,44,69,59,10
"2011","E00010115","E00010115","Total",92,44,16,28,48,37,11
"2011","E00010119","E00010119","Total",107,33,6,27,74,55,19
"2011","E00010120","E00010120","Total",80,32,10,22,48,36,12
"2011","E00010124","E00010124","Total",94,26,11,15,68,60,8
"2011","E00010141","E00010141","Total",162,45,7,38,117,93,24
"2011","E00010145","E00010145","Total",152,39,14,25,113,87,26
"2011","E00010149","E00010149","Total",202,36,14,22,166,120,46
"2011","E00010153","E00010153","Total",115,31,7,24,84,62,22
"2011","E00010155","E00010155","Total",154,32,10,22,122,98,24
"2011","E00010173","E00010173","Total",116,46,12,34,70,53,17
"2011","E00010142","E00010142","Total",310,60,28,32,250,202,48
"2011","E00010150","E00010150","Total",254,51,11,40,203,149,54
"2011","E00010151","E00010151","Total",166,17,6,11,149,129,20
"2011","E00010154","E00010154","Total",167,39,10,29,128,90,38
"2011","E00010165","E00010165","Total",175,40,13,27,135,111,24
"2011","E00010174","E00010174","Total",197,36,11,25,161,129,32
"2011","E00010140","E00010140","Total",196,52,17,35,144,94,50
"2011","E00010143","E00010143","Total",185,34,10,24,151,109,42
"2011","E00010146","E00010146","Total",122,39,13,26,83,60,23
"2011","E00010160","E00010160","Total",134,29,10,19,105,73,32
"2011","E00010161","E00010161","Total",166,37,11,26,129,84,45
"2011","E00010164","E00010164","Total",171,50,10,40,121,76,45
"2011","E00010166","E00010166","Total",176,38,15,23,138,84,54
"2011","E00010167","E00010167","Total",188,47,13,34,141,98,43
"2011","E00010168","E00010168","Total",183,42,12,30,141,101,40
"2011","E00010171","E00010171","Total",224,57,26,31,167,127,40
"2011","E00010121","E00010121","Total",122,41,13,28,81,67,14
"2011","E00010122","E00010122","Total",172,34,15,19,138,108,30
"2011","E00010125","E00010125","Total",182,37,12,25,145,111,34
"2011","E00010126","E00010126","Total",166,39,10,29,127,95,32
"2011","E00010130","E00010130","Total",174,22,8,14,152,115,37
"2011","E00010156","E00010156","Total",163,51,22,29,112,70,42
"2011","E00010157","E00010157","Total",195,52,16,36,143,102,41
"2011","E00010162","E00010162","Total",195,40,12,28,155,117,38
"2011","E00010163","E00010163","Total",190,46,17,29,144,101,43
"2011","E00010144","E00010144","Total",147,35,13,22,112,89,23
"2011","E00010147","E00010147","Total",177,49,14,35,128,93,35
"2011","E00010148","E00010148","Total",80,21,4,17,59,32,27
"2011","E00010152","E00010152","Total",211,48,23,25,163,125,38
"2011","E00010159","E00010159","Total",193,48,20,28,145,103,42
"2011","E00010158","E00010158","Total",238,68,24,44,170,117,53
"2011","E00010169","E00010169","Total",215,41,12,29,174,140,34
"2011","E00010170","E00010170","Total",94,23,12,11,71,47,24
"2011","E00010172","E00010172","Total",150,34,13,21,116,94,22
"2011","E00010032","E00010032","Total",191,45,18,27,146,120,26
"2011","E00010033","E00010033","Total",308,72,22,50,236,181,55
"2011","E00010035","E00010035","Total",282,60,15,45,222,180,42
"2011","E00010038","E00010038","Total",235,42,10,32,193,156,37
"2011","E00010041","E00010041","Total",238,44,16,28,194,160,34
"2011","E00010040","E00010040","Total",252,52,12,40,200,156,44
"2011","E00010047","E00010047","Total",176,32,11,21,144,123,21
"2011","E00010049","E00010049","Total",224,61,26,35,163,129,34
"2011","E00010052","E00010052","Total",188,41,13,28,147,122,25
"2011","E00010055","E00010055","Total",293,82,30,52,211,168,43
"2011","E00010027","E00010027","Total",219,61,21,40,158,137,21
"2011","E00010031","E00010031","Total",256,98,22,76,158,133,25
"2011","E00010034","E00010034","Total",204,69,23,46,135,107,28
"2011","E00010036","E00010036","Total",212,79,21,58,133,108,25
"2011","E00010039","E00010039","Total",152,58,18,40,94,79,15
"2011","E00010037","E00010037","Total",193,47,19,28,146,115,31
"2011","E00010042","E00010042","Total",280,67,21,46,213,176,37
"2011","E00010043","E00010043","Total",176,44,18,26,132,118,14
"2011","E00010044","E00010044","Total",199,44,10,34,155,126,29
"2011","E00010045","E00010045","Total",185,45,19,26,140,110,30
"2011","E00010380","E00010380","Total",181,59,11,48,122,106,16
"2011","E00010406","E00010406","Total",185,48,15,33,137,110,27
"2011","E00010409","E00010409","Total",169,59,21,38,110,96,14
"2011","E00010410","E00010410","Total",92,38,9,29,54,50,4
"2011","E00010413","E00010413","Total",101,39,12,27,62,49,13
"2011","E00010374","E00010374","Total",212,75,23,52,137,112,25
"2011","E00010375","E00010375","Total",179,65,28,37,114,99,15
"2011","E00010382","E00010382","Total",98,26,4,22,72,62,10
"2011","E00010385","E00010385","Total",133,45,6,39,88,75,13
"2011","E00010386","E00010386","Total",168,50,12,38,118,100,18
"2011","E00010407","E00010407","Total",129,50,13,37,79,69,10
"2011","E00010384","E00010384","Total",156,51,20,31,105,91,14
"2011","E00010389","E00010389","Total",190,53,17,36,137,117,20
"2011","E00010391","E00010391","Total",244,61,11,50,183,154,29
"2011","E00010399","E00010399","Total",204,42,11,31,162,139,23
"2011","E00010411","E00010411","Total",196,57,13,44,139,113,26
"2011","E00010390","E00010390","Total",156,56,15,41,100,91,9
"2011","E00010395","E00010395","Total",204,60,17,43,144,119,25
"2011","E00010396","E00010396","Total",102,41,11,30,61,53,8
"2011","E00010401","E00010401","Total",118,30,5,25,88,75,13
"2011","E00010402","E00010402","Total",189,55,16,39,134,118,16
"2011","E00010378","E00010378","Total",122,43,17,26,79,69,10
"2011","E00010383","E00010383","Total",112,36,8,28,76,69,7
"2011","E00010404","E00010404","Total",121,43,8,35,78,70,8
"2011","E00010405","E00010405","Total",120,35,9,26,85,70,15
"2011","E00170305","E00170305","Total",124,35,10,25,89,76,13
"2011","E00170319","E00170319","Total",146,37,12,25,109,95,14
"2011","E00010373","E00010373","Total",142,45,10,35,97,78,19
"2011","E00010376","E00010376","Total",222,45,10,35,177,143,34
"2011","E00010377","E00010377","Total",135,49,20,29,86,80,6
"2011","E00010381","E00010381","Total",135,40,10,30,95,75,20
"2011","E00010412","E00010412","Total",158,59,22,37,99,84,15
"2011","E00010414","E00010414","Total",138,38,7,31,100,82,18
"2011","E00010379","E00010379","Total",129,46,11,35,83,68,15
"2011","E00010387","E00010387","Total",138,56,24,32,82,73,9
"2011","E00010388","E00010388","Total",153,45,12,33,108,101,7
"2011","E00010392","E00010392","Total",88,40,8,32,48,42,6
"2011","E00010393","E00010393","Total",123,42,8,34,81,69,12
"2011","E00010394","E00010394","Total",178,45,14,31,133,114,19
"2011","E00010397","E00010397","Total",129,45,16,29,84,76,8
"2011","E00010398","E00010398","Total",144,46,9,37,98,88,10
"2011","E00010400","E00010400","Total",131,56,15,41,75,63,12
"2011","E00010403","E00010403","Total",189,68,22,46,121,106,15
"2011","E00010258","E00010258","Total",153,55,13,42,98,83,15
"2011","E00010266","E00010266","Total",224,66,10,56,158,127,31
"2011","E00010269","E00010269","Total",183,53,18,35,130,116,14
"2011","E00010290","E00010290","Total",198,65,29,36,133,112,21
"2011","E00010292","E00010292","Total",210,52,18,34,158,137,21
"2011","E00010256","E00010256","Total",195,51,12,39,144,126,18
"2011","E00010257","E00010257","Total",120,49,10,39,71,58,13
"2011","E00010265","E00010265","Total",176,52,12,40,124,109,15
"2011","E00010267","E00010267","Total",131,41,9,32,90,76,14
"2011","E00170317","E00170317","Total",144,52,12,40,92,74,18
"2011","E00170318","E00170318","Total",161,57,16,41,104,81,23
"2011","E00010264","E00010264","Total",97,35,10,25,62,54,8
"2011","E00010273","E00010273","Total",116,47,15,32,69,58,11
"2011","E00010274","E00010274","Total",185,53,15,38,132,102,30
"2011","E00010275","E00010275","Total",145,48,16,32,97,84,13
"2011","E00010276","E00010276","Total",183,62,26,36,121,104,17
"2011","E00010254","E00010254","Total",162,67,21,46,95,83,12
"2011","E00010262","E00010262","Total",150,47,20,27,103,85,18
"2011","E00010263","E00010263","Total",193,59,24,35,134,116,18
"2011","E00010288","E00010288","Total",114,40,16,24,74,63,11
"2011","E00010291","E00010291","Total",187,40,13,27,147,126,21
"2011","E00010268","E00010268","Total",207,57,25,32,150,126,24
"2011","E00010270","E00010270","Total",219,87,36,51,132,115,17
"2011","E00010271","E00010271","Total",203,70,28,42,133,106,27
"2011","E00010279","E00010279","Total",175,45,21,24,130,109,21
"2011","E00010272","E00010272","Total",201,56,26,30,145,127,18
"2011","E00010277","E00010277","Total",156,34,12,22,122,103,19
"2011","E00010278","E00010278","Total",206,47,17,30,159,139,20
"2011","E00010280","E00010280","Total",206,34,18,16,172,155,17
"2011","E00010281","E00010281","Total",203,56,22,34,147,121,26
"2011","E00010282","E00010282","Total",202,65,22,43,137,103,34
"2011","E00010283","E00010283","Total",170,49,12,37,121,106,15
"2011","E00010284","E00010284","Total",140,43,19,24,97,86,11
"2011","E00010285","E00010285","Total",243,70,28,42,173,146,27
"2011","E00010286","E00010286","Total",189,53,24,29,136,104,32
"2011","E00010259","E00010259","Total",223,49,19,30,174,147,27
"2011","E00010260","E00010260","Total",194,33,9,24,161,135,26
"2011","E00010261","E00010261","Total",202,58,13,45,144,125,19
"2011","E00010287","E00010287","Total",260,68,19,49,192,158,34
"2011","E00010289","E00010289","Total",100,41,15,26,59,46,13
"2011","E00010104","E00010104","Total",242,57,18,39,185,153,32
"2011","E00010105","E00010105","Total",267,69,12,57,198,155,43
"2011","E00010106","E00010106","Total",325,53,16,37,272,229,43
"2011","E00010107","E00010107","Total",119,41,13,28,78,65,13
"2011","E00010109","E00010109","Total",181,37,9,28,144,118,26
"2011","E00010103","E00010103","Total",183,40,11,29,143,116,27
"2011","E00010110","E00010110","Total",269,108,38,70,161,135,26
"2011","E00010111","E00010111","Total",172,36,11,25,136,109,27
"2011","E00010112","E00010112","Total",182,45,14,31,137,110,27
"2011","E00010138","E00010138","Total",237,56,18,38,181,140,41
"2011","E00010339","E00010339","Total",190,43,13,30,147,108,39
"2011","E00010343","E00010343","Total",145,41,16,25,104,91,13
"2011","E00010344","E00010344","Total",157,35,10,25,122,100,22
"2011","E00010371","E00010371","Total",190,34,13,21,156,115,41
"2011","E00010372","E00010372","Total",156,31,6,25,125,99,26
"2011","E00010334","E00010334","Total",202,35,5,30,167,125,42
"2011","E00010338","E00010338","Total",204,40,11,29,164,133,31
"2011","E00010340","E00010340","Total",208,42,9,33,166,141,25
"2011","E00010341","E00010341","Total",247,58,17,41,189,131,58
"2011","E00010342","E00010342","Total",239,42,17,25,197,155,42
"2011","E00010301","E00010301","Total",153,79,28,51,74,70,4
"2011","E00010303","E00010303","Total",159,96,15,81,63,53,10
"2011","E00010330","E00010330","Total",184,65,17,48,119,110,9
"2011","E00010332","E00010332","Total",153,57,15,42,96,87,9
"2011","E00010296","E00010296","Total",205,69,14,55,136,118,18
"2011","E00010300","E00010300","Total",172,65,13,52,107,87,20
"2011","E00010304","E00010304","Total",155,54,22,32,101,88,13
"2011","E00010309","E00010309","Total",104,40,11,29,64,60,4
"2011","E00010331","E00010331","Total",176,62,12,50,114,97,17
"2011","E00010299","E00010299","Total",153,95,20,75,58,52,6
"2011","E00010320","E00010320","Total",168,98,18,80,70,58,12
"2011","E00010329","E00010329","Total",172,74,23,51,98,84,14
"2011","E00010333","E00010333","Total",145,72,15,57,73,65,8
"2011","E00010293","E00010293","Total",128,37,9,28,91,76,15
"2011","E00010307","E00010307","Total",169,83,12,71,86,77,9
"2011","E00010317","E00010317","Total",155,83,23,60,72,59,13
"2011","E00010324","E00010324","Total",170,49,13,36,121,109,12
"2011","E00010013","E00010013","Total",136,46,18,28,90,50,40
"2011","E00010014","E00010014","Total",116,34,17,17,82,47,35
"2011","E00010015","E00010015","Total",148,37,16,21,111,77,34
"2011","E00010016","E00010016","Total",166,32,12,20,134,88,46
"2011","E00010017","E00010017","Total",187,26,12,14,161,122,39
"2011","E00010018","E00010018","Total",245,55,15,40,190,153,37
"2011","E00010064","E00010064","Total",180,53,19,34,127,73,54
"2011","E00010067","E00010067","Total",119,29,14,15,90,44,46
"2011","E00010078","E00010078","Total",178,37,13,24,141,93,48
"2011","E00010084","E00010084","Total",133,35,12,23,98,62,36
"2011","E00010089","E00010089","Total",150,41,16,25,109,77,32
"2011","E00010072","E00010072","Total",122,30,11,19,92,75,17
"2011","E00010073","E00010073","Total",115,34,12,22,81,57,24
"2011","E00010079","E00010079","Total",197,40,12,28,157,111,46
"2011","E00010093","E00010093","Total",154,44,19,25,110,67,43
"2011","E00010100","E00010100","Total",159,36,13,23,123,89,34
"2011","E00010102","E00010102","Total",106,30,13,17,76,58,18
"2011","E00010069","E00010069","Total",166,38,10,28,128,94,34
"2011","E00010070","E00010070","Total",221,56,14,42,165,102,63
"2011","E00010071","E00010071","Total",207,47,14,33,160,103,57
"2011","E00010077","E00010077","Total",108,20,8,12,88,69,19
"2011","E00010099","E00010099","Total",154,32,13,19,122,91,31
"2011","E00010101","E00010101","Total",167,33,13,20,134,85,49
"2011","E00010046","E00010046","Total",139,35,11,24,104,84,20
"2011","E00010048","E00010048","Total",160,40,12,28,120,95,25
"2011","E00010050","E00010050","Total",162,31,11,20,131,106,25
"2011","E00010051","E00010051","Total",156,37,11,26,119,93,26
"2011","E00010053","E00010053","Total",157,20,7,13,137,101,36
"2011","E00010054","E00010054","Total",210,53,14,39,157,127,30
"2011","E00010056","E00010056","Total",229,48,22,26,181,149,32
"2011","E00010057","E00010057","Total",196,45,16,29,151,118,33
"2011","E00010059","E00010059","Total",192,27,7,20,165,131,34
"2011","E00010061","E00010061","Total",191,46,15,31,145,123,22
"2011","E00010062","E00010062","Total",197,55,20,35,142,119,23
"2011","E00010029","E00010029","Total",150,44,18,26,106,85,21
"2011","E00010030","E00010030","Total",193,52,14,38,141,115,26
"2011","E00010058","E00010058","Total",167,45,11,34,122,107,15
"2011","E00010060","E00010060","Total",238,59,13,46,179,142,37
"2011","E00170301","E00170301","Total",68,21,2,19,47,36,11
"2011","E00170307","E00170307","Total",101,26,10,16,75,71,4
"2011","E00170308","E00170308","Total",121,25,6,19,96,79,17
"2011","E00010319","E00010319","Total",161,46,17,29,115,101,14
"2011","E00010326","E00010326","Total",324,72,15,57,252,210,42
"2011","E00010327","E00010327","Total",213,36,8,28,177,143,34
"2011","E00010328","E00010328","Total",256,48,15,33,208,175,33
"2011","E00010298","E00010298","Total",148,50,10,40,98,85,13
"2011","E00010313","E00010313","Total",115,46,15,31,69,59,10
"2011","E00010316","E00010316","Total",150,48,14,34,102,92,10
"2011","E00010321","E00010321","Total",116,42,10,32,74,58,16
"2011","E00010322","E00010322","Total",206,62,20,42,144,121,23
"2011","E00010295","E00010295","Total",116,50,17,33,66,59,7
"2011","E00010297","E00010297","Total",138,50,16,34,88,81,7
"2011","E00010302","E00010302","Total",92,41,6,35,51,43,8
"2011","E00010305","E00010305","Total",181,61,18,43,120,102,18
"2011","E00010306","E00010306","Total",126,54,13,41,72,64,8
"2011","E00010308","E00010308","Total",193,50,15,35,143,116,27
"2011","E00010312","E00010312","Total",154,43,14,29,111,91,20
"2011","E00010314","E00010314","Total",86,42,19,23,44,42,2
"2011","E00010315","E00010315","Total",123,37,12,25,86,75,11
"2011","E00010323","E00010323","Total",256,63,17,46,193,159,34
"2011","E00010325","E00010325","Total",158,57,8,49,101,85,16
"2011","E00010294","E00010294","Total",193,68,15,53,125,102,23
"2011","E00010310","E00010310","Total",195,38,12,26,157,131,26
"2011","E00010311","E00010311","Total",229,73,26,47,156,134,22
"2011","E00010318","E00010318","Total",138,37,5,32,101,79,22
"2011","E00009950","E00009950","Total",173,29,5,24,144,111,33
"2011","E00009973","E00009973","Total",119,15,5,10,104,76,28
"2011","E00009978","E00009978","Total",204,33,8,25,171,148,23
"2011","E00009979","E00009979","Total",161,29,8,21,132,98,34
"2011","E00009982","E00009982","Total",152,35,16,19,117,79,38
"2011","E00170299","E00170299","Total",210,50,16,34,160,121,39
"2011","E00009952","E00009952","Total",202,43,14,29,159,118,41
"2011","E00009958","E00009958","Total",161,42,14,28,119,78,41
"2011","E00009959","E00009959","Total",147,26,7,19,121,85,36
"2011","E00009960","E00009960","Total",182,42,11,31,140,104,36
"2011","E00009965","E00009965","Total",190,38,19,19,152,110,42
"2011","E00009969","E00009969","Total",142,17,5,12,125,85,40
"2011","E00009948","E00009948","Total",156,33,17,16,123,83,40
"2011","E00009949","E00009949","Total",212,48,14,34,164,115,49
"2011","E00009955","E00009955","Total",138,24,9,15,114,85,29
"2011","E00009964","E00009964","Total",147,30,8,22,117,81,36
"2011","E00009968","E00009968","Total",132,28,8,20,104,67,37
"2011","E00009971","E00009971","Total",138,35,15,20,103,76,27
"2011","E00009974","E00009974","Total",174,37,13,24,137,91,46
"2011","E00009951","E00009951","Total",87,28,11,17,59,48,11
"2011","E00009954","E00009954","Total",257,56,15,41,201,149,52
"2011","E00009963","E00009963","Total",121,23,8,15,98,75,23
"2011","E00009983","E00009983","Total",151,27,8,19,124,82,42
"2011","E00009986","E00009986","Total",205,50,17,33,155,116,39
"2011","E00009987","E00009987","Total",178,46,16,30,132,95,37
"2011","E00009957","E00009957","Total",191,48,12,36,143,105,38
"2011","E00009961","E00009961","Total",163,37,8,29,126,87,39
"2011","E00009962","E00009962","Total",206,44,8,36,162,118,44
"2011","E00009970","E00009970","Total",231,61,15,46,170,121,49
"2011","E00009972","E00009972","Total",211,49,20,29,162,117,45
"2011","E00009946","E00009946","Total",220,33,10,23,187,136,51
"2011","E00009947","E00009947","Total",146,29,8,21,117,102,15
"2011","E00009967","E00009967","Total",209,40,14,26,169,130,39
"2011","E00009975","E00009975","Total",157,36,13,23,121,88,33
"2011","E00009976","E00009976","Total",223,37,9,28,186,145,41
"2011","E00009980","E00009980","Total",164,37,16,21,127,92,35
"2011","E00009945","E00009945","Total",284,31,8,23,253,193,60
"2011","E00009953","E00009953","Total",161,27,7,20,134,110,24
"2011","E00009956","E00009956","Total",215,51,16,35,164,121,43
"2011","E00009984","E00009984","Total",181,32,10,22,149,119,30
"2011","E00009985","E00009985","Total",256,57,21,36,199,151,48
"2011","E00170297","E00170297","Total",202,46,22,24,156,125,31
"2011","E00170320","E00170320","Total",189,30,9,21,159,95,64
"2011","E00010349","E00010349","Total",221,44,12,32,177,141,36
"2011","E00010350","E00010350","Total",230,42,14,28,188,133,55
"2011","E00010351","E00010351","Total",215,50,21,29,165,136,29
"2011","E00010355","E00010355","Total",151,39,13,26,112,84,28
"2011","E00010357","E00010357","Total",216,50,12,38,166,124,42
"2011","E00010358","E00010358","Total",192,41,18,23,151,120,31
"2011","E00010066","E00010066","Total",209,29,9,20,180,120,60
"2011","E00010074","E00010074","Total",190,43,15,28,147,104,43
"2011","E00010082","E00010082","Total",274,68,12,56,206,166,40
"2011","E00010086","E00010086","Total",176,23,5,18,153,110,43
"2011","E00010088","E00010088","Total",191,22,8,14,169,118,51
"2011","E00010092","E00010092","Total",192,30,11,19,162,128,34
"2011","E00010080","E00010080","Total",158,27,8,19,131,101,30
"2011","E00010083","E00010083","Total",163,13,5,8,150,95,55
"2011","E00010087","E00010087","Total",161,25,8,17,136,91,45
"2011","E00010091","E00010091","Total",178,24,9,15,154,107,47
"2011","E00010094","E00010094","Total",154,35,15,20,119,96,23
"2011","E00010095","E00010095","Total",258,38,17,21,220,162,58
"2011","E00010065","E00010065","Total",176,47,20,27,129,79,50
"2011","E00010075","E00010075","Total",194,40,14,26,154,116,38
"2011","E00010076","E00010076","Total",188,32,14,18,156,102,54
"2011","E00010081","E00010081","Total",92,20,10,10,72,35,37
"2011","E00170300","E00170300","Total",157,27,7,20,130,93,37
"2011","E00170321","E00170321","Total",180,35,14,21,145,121,24
"2011","E00010068","E00010068","Total",208,60,27,33,148,80,68
"2011","E00010085","E00010085","Total",220,45,17,28,175,116,59
"2011","E00010090","E00010090","Total",90,24,5,19,66,38,28
"2011","E00010096","E00010096","Total",181,37,12,25,144,103,41
"2011","E00010097","E00010097","Total",183,49,22,27,134,90,44
"2011","E00010098","E00010098","Total",139,20,7,13,119,96,23
"2011","E00010345","E00010345","Total",205,47,19,28,158,121,37
"2011","E00010346","E00010346","Total",186,34,13,21,152,114,38
"2011","E00010347","E00010347","Total",169,27,7,20,142,112,30
"2011","E00010348","E00010348","Total",201,29,5,24,172,130,42
"2011","E00010352","E00010352","Total",156,27,4,23,129,101,28
"2011","E00010354","E00010354","Total",151,15,4,11,136,113,23
"2011","E00010335","E00010335","Total",157,31,7,24,126,102,24
"2011","E00010353","E00010353","Total",127,31,10,21,96,73,23
"2011","E00010356","E00010356","Total",184,27,6,21,157,124,33
"2011","E00010359","E00010359","Total",138,24,11,13,114,86,28
"2011","E00010360","E00010360","Total",135,35,7,28,100,77,23
"2011","E00010363","E00010363","Total",197,30,11,19,167,119,48
"2011","E00010336","E00010336","Total",131,35,8,27,96,83,13
"2011","E00010361","E00010361","Total",211,46,9,37,165,138,27
"2011","E00010364","E00010364","Total",214,36,9,27,178,157,21
"2011","E00010365","E00010365","Total",105,47,14,33,58,51,7
"2011","E00010369","E00010369","Total",148,28,12,16,120,96,24
"2011","E00010337","E00010337","Total",211,44,20,24,167,123,44
"2011","E00010362","E00010362","Total",183,37,17,20,146,125,21
"2011","E00010366","E00010366","Total",162,28,7,21,134,107,27
"2011","E00010367","E00010367","Total",180,32,8,24,148,123,25
"2011","E00010368","E00010368","Total",204,39,21,18,165,133,32
"2011","E00010370","E00010370","Total",165,37,13,24,128,101,27
"2011","E00010213","E00010213","Total",86,42,17,25,44,41,3
"2011","E00010218","E00010218","Total",158,64,20,44,94,87,7
"2011","E00010222","E00010222","Total",101,35,11,24,66,61,5
"2011","E00010246","E00010246","Total",86,40,11,29,46,39,7
"2011","E00010247","E00010247","Total",108,49,6,43,59,46,13
"2011","E00010253","E00010253","Total",98,41,17,24,57,46,11
"2011","E00010219","E00010219","Total",124,44,14,30,80,70,10
"2011","E00010227","E00010227","Total",169,62,21,41,107,88,19
"2011","E00010235","E00010235","Total",102,40,16,24,62,52,10
"2011","E00010238","E00010238","Total",67,23,7,16,44,39,5
"2011","E00010244","E00010244","Total",102,51,11,40,51,41,10
"2011","E00010225","E00010225","Total",74,24,9,15,50,43,7
"2011","E00010230","E00010230","Total",123,50,16,34,73,61,12
"2011","E00010232","E00010232","Total",107,40,17,23,67,60,7
"2011","E00010236","E00010236","Total",181,61,21,40,120,100,20
"2011","E00010241","E00010241","Total",189,58,14,44,131,105,26
"2011","E00010226","E00010226","Total",118,48,15,33,70,63,7
"2011","E00010252","E00010252","Total",186,71,18,53,115,95,20
"2011","E00165800","E00165800","Total",155,61,18,43,94,86,8
"2011","E00170323","E00170323","Total",106,31,7,24,75,62,13
"2011","E00170324","E00170324","Total",114,52,11,41,62,51,11
"2011","E00013708","E00013708","Total",148,43,11,32,105,81,24
"2011","E00013733","E00013733","Total",124,32,12,20,92,76,16
"2011","E00013734","E00013734","Total",109,41,11,30,68,58,10
"2011","E00013736","E00013736","Total",98,32,11,21,66,53,13
"2011","E00013740","E00013740","Total",84,15,5,10,69,59,10
"2011","E00013710","E00013710","Total",173,44,19,25,129,94,35
"2011","E00013730","E00013730","Total",151,36,19,17,115,83,32
"2011","E00013731","E00013731","Total",142,31,9,22,111,88,23
"2011","E00013735","E00013735","Total",136,39,12,27,97,75,22
"2011","E00013739","E00013739","Total",143,28,10,18,115,97,18
"2011","E00013714","E00013714","Total",108,32,11,21,76,64,12
"2011","E00013724","E00013724","Total",182,24,8,16,158,135,23
"2011","E00013732","E00013732","Total",74,22,10,12,52,44,8
"2011","E00013737","E00013737","Total",71,23,8,15,48,44,4
"2011","E00013741","E00013741","Total",111,33,12,21,78,67,11
"2011","E00013742","E00013742","Total",92,33,12,21,59,54,5
"2011","E00014000","E00014000","Total",176,30,8,22,146,117,29
"2011","E00014001","E00014001","Total",133,36,10,26,97,83,14
"2011","E00014010","E00014010","Total",124,47,13,34,77,69,8
"2011","E00014013","E00014013","Total",150,47,13,34,103,83,20
"2011","E00014018","E00014018","Total",168,36,14,22,132,94,38
"2011","E00013996","E00013996","Total",169,34,9,25,135,115,20
"2011","E00014021","E00014021","Total",150,40,8,32,110,101,9
"2011","E00014022","E00014022","Total",217,49,16,33,168,140,28
"2011","E00014026","E00014026","Total",175,38,13,25,137,119,18
"2011","E00014027","E00014027","Total",79,32,4,28,47,39,8
"2011","E00014030","E00014030","Total",71,26,6,20,45,40,5
"2011","E00014003","E00014003","Total",81,37,13,24,44,35,9
"2011","E00014004","E00014004","Total",82,23,7,16,59,54,5
"2011","E00014005","E00014005","Total",108,29,7,22,79,69,10
"2011","E00014006","E00014006","Total",68,25,4,21,43,39,4
"2011","E00014007","E00014007","Total",165,35,13,22,130,109,21
"2011","E00014009","E00014009","Total",185,39,11,28,146,115,31
"2011","E00013706","E00013706","Total",145,48,15,33,97,88,9
"2011","E00013723","E00013723","Total",96,28,11,17,68,51,17
"2011","E00013726","E00013726","Total",148,34,12,22,114,97,17
"2011","E00013728","E00013728","Total",131,34,12,22,97,83,14
"2011","E00013729","E00013729","Total",206,42,12,30,164,137,27
"2011","E00013712","E00013712","Total",149,28,5,23,121,88,33
"2011","E00013713","E00013713","Total",238,45,15,30,193,129,64
"2011","E00013715","E00013715","Total",193,26,12,14,167,113,54
"2011","E00013722","E00013722","Total",145,27,4,23,118,98,20
"2011","E00013727","E00013727","Total",100,28,4,24,72,58,14
"2011","E00013707","E00013707","Total",202,53,17,36,149,110,39
"2011","E00013711","E00013711","Total",217,48,17,31,169,120,49
"2011","E00013738","E00013738","Total",117,32,10,22,85,78,7
"2011","E00013743","E00013743","Total",142,49,13,36,93,70,23
"2011","E00013709","E00013709","Total",164,42,8,34,122,99,23
"2011","E00013716","E00013716","Total",177,34,9,25,143,118,25
"2011","E00013717","E00013717","Total",204,32,6,26,172,131,41
"2011","E00013719","E00013719","Total",163,35,8,27,128,93,35
"2011","E00013725","E00013725","Total",210,48,16,32,162,127,35
"2011","E00013704","E00013704","Total",117,24,9,15,93,76,17
"2011","E00013705","E00013705","Total",138,42,12,30,96,83,13
"2011","E00013718","E00013718","Total",123,40,18,22,83,68,15
"2011","E00013720","E00013720","Total",82,24,10,14,58,52,6
"2011","E00013721","E00013721","Total",125,42,14,28,83,68,15
"2011","E00013790","E00013790","Total",225,38,12,26,187,144,43
"2011","E00013808","E00013808","Total",70,22,4,18,48,44,4
"2011","E00013809","E00013809","Total",203,34,8,26,169,124,45
"2011","E00013811","E00013811","Total",100,26,10,16,74,59,15
"2011","E00013812","E00013812","Total",142,28,8,20,114,92,22
"2011","E00013818","E00013818","Total",273,49,16,33,224,176,48
"2011","E00013600","E00013600","Total",217,38,12,26,179,156,23
"2011","E00013601","E00013601","Total",154,27,10,17,127,107,20
"2011","E00013602","E00013602","Total",130,28,11,17,102,82,20
"2011","E00013603","E00013603","Total",155,26,8,18,129,103,26
"2011","E00013604","E00013604","Total",165,25,9,16,140,124,16
"2011","E00013607","E00013607","Total",115,35,9,26,80,67,13
"2011","E00013999","E00013999","Total",205,22,9,13,183,148,35
"2011","E00014008","E00014008","Total",174,20,4,16,154,126,28
"2011","E00014011","E00014011","Total",178,44,11,33,134,105,29
"2011","E00014012","E00014012","Total",89,24,8,16,65,57,8
"2011","E00014016","E00014016","Total",217,39,13,26,178,143,35
"2011","E00014020","E00014020","Total",133,34,11,23,99,86,13
"2011","E00014002","E00014002","Total",205,40,14,26,165,132,33
"2011","E00014014","E00014014","Total",158,25,5,20,133,109,24
"2011","E00014015","E00014015","Total",189,39,12,27,150,117,33
"2011","E00014017","E00014017","Total",167,30,8,22,137,110,27
"2011","E00014019","E00014019","Total",174,29,8,21,145,122,23
"2011","E00013997","E00013997","Total",197,51,20,31,146,120,26
"2011","E00014023","E00014023","Total",160,28,8,20,132,103,29
"2011","E00014024","E00014024","Total",217,29,9,20,188,142,46
"2011","E00014025","E00014025","Total",194,50,14,36,144,117,27
"2011","E00014032","E00014032","Total",154,27,10,17,127,98,29
"2011","E00014037","E00014037","Total",133,27,10,17,106,87,19
"2011","E00014028","E00014028","Total",160,30,6,24,130,109,21
"2011","E00014029","E00014029","Total",148,42,16,26,106,90,16
"2011","E00014031","E00014031","Total",142,31,12,19,111,89,22
"2011","E00014033","E00014033","Total",111,41,20,21,70,57,13
"2011","E00014035","E00014035","Total",145,38,15,23,107,88,19
"2011","E00014036","E00014036","Total",123,40,10,30,83,64,19
"2011","E00013998","E00013998","Total",131,34,9,25,97,84,13
"2011","E00014034","E00014034","Total",133,40,21,19,93,79,14
"2011","E00014038","E00014038","Total",109,30,9,21,79,67,12
"2011","E00014039","E00014039","Total",141,24,4,20,117,99,18
"2011","E00014040","E00014040","Total",151,35,6,29,116,95,21
"2011","E00014041","E00014041","Total",135,40,10,30,95,75,20
"2011","E00013786","E00013786","Total",150,31,14,17,119,89,30
"2011","E00013787","E00013787","Total",132,34,14,20,98,81,17
"2011","E00013799","E00013799","Total",206,36,14,22,170,127,43
"2011","E00013800","E00013800","Total",107,26,3,23,81,74,7
"2011","E00013803","E00013803","Total",97,31,11,20,66,57,9
"2011","E00013804","E00013804","Total",60,12,4,8,48,42,6
"2011","E00013805","E00013805","Total",120,22,6,16,98,78,20
"2011","E00013788","E00013788","Total",184,35,4,31,149,118,31
"2011","E00013789","E00013789","Total",133,36,12,24,97,81,16
"2011","E00013806","E00013806","Total",158,25,8,17,133,104,29
"2011","E00013807","E00013807","Total",267,46,13,33,221,157,64
"2011","E00013813","E00013813","Total",128,46,14,32,82,57,25
"2011","E00013785","E00013785","Total",143,37,15,22,106,84,22
"2011","E00013794","E00013794","Total",222,33,10,23,189,143,46
"2011","E00013797","E00013797","Total",121,48,11,37,73,55,18
"2011","E00013817","E00013817","Total",129,31,12,19,98,70,28
"2011","E00013827","E00013827","Total",168,34,10,24,134,107,27
"2011","E00013810","E00013810","Total",128,32,12,20,96,78,18
"2011","E00013814","E00013814","Total",81,26,7,19,55,41,14
"2011","E00013816","E00013816","Total",50,18,6,12,32,27,5
"2011","E00013819","E00013819","Total",92,29,11,18,63,51,12
"2011","E00013820","E00013820","Total",83,28,7,21,55,48,7
"2011","E00013822","E00013822","Total",61,21,6,15,40,31,9
"2011","E00013823","E00013823","Total",65,18,5,13,47,40,7
"2011","E00013791","E00013791","Total",186,58,18,40,128,111,17
"2011","E00013792","E00013792","Total",137,36,4,32,101,89,12
"2011","E00013815","E00013815","Total",166,31,10,21,135,109,26
"2011","E00013821","E00013821","Total",163,47,16,31,116,98,18
"2011","E00013824","E00013824","Total",193,41,10,31,152,131,21
"2011","E00013825","E00013825","Total",137,46,23,23,91,76,15
"2011","E00013826","E00013826","Total",156,21,6,15,135,110,25
"2011","E00013580","E00013580","Total",97,40,16,24,57,49,8
"2011","E00013584","E00013584","Total",124,36,17,19,88,81,7
"2011","E00013588","E00013588","Total",166,37,13,24,129,100,29
"2011","E00013598","E00013598","Total",114,28,11,17,86,72,14
"2011","E00174767","E00174767","Total",166,36,10,26,130,103,27
"2011","E00174815","E00174815","Total",120,30,12,18,90,77,13
"2011","E00013606","E00013606","Total",122,40,7,33,82,64,18
"2011","E00013612","E00013612","Total",73,37,17,20,36,34,2
"2011","E00013614","E00013614","Total",107,47,18,29,60,53,7
"2011","E00013615","E00013615","Total",33,14,6,8,19,18,1
"2011","E00174769","E00174769","Total",166,57,19,38,109,92,17
"2011","E00174817","E00174817","Total",128,34,13,21,94,79,15
"2011","E00013605","E00013605","Total",137,36,14,22,101,85,16
"2011","E00013609","E00013609","Total",145,49,19,30,96,74,22
"2011","E00013611","E00013611","Total",61,27,11,16,34,28,6
"2011","E00013616","E00013616","Total",92,40,11,29,52,43,9
"2011","E00013617","E00013617","Total",80,29,6,23,51,49,2
"2011","E00013582","E00013582","Total",128,51,13,38,77,64,13
"2011","E00013608","E00013608","Total",123,10,4,6,113,82,31
"2011","E00013610","E00013610","Total",183,37,16,21,146,107,39
"2011","E00013613","E00013613","Total",88,37,6,31,51,44,7
"2011","E00013619","E00013619","Total",90,33,17,16,57,53,4
"2011","E00013620","E00013620","Total",117,50,15,35,67,49,18
"2011","E00013668","E00013668","Total",100,37,7,30,63,53,10
"2011","E00013671","E00013671","Total",94,31,14,17,63,50,13
"2011","E00013673","E00013673","Total",78,34,12,22,44,39,5
"2011","E00013675","E00013675","Total",219,43,10,33,176,133,43
"2011","E00013679","E00013679","Total",108,27,4,23,81,61,20
"2011","E00013680","E00013680","Total",228,57,21,36,171,134,37
"2011","E00013627","E00013627","Total",166,36,12,24,130,87,43
"2011","E00013632","E00013632","Total",207,36,8,28,171,120,51
"2011","E00013634","E00013634","Total",163,41,9,32,122,90,32
"2011","E00013638","E00013638","Total",250,30,13,17,220,165,55
"2011","E00013639","E00013639","Total",208,49,20,29,159,111,48
"2011","E00013663","E00013663","Total",147,33,13,20,114,93,21
"2011","E00013664","E00013664","Total",191,35,16,19,156,115,41
"2011","E00013665","E00013665","Total",205,49,16,33,156,116,40
"2011","E00013693","E00013693","Total",149,29,9,20,120,90,30
"2011","E00013700","E00013700","Total",259,45,20,25,214,156,58
"2011","E00013694","E00013694","Total",139,38,12,26,101,78,23
"2011","E00013695","E00013695","Total",218,43,18,25,175,133,42
"2011","E00013696","E00013696","Total",75,28,8,20,47,42,5
"2011","E00013697","E00013697","Total",175,24,10,14,151,113,38
"2011","E00013699","E00013699","Total",88,28,10,18,60,48,12
"2011","E00013667","E00013667","Total",187,38,13,25,149,109,40
"2011","E00013701","E00013701","Total",180,40,16,24,140,89,51
"2011","E00013702","E00013702","Total",150,37,12,25,113,89,24
"2011","E00013703","E00013703","Total",119,35,18,17,84,64,20
"2011","E00174820","E00174820","Total",300,16,7,9,284,192,92
"2011","E00174822","E00174822","Total",409,23,8,15,386,270,116
"2011","E00174828","E00174828","Total",383,22,9,13,361,263,98
"2011","E00013669","E00013669","Total",289,38,14,24,251,190,61
"2011","E00013670","E00013670","Total",215,31,9,22,184,126,58
"2011","E00013676","E00013676","Total",146,26,6,20,120,87,33
"2011","E00013698","E00013698","Total",173,26,7,19,147,104,43
"2011","E00174831","E00174831","Total",132,32,14,18,100,78,22
"2011","E00013581","E00013581","Total",160,30,12,18,130,106,24
"2011","E00013587","E00013587","Total",152,32,13,19,120,104,16
"2011","E00013589","E00013589","Total",172,37,11,26,135,106,29
"2011","E00013593","E00013593","Total",189,57,25,32,132,105,27
"2011","E00013595","E00013595","Total",128,17,9,8,111,87,24
"2011","E00013599","E00013599","Total",179,40,16,24,139,112,27
"2011","E00013590","E00013590","Total",180,41,14,27,139,103,36
"2011","E00013592","E00013592","Total",83,27,6,21,56,43,13
"2011","E00013596","E00013596","Total",164,41,11,30,123,104,19
"2011","E00013597","E00013597","Total",234,59,24,35,175,144,31
"2011","E00174787","E00174787","Total",154,36,14,22,118,100,18
"2011","E00174789","E00174789","Total",289,21,7,14,268,188,80
"2011","E00174791","E00174791","Total",170,37,17,20,133,104,29
"2011","E00174814","E00174814","Total",238,37,18,19,201,151,50
"2011","E00013583","E00013583","Total",275,52,16,36,223,171,52
"2011","E00013585","E00013585","Total",187,36,18,18,151,121,30
"2011","E00013586","E00013586","Total",168,23,9,14,145,113,32
"2011","E00013591","E00013591","Total",145,49,20,29,96,70,26
"2011","E00013622","E00013622","Total",93,13,5,8,80,53,27
"2011","E00013763","E00013763","Total",161,53,29,24,108,85,23
"2011","E00013764","E00013764","Total",132,27,8,19,105,86,19
"2011","E00013765","E00013765","Total",131,28,8,20,103,86,17
"2011","E00013768","E00013768","Total",144,33,15,18,111,95,16
"2011","E00013771","E00013771","Total",129,45,17,28,84,66,18
"2011","E00013793","E00013793","Total",104,28,10,18,76,59,17
"2011","E00013795","E00013795","Total",140,35,10,25,105,79,26
"2011","E00013796","E00013796","Total",151,32,14,18,119,97,22
"2011","E00013798","E00013798","Total",126,36,18,18,90,67,23
"2011","E00013802","E00013802","Total",218,43,13,30,175,117,58
"2011","E00174739","E00174739","Total",179,42,17,25,137,110,27
"2011","E00174825","E00174825","Total",84,43,25,18,41,31,10
"2011","E00013886","E00013886","Total",161,35,9,26,126,91,35
"2011","E00013887","E00013887","Total",209,49,14,35,160,122,38
"2011","E00013888","E00013888","Total",223,63,23,40,160,113,47
"2011","E00013889","E00013889","Total",228,55,17,38,173,135,38
"2011","E00013890","E00013890","Total",212,53,16,37,159,121,38
"2011","E00013872","E00013872","Total",173,27,8,19,146,107,39
"2011","E00013873","E00013873","Total",150,26,8,18,124,93,31
"2011","E00013876","E00013876","Total",156,35,16,19,121,88,33
"2011","E00013893","E00013893","Total",227,44,17,27,183,146,37
"2011","E00013895","E00013895","Total",166,30,11,19,136,103,33
"2011","E00013896","E00013896","Total",103,19,6,13,84,63,21
"2011","E00013901","E00013901","Total",168,30,12,18,138,110,28
"2011","E00013898","E00013898","Total",186,35,18,17,151,111,40
"2011","E00013900","E00013900","Total",176,43,16,27,133,94,39
"2011","E00013902","E00013902","Total",219,39,13,26,180,131,49
"2011","E00013903","E00013903","Total",168,41,11,30,127,77,50
"2011","E00013905","E00013905","Total",242,41,15,26,201,154,47
"2011","E00013906","E00013906","Total",164,25,9,16,139,111,28
"2011","E00013650","E00013650","Total",133,29,9,20,104,71,33
"2011","E00013651","E00013651","Total",133,16,3,13,117,84,33
"2011","E00013652","E00013652","Total",195,35,15,20,160,110,50
"2011","E00013656","E00013656","Total",186,28,10,18,158,112,46
"2011","E00013658","E00013658","Total",157,30,10,20,127,95,32
"2011","E00013660","E00013660","Total",130,17,5,12,113,82,31
"2011","E00013628","E00013628","Total",90,35,17,18,55,45,10
"2011","E00013633","E00013633","Total",135,50,13,37,85,78,7
"2011","E00013635","E00013635","Total",104,25,13,12,79,58,21
"2011","E00013636","E00013636","Total",167,46,14,32,121,100,21
"2011","E00013637","E00013637","Total",146,37,7,30,109,94,15
"2011","E00013629","E00013629","Total",119,33,16,17,86,71,15
"2011","E00013640","E00013640","Total",233,45,14,31,188,126,62
"2011","E00013641","E00013641","Total",159,38,13,25,121,92,29
"2011","E00013642","E00013642","Total",191,39,11,28,152,108,44
"2011","E00013644","E00013644","Total",134,25,8,17,109,82,27
"2011","E00013643","E00013643","Total",151,25,8,17,126,86,40
"2011","E00013645","E00013645","Total",151,28,10,18,123,90,33
"2011","E00013646","E00013646","Total",186,28,10,18,158,97,61
"2011","E00013647","E00013647","Total",181,23,3,20,158,108,50
"2011","E00013648","E00013648","Total",90,15,6,9,75,59,16
"2011","E00013649","E00013649","Total",123,20,5,15,103,82,21
"2011","E00013672","E00013672","Total",178,29,9,20,149,108,41
"2011","E00013677","E00013677","Total",152,47,15,32,105,82,23
"2011","E00013678","E00013678","Total",200,37,13,24,163,110,53
"2011","E00013683","E00013683","Total",120,37,11,26,83,62,21
"2011","E00013684","E00013684","Total",129,29,11,18,100,70,30
"2011","E00013749","E00013749","Total",99,28,12,16,71,62,9
"2011","E00013774","E00013774","Total",172,43,14,29,129,109,20
"2011","E00013777","E00013777","Total",183,31,13,18,152,111,41
"2011","E00013781","E00013781","Total",172,43,16,27,129,86,43
"2011","E00013782","E00013782","Total",137,45,18,27,92,76,16
"2011","E00013784","E00013784","Total",117,28,9,19,89,81,8
"2011","E00013877","E00013877","Total",238,41,11,30,197,155,42
"2011","E00013881","E00013881","Total",100,28,9,19,72,61,11
"2011","E00013882","E00013882","Total",112,28,8,20,84,73,11
"2011","E00013883","E00013883","Total",99,39,10,29,60,54,6
"2011","E00013884","E00013884","Total",55,18,6,12,37,33,4
"2011","E00013885","E00013885","Total",96,13,4,9,83,66,17
"2011","E00013878","E00013878","Total",117,51,12,39,66,52,14
"2011","E00013880","E00013880","Total",76,31,9,22,45,39,6
"2011","E00013908","E00013908","Total",248,71,25,46,177,146,31
"2011","E00013909","E00013909","Total",141,23,12,11,118,84,34
"2011","E00013910","E00013910","Total",107,31,9,22,76,67,9
"2011","E00013912","E00013912","Total",113,32,8,24,81,69,12
"2011","E00013874","E00013874","Total",152,30,13,17,122,95,27
"2011","E00013891","E00013891","Total",209,48,20,28,161,139,22
"2011","E00013892","E00013892","Total",143,36,16,20,107,84,23
"2011","E00013894","E00013894","Total",120,46,12,34,74,61,13
"2011","E00013897","E00013897","Total",104,26,10,16,78,54,24
"2011","E00013899","E00013899","Total",158,32,8,24,126,106,20
"2011","E00013875","E00013875","Total",259,61,26,35,198,172,26
"2011","E00013879","E00013879","Total",80,18,3,15,62,49,13
"2011","E00013904","E00013904","Total",145,31,9,22,114,92,22
"2011","E00013907","E00013907","Total",167,59,14,45,108,91,17
"2011","E00013911","E00013911","Total",83,23,9,14,60,56,4
"2011","E00013745","E00013745","Total",191,50,17,33,141,113,28
"2011","E00013746","E00013746","Total",171,33,12,21,138,106,32
"2011","E00013747","E00013747","Total",212,37,13,24,175,134,41
"2011","E00013776","E00013776","Total",229,49,18,31,180,134,46
"2011","E00013778","E00013778","Total",205,35,9,26,170,132,38
"2011","E00013780","E00013780","Total",195,27,6,21,168,124,44
"2011","E00013744","E00013744","Total",241,47,11,36,194,160,34
"2011","E00013766","E00013766","Total",127,45,17,28,82,67,15
"2011","E00013767","E00013767","Total",115,41,9,32,74,61,13
"2011","E00013769","E00013769","Total",149,33,6,27,116,89,27
"2011","E00013770","E00013770","Total",199,58,17,41,141,110,31
"2011","E00013772","E00013772","Total",88,22,6,16,66,53,13
"2011","E00013773","E00013773","Total",82,20,5,15,62,49,13
"2011","E00013748","E00013748","Total",102,23,9,14,79,68,11
"2011","E00013783","E00013783","Total",260,44,19,25,216,149,67
"2011","E00174745","E00174745","Total",164,47,17,30,117,98,19
"2011","E00174750","E00174750","Total",392,30,15,15,362,248,114
"2011","E00174759","E00174759","Total",253,26,13,13,227,163,64
"2011","E00174794","E00174794","Total",204,27,6,21,177,131,46
"2011","E00013752","E00013752","Total",119,21,9,12,98,71,27
"2011","E00013760","E00013760","Total",115,24,11,13,91,81,10
"2011","E00174755","E00174755","Total",110,30,11,19,80,65,15
"2011","E00174756","E00174756","Total",265,23,12,11,242,181,61
"2011","E00013674","E00013674","Total",172,36,15,21,136,105,31
"2011","E00013682","E00013682","Total",200,48,13,35,152,128,24
"2011","E00013691","E00013691","Total",188,29,8,21,159,125,34
"2011","E00174792","E00174792","Total",143,28,14,14,115,91,24
"2011","E00174826","E00174826","Total",135,29,9,20,106,76,30
"2011","E00174837","E00174837","Total",182,24,7,17,158,113,45
"2011","E00174819","E00174819","Total",437,32,10,22,405,333,72
"2011","E00174834","E00174834","Total",454,22,9,13,432,290,142
"2011","E00174845","E00174845","Total",131,15,4,11,116,82,34
"2011","E00013830","E00013830","Total",146,42,13,29,104,76,28
"2011","E00013831","E00013831","Total",222,30,8,22,192,132,60
"2011","E00013844","E00013844","Total",196,28,13,15,168,118,50
"2011","E00013852","E00013852","Total",148,24,10,14,124,96,28
"2011","E00013854","E00013854","Total",127,38,17,21,89,68,21
"2011","E00013867","E00013867","Total",176,33,15,18,143,106,37
"2011","E00013829","E00013829","Total",126,30,10,20,96,79,17
"2011","E00013835","E00013835","Total",201,63,16,47,138,115,23
"2011","E00013857","E00013857","Total",99,28,10,18,71,56,15
"2011","E00013869","E00013869","Total",118,21,6,15,97,79,18
"2011","E00013871","E00013871","Total",102,26,7,19,76,59,17
"2011","E00013838","E00013838","Total",163,29,9,20,134,104,30
"2011","E00013840","E00013840","Total",184,51,18,33,133,110,23
"2011","E00013841","E00013841","Total",226,27,7,20,199,138,61
"2011","E00013842","E00013842","Total",148,31,8,23,117,82,35
"2011","E00013843","E00013843","Total",105,16,7,9,89,66,23
"2011","E00013859","E00013859","Total",223,47,22,25,176,141,35
"2011","E00013839","E00013839","Total",112,20,6,14,92,65,27
"2011","E00013845","E00013845","Total",145,24,9,15,121,88,33
"2011","E00013856","E00013856","Total",90,16,8,8,74,52,22
"2011","E00013858","E00013858","Total",132,32,10,22,100,86,14
"2011","E00013860","E00013860","Total",158,39,18,21,119,94,25
"2011","E00013846","E00013846","Total",171,27,11,16,144,106,38
"2011","E00013847","E00013847","Total",100,33,11,22,67,53,14
"2011","E00013848","E00013848","Total",95,45,9,36,50,42,8
"2011","E00013849","E00013849","Total",104,44,13,31,60,50,10
"2011","E00013850","E00013850","Total",104,24,8,16,80,65,15
"2011","E00013624","E00013624","Total",84,24,6,18,60,28,32
"2011","E00013626","E00013626","Total",210,36,12,24,174,117,57
"2011","E00013653","E00013653","Total",171,40,14,26,131,87,44
"2011","E00013654","E00013654","Total",130,28,10,18,102,61,41
"2011","E00013655","E00013655","Total",294,50,14,36,244,176,68
"2011","E00013657","E00013657","Total",197,41,16,25,156,96,60
"2011","E00013625","E00013625","Total",206,34,11,23,172,105,67
"2011","E00013630","E00013630","Total",162,25,12,13,137,92,45
"2011","E00013631","E00013631","Total",212,33,10,23,179,106,73
"2011","E00013659","E00013659","Total",179,33,12,21,146,81,65
"2011","E00013661","E00013661","Total",202,29,15,14,173,118,55
"2011","E00013662","E00013662","Total",184,32,17,15,152,87,65
"2011","E00013681","E00013681","Total",72,15,5,10,57,40,17
"2011","E00013685","E00013685","Total",136,36,14,22,100,75,25
"2011","E00013687","E00013687","Total",196,27,8,19,169,119,50
"2011","E00013688","E00013688","Total",145,23,11,12,122,101,21
"2011","E00013689","E00013689","Total",117,24,10,14,93,69,24
"2011","E00013690","E00013690","Total",221,30,7,23,191,115,76
"2011","E00013933","E00013933","Total",163,47,15,32,116,87,29
"2011","E00013934","E00013934","Total",131,34,8,26,97,81,16
"2011","E00013935","E00013935","Total",177,29,11,18,148,107,41
"2011","E00013939","E00013939","Total",141,29,10,19,112,86,26
"2011","E00013941","E00013941","Total",142,16,8,8,126,76,50
"2011","E00174742","E00174742","Total",224,27,14,13,197,128,69
"2011","E00174752","E00174752","Total",164,37,15,22,127,92,35
"2011","E00013936","E00013936","Total",186,22,7,15,164,113,51
"2011","E00013938","E00013938","Total",155,28,12,16,127,94,33
"2011","E00013940","E00013940","Total",131,23,6,17,108,64,44
"2011","E00013943","E00013943","Total",138,23,8,15,115,84,31
"2011","E00013525","E00013525","Total",157,22,8,14,135,91,44
"2011","E00013526","E00013526","Total",223,64,22,42,159,123,36
"2011","E00013527","E00013527","Total",102,32,13,19,70,60,10
"2011","E00013528","E00013528","Total",139,30,14,16,109,84,25
"2011","E00013531","E00013531","Total",142,42,14,28,100,72,28
"2011","E00174833","E00174833","Total",111,13,7,6,98,66,32
"2011","E00174842","E00174842","Total",188,25,13,12,163,109,54
"2011","E00013512","E00013512","Total",219,26,8,18,193,141,52
"2011","E00013532","E00013532","Total",213,22,8,14,191,119,72
"2011","E00013535","E00013535","Total",193,25,6,19,168,118,50
"2011","E00013536","E00013536","Total",148,21,5,16,127,79,48
"2011","E00013539","E00013539","Total",183,28,10,18,155,109,46
"2011","E00013542","E00013542","Total",141,21,8,13,120,71,49
"2011","E00013508","E00013508","Total",164,34,9,25,130,93,37
"2011","E00013509","E00013509","Total",131,24,10,14,107,79,28
"2011","E00013510","E00013510","Total",90,24,5,19,66,48,18
"2011","E00013514","E00013514","Total",211,24,5,19,187,119,68
"2011","E00013517","E00013517","Total",119,16,5,11,103,75,28
"2011","E00013520","E00013520","Total",216,40,12,28,176,118,58
"2011","E00013828","E00013828","Total",170,28,7,21,142,93,49
"2011","E00013836","E00013836","Total",180,18,8,10,162,116,46
"2011","E00013866","E00013866","Total",200,32,13,19,168,121,47
"2011","E00013868","E00013868","Total",182,28,9,19,154,99,55
"2011","E00013870","E00013870","Total",214,19,5,14,195,135,60
"2011","E00013832","E00013832","Total",122,27,15,12,95,66,29
"2011","E00013833","E00013833","Total",103,21,9,12,82,62,20
"2011","E00013834","E00013834","Total",172,34,12,22,138,88,50
"2011","E00013837","E00013837","Total",141,38,7,31,103,81,22
"2011","E00013861","E00013861","Total",162,36,8,28,126,91,35
"2011","E00013865","E00013865","Total",161,29,13,16,132,97,35
"2011","E00013851","E00013851","Total",185,36,12,24,149,120,29
"2011","E00013853","E00013853","Total",158,24,11,13,134,105,29
"2011","E00013855","E00013855","Total",174,19,6,13,155,122,33
"2011","E00013862","E00013862","Total",120,21,8,13,99,70,29
"2011","E00013863","E00013863","Total",121,24,7,17,97,72,25
"2011","E00013864","E00013864","Total",169,33,7,26,136,99,37
"2011","E00013467","E00013467","Total",140,41,14,27,99,78,21
"2011","E00013497","E00013497","Total",130,32,12,20,98,86,12
"2011","E00013499","E00013499","Total",165,38,17,21,127,102,25
"2011","E00013501","E00013501","Total",104,19,4,15,85,73,12
"2011","E00174798","E00174798","Total",85,22,13,9,63,46,17
"2011","E00174800","E00174800","Total",300,44,12,32,256,184,72
"2011","E00013468","E00013468","Total",122,25,7,18,97,76,21
"2011","E00013495","E00013495","Total",128,17,6,11,111,79,32
"2011","E00013496","E00013496","Total",126,29,5,24,97,78,19
"2011","E00174795","E00174795","Total",229,72,35,37,157,112,45
"2011","E00174797","E00174797","Total",125,26,11,15,99,66,33
"2011","E00013466","E00013466","Total",91,21,8,13,70,63,7
"2011","E00013490","E00013490","Total",67,15,3,12,52,42,10
"2011","E00013491","E00013491","Total",141,52,18,34,89,76,13
"2011","E00013492","E00013492","Total",113,33,5,28,80,61,19
"2011","E00013493","E00013493","Total",123,26,8,18,97,88,9
"2011","E00013494","E00013494","Total",89,25,10,15,64,56,8
"2011","E00013753","E00013753","Total",151,49,20,29,102,84,18
"2011","E00013754","E00013754","Total",160,44,19,25,116,96,20
"2011","E00013755","E00013755","Total",125,35,7,28,90,81,9
"2011","E00013757","E00013757","Total",78,23,5,18,55,50,5
"2011","E00174741","E00174741","Total",106,29,9,20,77,62,15
"2011","E00174744","E00174744","Total",101,17,5,12,84,73,11
"2011","E00174747","E00174747","Total",126,54,13,41,72,63,9
"2011","E00174749","E00174749","Total",143,30,12,18,113,99,14
"2011","E00013751","E00013751","Total",173,49,25,24,124,102,22
"2011","E00013756","E00013756","Total",129,35,13,22,94,85,9
"2011","E00013758","E00013758","Total",141,51,16,35,90,82,8
"2011","E00013762","E00013762","Total",101,34,11,23,67,60,7
"2011","E00174758","E00174758","Total",125,39,15,24,86,71,15
"2011","E00013521","E00013521","Total",128,40,12,28,88,73,15
"2011","E00013522","E00013522","Total",138,28,12,16,110,86,24
"2011","E00013524","E00013524","Total",200,26,13,13,174,115,59
"2011","E00013533","E00013533","Total",239,26,8,18,213,132,81
"2011","E00013507","E00013507","Total",170,18,3,15,152,94,58
"2011","E00013511","E00013511","Total",140,28,11,17,112,77,35
"2011","E00013515","E00013515","Total",114,24,10,14,90,57,33
"2011","E00013523","E00013523","Total",134,23,3,20,111,73,38
"2011","E00013529","E00013529","Total",155,26,6,20,129,72,57
"2011","E00013538","E00013538","Total",143,17,9,8,126,67,59
"2011","E00013506","E00013506","Total",126,39,10,29,87,67,20
"2011","E00013530","E00013530","Total",142,42,19,23,100,84,16
"2011","E00013534","E00013534","Total",182,55,14,41,127,106,21
"2011","E00013540","E00013540","Total",133,33,13,20,100,83,17
"2011","E00174823","E00174823","Total",112,35,10,25,77,64,13
"2011","E00174829","E00174829","Total",89,24,12,12,65,41,24
"2011","E00174840","E00174840","Total",150,24,6,18,126,88,38
"2011","E00013945","E00013945","Total",71,19,6,13,52,46,6
"2011","E00013946","E00013946","Total",70,21,3,18,49,40,9
"2011","E00013947","E00013947","Total",192,34,19,15,158,106,52
"2011","E00013948","E00013948","Total",117,39,15,24,78,67,11
"2011","E00013952","E00013952","Total",103,20,3,17,83,71,12
"2011","E00013953","E00013953","Total",120,33,12,21,87,64,23
"2011","E00013917","E00013917","Total",111,18,3,15,93,55,38
"2011","E00013920","E00013920","Total",146,26,2,24,120,72,48
"2011","E00013942","E00013942","Total",146,31,10,21,115,72,43
"2011","E00013944","E00013944","Total",169,31,9,22,138,91,47
"2011","E00013949","E00013949","Total",204,26,13,13,178,116,62
"2011","E00013950","E00013950","Total",145,13,4,9,132,98,34
"2011","E00013914","E00013914","Total",170,41,13,28,129,108,21
"2011","E00013919","E00013919","Total",85,10,0,10,75,56,19
"2011","E00013922","E00013922","Total",126,33,11,22,93,66,27
"2011","E00013923","E00013923","Total",105,12,4,8,93,71,22
"2011","E00013927","E00013927","Total",192,28,5,23,164,115,49
"2011","E00013928","E00013928","Total",164,29,11,18,135,89,46
"2011","E00013930","E00013930","Total",185,38,19,19,147,94,53
"2011","E00013397","E00013397","Total",307,43,20,23,264,208,56
"2011","E00013398","E00013398","Total",147,14,7,7,133,88,45
"2011","E00013399","E00013399","Total",212,37,13,24,175,114,61
"2011","E00013400","E00013400","Total",131,26,6,20,105,72,33
"2011","E00013401","E00013401","Total",167,34,13,21,133,80,53
"2011","E00174836","E00174836","Total",218,24,9,15,194,123,71
"2011","E00174847","E00174847","Total",109,29,11,18,80,63,17
"2011","E00013386","E00013386","Total",159,30,13,17,129,75,54
"2011","E00013387","E00013387","Total",103,18,11,7,85,62,23
"2011","E00013402","E00013402","Total",85,30,13,17,55,38,17
"2011","E00013403","E00013403","Total",171,28,9,19,143,91,52
"2011","E00013405","E00013405","Total",177,26,13,13,151,99,52
"2011","E00013406","E00013406","Total",225,32,19,13,193,104,89
"2011","E00013404","E00013404","Total",178,37,14,23,141,80,61
"2011","E00013407","E00013407","Total",150,26,10,16,124,74,50
"2011","E00013408","E00013408","Total",185,31,13,18,154,100,54
"2011","E00013410","E00013410","Total",154,15,7,8,139,84,55
"2011","E00013412","E00013412","Total",188,35,16,19,153,87,66
"2011","E00013469","E00013469","Total",182,29,6,23,153,104,49
"2011","E00013474","E00013474","Total",290,74,32,42,216,173,43
"2011","E00013479","E00013479","Total",210,39,17,22,171,106,65
"2011","E00013500","E00013500","Total",204,21,8,13,183,111,72
"2011","E00013504","E00013504","Total",186,29,11,18,157,108,49
"2011","E00013913","E00013913","Total",134,13,3,10,121,61,60
"2011","E00013915","E00013915","Total",177,18,7,11,159,111,48
"2011","E00013918","E00013918","Total",281,29,13,16,252,166,86
"2011","E00013921","E00013921","Total",149,25,5,20,124,88,36
"2011","E00013924","E00013924","Total",138,31,11,20,107,73,34
"2011","E00013925","E00013925","Total",151,26,10,16,125,75,50
"2011","E00013951","E00013951","Total",141,20,7,13,121,72,49
"2011","E00013513","E00013513","Total",118,28,5,23,90,65,25
"2011","E00013516","E00013516","Total",163,30,9,21,133,95,38
"2011","E00013518","E00013518","Total",93,17,2,15,76,66,10
"2011","E00013519","E00013519","Total",89,16,5,11,73,59,14
"2011","E00013541","E00013541","Total",159,30,11,19,129,95,34
"2011","E00013954","E00013954","Total",193,36,15,21,157,102,55
"2011","E00013962","E00013962","Total",185,36,13,23,149,116,33
"2011","E00013969","E00013969","Total",171,56,15,41,115,89,26
"2011","E00013970","E00013970","Total",113,20,7,13,93,65,28
"2011","E00013971","E00013971","Total",129,16,6,10,113,70,43
"2011","E00013972","E00013972","Total",221,20,10,10,201,140,61
"2011","E00013975","E00013975","Total",159,25,5,20,134,98,36
"2011","E00013978","E00013978","Total",145,22,9,13,123,82,41
"2011","E00013981","E00013981","Total",148,16,6,10,132,78,54
"2011","E00013982","E00013982","Total",172,25,11,14,147,93,54
"2011","E00013983","E00013983","Total",162,22,7,15,140,87,53
"2011","E00013984","E00013984","Total",167,36,16,20,131,93,38
"2011","E00013991","E00013991","Total",237,40,17,23,197,119,78
"2011","E00013973","E00013973","Total",140,28,12,16,112,85,27
"2011","E00013974","E00013974","Total",90,26,8,18,64,54,10
"2011","E00013977","E00013977","Total",110,23,8,15,87,74,13
"2011","E00013979","E00013979","Total",142,31,10,21,111,73,38
"2011","E00013980","E00013980","Total",112,36,14,22,76,63,13
"2011","E00174801","E00174801","Total",146,12,5,7,134,83,51
"2011","E00174806","E00174806","Total",48,17,4,13,31,24,7
"2011","E00174812","E00174812","Total",48,18,3,15,30,25,5
"2011","E00013957","E00013957","Total",90,29,8,21,61,52,9
"2011","E00013989","E00013989","Total",30,9,6,3,21,18,3
"2011","E00013994","E00013994","Total",145,33,10,23,112,88,24
"2011","E00174803","E00174803","Total",94,23,9,14,71,53,18
"2011","E00013411","E00013411","Total",136,28,8,20,108,81,27
"2011","E00013414","E00013414","Total",134,43,15,28,91,68,23
"2011","E00013415","E00013415","Total",124,48,16,32,76,61,15
"2011","E00013416","E00013416","Total",118,41,10,31,77,66,11
"2011","E00013418","E00013418","Total",86,24,15,9,62,48,14
"2011","E00013391","E00013391","Total",77,19,1,18,58,47,11
"2011","E00013392","E00013392","Total",130,49,15,34,81,75,6
"2011","E00013393","E00013393","Total",76,31,6,25,45,36,9
"2011","E00013395","E00013395","Total",77,25,6,19,52,43,9
"2011","E00013417","E00013417","Total",150,44,19,25,106,79,27
"2011","E00174805","E00174805","Total",50,13,3,10,37,30,7
"2011","E00174843","E00174843","Total",105,33,22,11,72,56,16
"2011","E00013470","E00013470","Total",308,59,24,35,249,180,69
"2011","E00013471","E00013471","Total",135,40,15,25,95,67,28
"2011","E00013475","E00013475","Total",69,14,4,10,55,45,10
"2011","E00013478","E00013478","Total",139,33,13,20,106,94,12
"2011","E00013481","E00013481","Total",153,32,12,20,121,95,26
"2011","E00013464","E00013464","Total",136,37,8,29,99,86,13
"2011","E00013480","E00013480","Total",151,29,13,16,122,88,34
"2011","E00013482","E00013482","Total",157,54,15,39,103,83,20
"2011","E00013483","E00013483","Total",129,28,10,18,101,85,16
"2011","E00013485","E00013485","Total",142,32,11,21,110,79,31
"2011","E00013472","E00013472","Total",67,29,8,21,38,30,8
"2011","E00013473","E00013473","Total",105,52,18,34,53,44,9
"2011","E00013477","E00013477","Total",132,34,10,24,98,78,20
"2011","E00013502","E00013502","Total",174,49,21,28,125,96,29
"2011","E00013503","E00013503","Total",89,29,12,17,60,48,12
"2011","E00013388","E00013388","Total",149,24,9,15,125,84,41
"2011","E00013389","E00013389","Total",147,22,8,14,125,72,53
"2011","E00013409","E00013409","Total",223,45,15,30,178,111,67
"2011","E00013413","E00013413","Total",143,17,6,11,126,59,67
"2011","E00013419","E00013419","Total",253,35,12,23,218,142,76
"2011","E00013420","E00013420","Total",223,22,12,10,201,132,69
"2011","E00013916","E00013916","Total",176,38,15,23,138,86,52
"2011","E00013926","E00013926","Total",184,25,12,13,159,86,73
"2011","E00013929","E00013929","Total",145,30,12,18,115,56,59
"2011","E00013932","E00013932","Total",172,37,14,23,135,84,51
"2011","E00174753","E00174753","Total",211,20,4,16,191,116,75
"2011","E00174839","E00174839","Total",191,10,4,6,181,93,88
"2011","E00013958","E00013958","Total",130,26,11,15,104,51,53
"2011","E00013985","E00013985","Total",151,23,9,14,128,74,54
"2011","E00013986","E00013986","Total",160,35,6,29,125,71,54
"2011","E00013988","E00013988","Total",190,35,13,22,155,98,57
"2011","E00013990","E00013990","Total",182,26,7,19,156,87,69
"2011","E00013995","E00013995","Total",167,24,13,11,143,88,55
"2011","E00013956","E00013956","Total",88,10,2,8,78,60,18
"2011","E00013960","E00013960","Total",123,24,11,13,99,61,38
"2011","E00013963","E00013963","Total",190,26,8,18,164,102,62
"2011","E00013965","E00013965","Total",209,25,8,17,184,96,88
"2011","E00013992","E00013992","Total",113,25,8,17,88,68,20
"2011","E00013993","E00013993","Total",193,23,11,12,170,90,80
"2011","E00013959","E00013959","Total",154,31,12,19,123,89,34
"2011","E00013961","E00013961","Total",211,33,16,17,178,120,58
"2011","E00013964","E00013964","Total",146,25,6,19,121,63,58
"2011","E00013966","E00013966","Total",157,18,7,11,139,66,73
"2011","E00013967","E00013967","Total",112,21,9,12,91,63,28
"2011","E00174808","E00174808","Total",98,15,6,9,83,45,38
"2011","E00174809","E00174809","Total",85,6,1,5,79,34,45
"2011","E00174811","E00174811","Total",154,34,14,20,120,72,48
"2011","E00013385","E00013385","Total",224,47,15,32,177,128,49
"2011","E00013390","E00013390","Total",256,28,8,20,228,144,84
"2011","E00013421","E00013421","Total",143,38,8,30,105,86,19
"2011","E00013422","E00013422","Total",206,23,12,11,183,135,48
"2011","E00013423","E00013423","Total",135,18,10,8,117,93,24
"2011","E00013465","E00013465","Total",165,20,8,12,145,88,57
"2011","E00013484","E00013484","Total",166,26,15,11,140,89,51
"2011","E00013486","E00013486","Total",173,63,26,37,110,92,18
"2011","E00013487","E00013487","Total",210,32,16,16,178,121,57
"2011","E00013488","E00013488","Total",203,47,17,30,156,125,31
"2011","E00013489","E00013489","Total",251,46,25,21,205,142,63
"2011","E00013551","E00013551","Total",144,28,10,18,116,73,43
"2011","E00013552","E00013552","Total",121,26,7,19,95,60,35
"2011","E00013556","E00013556","Total",181,22,4,18,159,101,58
"2011","E00013557","E00013557","Total",265,31,14,17,234,117,117
"2011","E00013559","E00013559","Total",127,21,6,15,106,72,34
"2011","E00013562","E00013562","Total",112,35,9,26,77,57,20
"2011","E00013543","E00013543","Total",136,29,15,14,107,75,32
"2011","E00013553","E00013553","Total",193,27,4,23,166,93,73
"2011","E00013554","E00013554","Total",145,59,34,25,86,64,22
"2011","E00013555","E00013555","Total",85,47,34,13,38,32,6
"2011","E00013544","E00013544","Total",176,31,5,26,145,88,57
"2011","E00013558","E00013558","Total",152,39,19,20,113,84,29
"2011","E00013560","E00013560","Total",167,39,14,25,128,78,50
"2011","E00013564","E00013564","Total",195,33,13,20,162,102,60
"2011","E00013567","E00013567","Total",158,25,11,14,133,92,41
"2011","E00013435","E00013435","Total",182,55,16,39,127,98,29
"2011","E00013437","E00013437","Total",103,29,8,21,74,53,21
"2011","E00013439","E00013439","Total",100,11,5,6,89,50,39
"2011","E00013441","E00013441","Total",64,19,5,14,45,35,10
"2011","E00174761","E00174761","Total",208,14,6,8,194,113,81
"2011","E00174763","E00174763","Total",166,9,5,4,157,68,89
"2011","E00174764","E00174764","Total",141,18,8,10,123,71,52
"2011","E00013561","E00013561","Total",136,41,12,29,95,68,27
"2011","E00013563","E00013563","Total",132,25,7,18,107,71,36
"2011","E00013566","E00013566","Total",106,26,14,12,80,63,17
"2011","E00013570","E00013570","Total",120,35,9,26,85,66,19
"2011","E00013574","E00013574","Total",99,34,12,22,65,45,20
"2011","E00013576","E00013576","Total",115,33,12,21,82,62,20
"2011","E00013545","E00013545","Total",184,13,2,11,171,84,87
"2011","E00013546","E00013546","Total",164,20,11,9,144,87,57
"2011","E00013547","E00013547","Total",255,35,8,27,220,113,107
"2011","E00013548","E00013548","Total",143,34,10,24,109,86,23
"2011","E00013549","E00013549","Total",251,23,6,17,228,114,114
"2011","E00013550","E00013550","Total",240,46,31,15,194,105,89
"2011","E00013569","E00013569","Total",176,62,31,31,114,88,26
"2011","E00013571","E00013571","Total",136,37,10,27,99,79,20
"2011","E00013577","E00013577","Total",156,53,15,38,103,83,20
"2011","E00013579","E00013579","Total",168,29,10,19,139,86,53
"2011","E00013565","E00013565","Total",193,48,12,36,145,97,48
"2011","E00013568","E00013568","Total",106,32,15,17,74,50,24
"2011","E00013572","E00013572","Total",269,24,5,19,245,132,113
"2011","E00013573","E00013573","Total",107,28,14,14,79,57,22
"2011","E00013575","E00013575","Total",112,24,10,14,88,58,30
"2011","E00013578","E00013578","Total",118,24,10,14,94,71,23
"2011","E00013431","E00013431","Total",134,35,22,13,99,51,48
"2011","E00174773","E00174773","Total",175,18,9,9,157,74,83
"2011","E00174781","E00174781","Total",133,23,9,14,110,59,51
"2011","E00174783","E00174783","Total",185,16,8,8,169,68,101
"2011","E00174784","E00174784","Total",174,11,4,7,163,90,73
"2011","E00174786","E00174786","Total",200,72,50,22,128,58,70
"2011","E00013430","E00013430","Total",59,5,2,3,54,31,23
"2011","E00013434","E00013434","Total",212,43,31,12,169,76,93
"2011","E00013447","E00013447","Total",173,31,10,21,142,91,51
"2011","E00174775","E00174775","Total",156,16,4,12,140,88,52
"2011","E00174778","E00174778","Total",97,14,4,10,83,49,34
"2011","E00174780","E00174780","Total",23,9,6,3,14,9,5
"2011","E00013442","E00013442","Total",210,32,7,25,178,121,57
"2011","E00013445","E00013445","Total",93,26,8,18,67,61,6
"2011","E00013446","E00013446","Total",99,8,5,3,91,45,46
"2011","E00013448","E00013448","Total",107,32,12,20,75,56,19
"2011","E00013450","E00013450","Total",45,16,7,9,29,22,7
"2011","E00013452","E00013452","Total",147,47,21,26,100,85,15
"2011","E00013425","E00013425","Total",203,26,8,18,177,88,89
"2011","E00013438","E00013438","Total",210,44,15,29,166,128,38
"2011","E00013440","E00013440","Total",167,37,19,18,130,86,44
"2011","E00013443","E00013443","Total",153,45,17,28,108,84,24
"2011","E00013449","E00013449","Total",85,28,10,18,57,44,13
"2011","E00013444","E00013444","Total",128,33,8,25,95,75,20
"2011","E00013453","E00013453","Total",120,38,9,29,82,59,23
"2011","E00013456","E00013456","Total",112,43,18,25,69,62,7
"2011","E00013457","E00013457","Total",94,32,10,22,62,52,10
"2011","E00174766","E00174766","Total",108,15,3,12,93,57,36
"2011","E00174777","E00174777","Total",181,17,3,14,164,91,73
"2011","E00013428","E00013428","Total",115,47,36,11,68,41,27
"2011","E00013429","E00013429","Total",113,35,19,16,78,49,29
"2011","E00013455","E00013455","Total",200,23,7,16,177,103,74
"2011","E00013461","E00013461","Total",139,38,13,25,101,69,32
"2011","E00013462","E00013462","Total",90,28,8,20,62,48,14
"2011","E00013463","E00013463","Total",103,35,12,23,68,56,12
"2011","E00174770","E00174770","Total",155,7,5,2,148,68,80
"2011","E00174772","E00174772","Total",144,19,8,11,125,71,54
"2011","E00013424","E00013424","Total",178,32,6,26,146,94,52
"2011","E00013426","E00013426","Total",97,30,11,19,67,51,16
"2011","E00013432","E00013432","Total",137,32,9,23,105,82,23
"2011","E00013454","E00013454","Total",183,29,11,18,154,102,52
"2011","E00013458","E00013458","Total",182,43,12,31,139,97,42
"2011","E00013460","E00013460","Total",203,33,7,26,170,109,61
"2011","E00014303","E00014303","Total",105,38,10,28,67,54,13
"2011","E00014307","E00014307","Total",136,40,12,28,96,73,23
"2011","E00014311","E00014311","Total",71,22,3,19,49,44,5
"2011","E00014312","E00014312","Total",166,29,6,23,137,104,33
"2011","E00175093","E00175093","Total",120,35,9,26,85,68,17
"2011","E00175094","E00175094","Total",109,25,8,17,84,72,12
"2011","E00175095","E00175095","Total",103,35,15,20,68,53,15
"2011","E00014316","E00014316","Total",135,20,3,17,115,85,30
"2011","E00014317","E00014317","Total",69,19,6,13,50,36,14
"2011","E00014318","E00014318","Total",62,22,6,16,40,27,13
"2011","E00014319","E00014319","Total",67,31,6,25,36,31,5
"2011","E00014320","E00014320","Total",87,35,9,26,52,43,9
"2011","E00014309","E00014309","Total",198,59,19,40,139,114,25
"2011","E00014314","E00014314","Total",84,29,13,16,55,43,12
"2011","E00014315","E00014315","Total",21,8,2,6,13,12,1
"2011","E00014321","E00014321","Total",110,41,9,32,69,54,15
"2011","E00014300","E00014300","Total",188,48,13,35,140,103,37
"2011","E00014301","E00014301","Total",137,40,15,25,97,75,22
"2011","E00014323","E00014323","Total",151,48,16,32,103,83,20
"2011","E00014324","E00014324","Total",123,40,8,32,83,68,15
"2011","E00014327","E00014327","Total",121,23,8,15,98,59,39
"2011","E00014304","E00014304","Total",97,34,6,28,63,51,12
"2011","E00014305","E00014305","Total",102,35,12,23,67,54,13
"2011","E00014308","E00014308","Total",112,30,7,23,82,70,12
"2011","E00014310","E00014310","Total",84,35,9,26,49,42,7
"2011","E00014313","E00014313","Total",98,36,12,24,62,49,13
"2011","E00014615","E00014615","Total",105,40,9,31,65,55,10
"2011","E00014620","E00014620","Total",120,46,13,33,74,67,7
"2011","E00014624","E00014624","Total",110,35,9,26,75,65,10
"2011","E00014629","E00014629","Total",67,30,9,21,37,30,7
"2011","E00014630","E00014630","Total",33,10,2,8,23,20,3
"2011","E00014621","E00014621","Total",167,35,14,21,132,102,30
"2011","E00014623","E00014623","Total",144,38,18,20,106,79,27
"2011","E00014626","E00014626","Total",103,33,8,25,70,63,7
"2011","E00014628","E00014628","Total",115,33,9,24,82,65,17
"2011","E00014634","E00014634","Total",135,31,10,21,104,73,31
"2011","E00014616","E00014616","Total",161,27,12,15,134,98,36
"2011","E00014622","E00014622","Total",209,42,12,30,167,117,50
"2011","E00014625","E00014625","Total",91,28,9,19,63,59,4
"2011","E00014633","E00014633","Total",142,32,10,22,110,87,23
"2011","E00014636","E00014636","Total",131,39,17,22,92,75,17
"2011","E00014619","E00014619","Total",91,45,14,31,46,41,5
"2011","E00014627","E00014627","Total",97,33,10,23,64,55,9
"2011","E00014631","E00014631","Total",91,48,14,34,43,34,9
"2011","E00014632","E00014632","Total",90,37,10,27,53,47,6
"2011","E00014641","E00014641","Total",51,15,8,7,36,24,12
"2011","E00014450","E00014450","Total",136,37,15,22,99,67,32
"2011","E00014451","E00014451","Total",137,24,10,14,113,82,31
"2011","E00014452","E00014452","Total",182,30,15,15,152,96,56
"2011","E00014453","E00014453","Total",76,16,5,11,60,49,11
"2011","E00014456","E00014456","Total",169,48,18,30,121,75,46
"2011","E00014458","E00014458","Total",150,38,9,29,112,73,39
"2011","E00014445","E00014445","Total",124,49,21,28,75,67,8
"2011","E00014446","E00014446","Total",94,25,10,15,69,60,9
"2011","E00014460","E00014460","Total",215,64,31,33,151,106,45
"2011","E00014462","E00014462","Total",132,39,19,20,93,66,27
"2011","E00014465","E00014465","Total",92,24,6,18,68,61,7
"2011","E00014454","E00014454","Total",166,33,11,22,133,91,42
"2011","E00014455","E00014455","Total",206,48,18,30,158,103,55
"2011","E00014457","E00014457","Total",150,25,10,15,125,84,41
"2011","E00014459","E00014459","Total",128,37,5,32,91,73,18
"2011","E00014463","E00014463","Total",89,26,9,17,63,43,20
"2011","E00014464","E00014464","Total",154,37,13,24,117,84,33
"2011","E00014635","E00014635","Total",103,37,10,27,66,56,10
"2011","E00014637","E00014637","Total",174,38,16,22,136,101,35
"2011","E00014638","E00014638","Total",118,32,9,23,86,58,28
"2011","E00014640","E00014640","Total",204,52,16,36,152,116,36
"2011","E00014643","E00014643","Total",140,30,13,17,110,80,30
"2011","E00014614","E00014614","Total",185,34,15,19,151,99,52
"2011","E00014617","E00014617","Total",217,37,14,23,180,118,62
"2011","E00014618","E00014618","Total",160,47,11,36,113,69,44
"2011","E00014639","E00014639","Total",229,55,16,39,174,118,56
"2011","E00014642","E00014642","Total",231,40,12,28,191,121,70
"2011","E00014644","E00014644","Total",221,50,17,33,171,112,59
"2011","E00014163","E00014163","Total",140,31,7,24,109,74,35
"2011","E00014168","E00014168","Total",166,35,17,18,131,88,43
"2011","E00014170","E00014170","Total",137,26,6,20,111,79,32
"2011","E00014171","E00014171","Total",132,33,15,18,99,78,21
"2011","E00014173","E00014173","Total",106,34,10,24,72,42,30
"2011","E00014175","E00014175","Total",157,24,4,20,133,79,54
"2011","E00014150","E00014150","Total",139,28,13,15,111,72,39
"2011","E00014151","E00014151","Total",164,40,11,29,124,85,39
"2011","E00014162","E00014162","Total",216,40,15,25,176,128,48
"2011","E00014164","E00014164","Total",115,34,11,23,81,53,28
"2011","E00014165","E00014165","Total",135,30,11,19,105,81,24
"2011","E00014167","E00014167","Total",153,34,14,20,119,70,49
"2011","E00014153","E00014153","Total",151,43,11,32,108,68,40
"2011","E00014166","E00014166","Total",102,21,4,17,81,57,24
"2011","E00014169","E00014169","Total",223,37,17,20,186,106,80
"2011","E00014172","E00014172","Total",173,35,13,22,138,89,49
"2011","E00014174","E00014174","Total",186,35,12,23,151,98,53
"2011","E00014177","E00014177","Total",115,30,4,26,85,71,14
"2011","E00014178","E00014178","Total",90,23,14,9,67,50,17
"2011","E00014152","E00014152","Total",242,40,14,26,202,103,99
"2011","E00014154","E00014154","Total",155,34,9,25,121,73,48
"2011","E00014157","E00014157","Total",146,44,18,26,102,69,33
"2011","E00014176","E00014176","Total",174,52,21,31,122,72,50
"2011","E00014179","E00014179","Total",86,27,12,15,59,43,16
"2011","E00014181","E00014181","Total",113,18,5,13,95,54,41
"2011","E00014302","E00014302","Total",151,32,13,19,119,79,40
"2011","E00014322","E00014322","Total",159,25,8,17,134,90,44
"2011","E00014325","E00014325","Total",187,39,14,25,148,103,45
"2011","E00014326","E00014326","Total",128,24,7,17,104,73,31
"2011","E00014328","E00014328","Total",215,62,28,34,153,113,40
"2011","E00014329","E00014329","Total",155,32,6,26,123,97,26
"2011","E00014412","E00014412","Total",119,36,18,18,83,70,13
"2011","E00014415","E00014415","Total",161,40,11,29,121,90,31
"2011","E00014419","E00014419","Total",92,28,14,14,64,56,8
"2011","E00014438","E00014438","Total",93,30,10,20,63,49,14
"2011","E00014439","E00014439","Total",88,16,4,12,72,53,19
"2011","E00014413","E00014413","Total",97,21,9,12,76,32,44
"2011","E00014414","E00014414","Total",116,36,11,25,80,62,18
"2011","E00014418","E00014418","Total",68,20,6,14,48,38,10
"2011","E00014422","E00014422","Total",80,25,7,18,55,42,13
"2011","E00014423","E00014423","Total",101,19,11,8,82,52,30
"2011","E00014425","E00014425","Total",99,29,10,19,70,38,32
"2011","E00014440","E00014440","Total",223,33,7,26,190,136,54
"2011","E00014442","E00014442","Total",104,39,10,29,65,47,18
"2011","E00014461","E00014461","Total",69,22,5,17,47,39,8
"2011","E00014468","E00014468","Total",108,40,17,23,68,54,14
"2011","E00014470","E00014470","Total",142,49,19,30,93,78,15
"2011","E00014443","E00014443","Total",110,31,5,26,79,61,18
"2011","E00014444","E00014444","Total",100,43,11,32,57,49,8
"2011","E00014466","E00014466","Total",108,33,9,24,75,63,12
"2011","E00014467","E00014467","Total",133,41,18,23,92,84,8
"2011","E00014469","E00014469","Total",108,23,9,14,85,66,19
"2011","E00014441","E00014441","Total",144,45,13,32,99,78,21
"2011","E00014447","E00014447","Total",148,47,20,27,101,82,19
"2011","E00014448","E00014448","Total",133,44,24,20,89,72,17
"2011","E00014449","E00014449","Total",145,27,9,18,118,81,37
"2011","E00014477","E00014477","Total",115,19,8,11,96,38,58
"2011","E00014490","E00014490","Total",75,12,6,6,63,50,13
"2011","E00014492","E00014492","Total",92,11,6,5,81,34,47
"2011","E00014494","E00014494","Total",117,38,10,28,79,39,40
"2011","E00014497","E00014497","Total",139,23,10,13,116,57,59
"2011","E00014498","E00014498","Total",93,26,6,20,67,31,36
"2011","E00014502","E00014502","Total",87,14,3,11,73,44,29
"2011","E00014473","E00014473","Total",170,45,17,28,125,48,77
"2011","E00014481","E00014481","Total",103,28,12,16,75,50,25
"2011","E00014484","E00014484","Total",117,28,10,18,89,41,48
"2011","E00014485","E00014485","Total",144,24,12,12,120,57,63
"2011","E00014486","E00014486","Total",152,24,7,17,128,81,47
"2011","E00014501","E00014501","Total",144,27,6,21,117,56,61
"2011","E00014506","E00014506","Total",115,24,11,13,91,34,57
"2011","E00014475","E00014475","Total",131,30,15,15,101,53,48
"2011","E00014482","E00014482","Total",143,12,5,7,131,75,56
"2011","E00014483","E00014483","Total",122,20,8,12,102,60,42
"2011","E00014495","E00014495","Total",130,27,12,15,103,57,46
"2011","E00014500","E00014500","Total",119,13,3,10,106,53,53
"2011","E00175087","E00175087","Total",196,53,28,25,143,79,64
"2011","E00014474","E00014474","Total",219,29,13,16,190,97,93
"2011","E00014476","E00014476","Total",147,27,12,15,120,80,40
"2011","E00014478","E00014478","Total",177,30,13,17,147,101,46
"2011","E00014479","E00014479","Total",140,20,7,13,120,79,41
"2011","E00014480","E00014480","Total",113,12,2,10,101,47,54
"2011","E00014496","E00014496","Total",115,21,12,9,94,62,32
"2011","E00014505","E00014505","Total",128,18,10,8,110,76,34
"2011","E00014471","E00014471","Total",89,14,6,8,75,22,53
"2011","E00014487","E00014487","Total",158,28,8,20,130,69,61
"2011","E00014488","E00014488","Total",128,20,7,13,108,56,52
"2011","E00014489","E00014489","Total",119,17,5,12,102,59,43
"2011","E00014491","E00014491","Total",155,22,1,21,133,57,76
"2011","E00014493","E00014493","Total",141,20,9,11,121,54,67
"2011","E00014499","E00014499","Total",104,21,6,15,83,47,36
"2011","E00014155","E00014155","Total",127,14,6,8,113,69,44
"2011","E00014156","E00014156","Total",120,18,7,11,102,48,54
"2011","E00014158","E00014158","Total",124,17,5,12,107,56,51
"2011","E00014159","E00014159","Total",108,22,13,9,86,49,37
"2011","E00014160","E00014160","Total",103,28,6,22,75,30,45
"2011","E00014161","E00014161","Total",150,18,6,12,132,64,68
"2011","E00014180","E00014180","Total",149,17,5,12,132,78,54
"2011","E00014408","E00014408","Total",110,22,8,14,88,41,47
"2011","E00014409","E00014409","Total",159,23,9,14,136,61,75
"2011","E00014410","E00014410","Total",185,33,12,21,152,61,91
"2011","E00014421","E00014421","Total",156,37,15,22,119,59,60
"2011","E00014426","E00014426","Total",138,29,13,16,109,60,49
"2011","E00014428","E00014428","Total",150,25,10,15,125,50,75
"2011","E00014407","E00014407","Total",106,24,11,13,82,64,18
"2011","E00014424","E00014424","Total",109,38,13,25,71,41,30
"2011","E00014427","E00014427","Total",141,39,15,24,102,43,59
"2011","E00014429","E00014429","Total",164,34,17,17,130,68,62
"2011","E00014430","E00014430","Total",175,27,9,18,148,73,75
"2011","E00014431","E00014431","Total",160,23,6,17,137,82,55
"2011","E00014432","E00014432","Total",151,27,11,16,124,51,73
"2011","E00014433","E00014433","Total",148,31,10,21,117,64,53
"2011","E00014434","E00014434","Total",160,31,9,22,129,77,52
"2011","E00014435","E00014435","Total",146,34,12,22,112,63,49
"2011","E00014411","E00014411","Total",126,27,5,22,99,51,48
"2011","E00014416","E00014416","Total",110,26,8,18,84,57,27
"2011","E00014417","E00014417","Total",129,33,11,22,96,37,59
"2011","E00014420","E00014420","Total",111,25,17,8,86,39,47
"2011","E00014436","E00014436","Total",142,32,10,22,110,52,58
"2011","E00014437","E00014437","Total",108,21,7,14,87,44,43
"2011","E00014120","E00014120","Total",124,21,10,11,103,47,56
"2011","E00014121","E00014121","Total",118,27,9,18,91,42,49
"2011","E00014125","E00014125","Total",158,44,13,31,114,57,57
"2011","E00014127","E00014127","Total",119,16,4,12,103,52,51
"2011","E00014130","E00014130","Total",164,45,10,35,119,63,56
"2011","E00014132","E00014132","Total",161,6,3,3,155,71,84
"2011","E00014122","E00014122","Total",81,15,4,11,66,36,30
"2011","E00014123","E00014123","Total",175,29,13,16,146,67,79
"2011","E00014124","E00014124","Total",150,30,12,18,120,60,60
"2011","E00014126","E00014126","Total",147,29,11,18,118,58,60
"2011","E00014129","E00014129","Total",168,31,15,16,137,62,75
"2011","E00014135","E00014135","Total",197,43,17,26,154,93,61
"2011","E00014118","E00014118","Total",186,11,7,4,175,118,57
"2011","E00014128","E00014128","Total",109,15,7,8,94,47,47
"2011","E00014131","E00014131","Total",86,10,7,3,76,36,40
"2011","E00014133","E00014133","Total",132,21,9,12,111,53,58
"2011","E00014134","E00014134","Total",120,12,5,7,108,48,60
"2011","E00014136","E00014136","Total",122,21,13,8,101,46,55
"2011","E00014137","E00014137","Total",136,19,8,11,117,55,62
"2011","E00014117","E00014117","Total",138,26,6,20,112,50,62
"2011","E00014138","E00014138","Total",172,25,7,18,147,63,84
"2011","E00014139","E00014139","Total",106,10,5,5,96,54,42
"2011","E00014142","E00014142","Total",149,15,2,13,134,77,57
"2011","E00014144","E00014144","Total",116,20,4,16,96,53,43
"2011","E00014145","E00014145","Total",137,30,10,20,107,55,52
"2011","E00014147","E00014147","Total",122,15,4,11,107,38,69
"2011","E00014148","E00014148","Total",126,20,3,17,106,46,60
"2011","E00014119","E00014119","Total",169,24,4,20,145,68,77
"2011","E00014140","E00014140","Total",145,23,12,11,122,61,61
"2011","E00014141","E00014141","Total",134,27,7,20,107,57,50
"2011","E00014143","E00014143","Total",126,8,2,6,118,55,63
"2011","E00014146","E00014146","Total",88,12,1,11,76,34,42
"2011","E00014149","E00014149","Total",76,12,5,7,64,47,17
"2011","E00014377","E00014377","Total",123,38,17,21,85,42,43
"2011","E00014384","E00014384","Total",152,38,14,24,114,71,43
"2011","E00014390","E00014390","Total",115,22,9,13,93,48,45
"2011","E00014392","E00014392","Total",94,16,8,8,78,44,34
"2011","E00014393","E00014393","Total",125,29,13,16,96,64,32
"2011","E00014378","E00014378","Total",224,47,9,38,177,119,58
"2011","E00014381","E00014381","Total",133,34,7,27,99,69,30
"2011","E00014386","E00014386","Total",190,42,15,27,148,95,53
"2011","E00014387","E00014387","Total",168,38,10,28,130,71,59
"2011","E00014388","E00014388","Total",137,27,12,15,110,79,31
"2011","E00014394","E00014394","Total",124,20,6,14,104,72,32
"2011","E00014375","E00014375","Total",180,51,18,33,129,89,40
"2011","E00014376","E00014376","Total",209,44,16,28,165,107,58
"2011","E00014395","E00014395","Total",140,31,10,21,109,75,34
"2011","E00014396","E00014396","Total",114,20,10,10,94,50,44
"2011","E00014397","E00014397","Total",250,45,13,32,205,131,74
"2011","E00014398","E00014398","Total",143,34,12,22,109,75,34
"2011","E00014380","E00014380","Total",109,25,13,12,84,38,46
"2011","E00014382","E00014382","Total",162,34,12,22,128,55,73
"2011","E00014383","E00014383","Total",167,30,14,16,137,66,71
"2011","E00014399","E00014399","Total",126,22,8,14,104,49,55
"2011","E00014400","E00014400","Total",146,33,10,23,113,59,54
"2011","E00014401","E00014401","Total",117,20,5,15,97,42,55
"2011","E00014372","E00014372","Total",130,19,8,11,111,58,53
"2011","E00014373","E00014373","Total",128,21,3,18,107,54,53
"2011","E00014402","E00014402","Total",93,20,8,12,73,43,30
"2011","E00014403","E00014403","Total",111,18,6,12,93,42,51
"2011","E00014404","E00014404","Total",136,18,8,10,118,77,41
"2011","E00014405","E00014405","Total",97,27,8,19,70,39,31
"2011","E00014406","E00014406","Total",107,25,8,17,82,59,23
"2011","E00014508","E00014508","Total",132,24,9,15,108,62,46
"2011","E00014509","E00014509","Total",144,20,8,12,124,63,61
"2011","E00014510","E00014510","Total",117,24,10,14,93,49,44
"2011","E00014511","E00014511","Total",116,14,9,5,102,55,47
"2011","E00014514","E00014514","Total",157,17,6,11,140,58,82
"2011","E00014535","E00014535","Total",165,29,12,17,136,65,71
"2011","E00014518","E00014518","Total",78,15,6,9,63,37,26
"2011","E00014519","E00014519","Total",94,42,25,17,52,29,23
"2011","E00014520","E00014520","Total",121,28,16,12,93,50,43
"2011","E00014526","E00014526","Total",133,13,3,10,120,73,47
"2011","E00014530","E00014530","Total",126,33,16,17,93,40,53
"2011","E00014531","E00014531","Total",102,9,3,6,93,46,47
"2011","E00014523","E00014523","Total",160,37,17,20,123,57,66
"2011","E00014524","E00014524","Total",117,16,5,11,101,47,54
"2011","E00014532","E00014532","Total",124,19,12,7,105,61,44
"2011","E00014537","E00014537","Total",143,25,14,11,118,49,69
"2011","E00014538","E00014538","Total",126,24,5,19,102,45,57
"2011","E00014539","E00014539","Total",117,26,9,17,91,36,55
"2011","E00014507","E00014507","Total",136,21,10,11,115,61,54
"2011","E00014521","E00014521","Total",128,20,10,10,108,55,53
"2011","E00014522","E00014522","Total",111,13,5,8,98,59,39
"2011","E00014525","E00014525","Total",152,22,6,16,130,49,81
"2011","E00014528","E00014528","Total",134,20,8,12,114,55,59
"2011","E00014529","E00014529","Total",90,12,6,6,78,34,44
"2011","E00014512","E00014512","Total",148,21,12,9,127,59,68
"2011","E00014527","E00014527","Total",136,23,10,13,113,46,67
"2011","E00014533","E00014533","Total",135,21,10,11,114,63,51
"2011","E00014534","E00014534","Total",149,18,8,10,131,58,73
"2011","E00014536","E00014536","Total",160,19,6,13,141,69,72
"2011","E00014540","E00014540","Total",134,20,6,14,114,64,50
"2011","E00014541","E00014541","Total",138,11,2,9,127,61,66
"2011","E00014044","E00014044","Total",151,25,13,12,126,46,80
"2011","E00014045","E00014045","Total",141,32,13,19,109,56,53
"2011","E00014047","E00014047","Total",166,17,4,13,149,71,78
"2011","E00014049","E00014049","Total",188,27,15,12,161,103,58
"2011","E00014067","E00014067","Total",176,37,14,23,139,64,75
"2011","E00014070","E00014070","Total",151,28,13,15,123,55,68
"2011","E00014052","E00014052","Total",130,39,10,29,91,60,31
"2011","E00014053","E00014053","Total",135,18,6,12,117,60,57
"2011","E00014054","E00014054","Total",100,15,5,10,85,43,42
"2011","E00014055","E00014055","Total",118,27,10,17,91,38,53
"2011","E00014057","E00014057","Total",106,13,6,7,93,51,42
"2011","E00014077","E00014077","Total",130,32,9,23,98,67,31
"2011","E00014043","E00014043","Total",131,12,6,6,119,69,50
"2011","E00014061","E00014061","Total",140,24,15,9,116,61,55
"2011","E00014063","E00014063","Total",213,40,13,27,173,88,85
"2011","E00014064","E00014064","Total",131,22,10,12,109,47,62
"2011","E00014066","E00014066","Total",99,20,10,10,79,34,45
"2011","E00014056","E00014056","Total",119,17,8,9,102,47,55
"2011","E00014062","E00014062","Total",133,24,11,13,109,49,60
"2011","E00014065","E00014065","Total",135,24,8,16,111,59,52
"2011","E00014068","E00014068","Total",124,26,10,16,98,42,56
"2011","E00014072","E00014072","Total",153,32,14,18,121,60,61
"2011","E00014076","E00014076","Total",112,25,11,14,87,42,45
"2011","E00014374","E00014374","Total",125,26,10,16,99,46,53
"2011","E00014379","E00014379","Total",130,27,14,13,103,45,58
"2011","E00014385","E00014385","Total",116,18,7,11,98,56,42
"2011","E00014389","E00014389","Total",120,7,3,4,113,46,67
"2011","E00014391","E00014391","Total",75,16,4,12,59,32,27
"2011","E00014083","E00014083","Total",80,15,8,7,65,26,39
"2011","E00014084","E00014084","Total",148,26,12,14,122,55,67
"2011","E00014085","E00014085","Total",130,31,11,20,99,54,45
"2011","E00014086","E00014086","Total",208,42,11,31,166,91,75
"2011","E00014087","E00014087","Total",145,38,10,28,107,46,61
"2011","E00014092","E00014092","Total",157,22,7,15,135,56,79
"2011","E00014095","E00014095","Total",139,16,6,10,123,69,54
"2011","E00014096","E00014096","Total",130,25,11,14,105,36,69
"2011","E00014088","E00014088","Total",105,11,5,6,94,41,53
"2011","E00014089","E00014089","Total",153,28,9,19,125,67,58
"2011","E00014090","E00014090","Total",131,17,8,9,114,49,65
"2011","E00014091","E00014091","Total",118,21,9,12,97,42,55
"2011","E00014093","E00014093","Total",106,23,10,13,83,34,49
"2011","E00014097","E00014097","Total",135,22,6,16,113,50,63
"2011","E00014098","E00014098","Total",106,26,16,10,80,43,37
"2011","E00014339","E00014339","Total",118,18,8,10,100,45,55
"2011","E00014342","E00014342","Total",146,19,10,9,127,48,79
"2011","E00014347","E00014347","Total",196,22,10,12,174,82,92
"2011","E00014363","E00014363","Total",104,27,6,21,77,29,48
"2011","E00014367","E00014367","Total",112,24,7,17,88,44,44
"2011","E00014368","E00014368","Total",136,21,4,17,115,49,66
"2011","E00014371","E00014371","Total",128,26,10,16,102,41,61
"2011","E00014338","E00014338","Total",103,21,12,9,82,36,46
"2011","E00014358","E00014358","Total",115,9,3,6,106,54,52
"2011","E00014361","E00014361","Total",144,18,11,7,126,40,86
"2011","E00014362","E00014362","Total",129,24,9,15,105,44,61
"2011","E00014365","E00014365","Total",93,17,9,8,76,32,44
"2011","E00014366","E00014366","Total",93,21,8,13,72,31,41
"2011","E00014370","E00014370","Total",162,15,8,7,147,66,81
"2011","E00014330","E00014330","Total",152,28,11,17,124,51,73
"2011","E00014331","E00014331","Total",124,27,7,20,97,41,56
"2011","E00014332","E00014332","Total",124,24,14,10,100,45,55
"2011","E00014356","E00014356","Total",84,17,4,13,67,32,35
"2011","E00014357","E00014357","Total",102,12,6,6,90,34,56
"2011","E00014359","E00014359","Total",95,15,5,10,80,32,48
"2011","E00014360","E00014360","Total",130,33,12,21,97,51,46
"2011","E00014048","E00014048","Total",153,23,7,16,130,57,73
"2011","E00014050","E00014050","Total",94,23,7,16,71,55,16
"2011","E00014069","E00014069","Total",129,18,10,8,111,46,65
"2011","E00014071","E00014071","Total",115,12,9,3,103,39,64
"2011","E00014073","E00014073","Total",153,20,4,16,133,69,64
"2011","E00014074","E00014074","Total",167,25,12,13,142,89,53
"2011","E00014075","E00014075","Total",139,35,15,20,104,48,56
"2011","E00014183","E00014183","Total",108,15,9,6,93,43,50
"2011","E00014189","E00014189","Total",106,9,6,3,97,57,40
"2011","E00014199","E00014199","Total",118,19,4,15,99,54,45
"2011","E00014200","E00014200","Total",105,22,6,16,83,48,35
"2011","E00014202","E00014202","Total",123,6,1,5,117,37,80
"2011","E00014206","E00014206","Total",64,5,3,2,59,29,30
"2011","E00014207","E00014207","Total",128,22,8,14,106,58,48
"2011","E00014184","E00014184","Total",110,24,7,17,86,42,44
"2011","E00014185","E00014185","Total",145,23,13,10,122,52,70
"2011","E00014186","E00014186","Total",111,18,7,11,93,45,48
"2011","E00014187","E00014187","Total",129,9,3,6,120,62,58
"2011","E00014188","E00014188","Total",104,18,6,12,86,30,56
"2011","E00014195","E00014195","Total",86,12,6,6,74,35,39
"2011","E00014219","E00014219","Total",51,15,10,5,36,25,11
"2011","E00014220","E00014220","Total",89,15,6,9,74,46,28
"2011","E00014259","E00014259","Total",32,9,3,6,23,16,7
"2011","E00014281","E00014281","Total",89,13,4,9,76,46,30
"2011","E00014282","E00014282","Total",136,35,12,23,101,57,44
"2011","E00014284","E00014284","Total",92,21,8,13,71,39,32
"2011","E00014286","E00014286","Total",114,28,12,16,86,54,32
"2011","E00014290","E00014290","Total",122,16,8,8,106,59,47
"2011","E00014292","E00014292","Total",141,25,11,14,116,70,46
"2011","E00014513","E00014513","Total",143,16,10,6,127,67,60
"2011","E00014515","E00014515","Total",126,28,13,15,98,51,47
"2011","E00014516","E00014516","Total",140,34,10,24,106,56,50
"2011","E00014517","E00014517","Total",323,31,11,20,292,148,144
"2011","E00014542","E00014542","Total",132,13,6,7,119,48,71
"2011","E00014543","E00014543","Total",146,21,13,8,125,60,65
"2011","E00014544","E00014544","Total",121,20,7,13,101,45,56
"2011","E00014078","E00014078","Total",79,16,9,7,63,29,34
"2011","E00014079","E00014079","Total",119,14,7,7,105,42,63
"2011","E00014094","E00014094","Total",137,19,9,10,118,49,69
"2011","E00014099","E00014099","Total",150,20,10,10,130,56,74
"2011","E00014100","E00014100","Total",140,29,8,21,111,47,64
"2011","E00014102","E00014102","Total",133,30,14,16,103,56,47
"2011","E00014108","E00014108","Total",139,33,9,24,106,55,51
"2011","E00014109","E00014109","Total",113,13,8,5,100,32,68
"2011","E00014110","E00014110","Total",104,27,7,20,77,61,16
"2011","E00014112","E00014112","Total",111,29,8,21,82,57,25
"2011","E00014113","E00014113","Total",71,21,7,14,50,38,12
"2011","E00014115","E00014115","Total",76,24,6,18,52,43,9
"2011","E00014346","E00014346","Total",106,13,6,7,93,44,49
"2011","E00014348","E00014348","Total",83,16,11,5,67,35,32
"2011","E00014349","E00014349","Total",157,35,18,17,122,64,58
"2011","E00014364","E00014364","Total",116,49,20,29,67,47,20
"2011","E00175096","E00175096","Total",101,36,11,25,65,57,8
"2011","E00014334","E00014334","Total",58,12,6,6,46,29,17
"2011","E00014336","E00014336","Total",127,23,8,15,104,45,59
"2011","E00014337","E00014337","Total",61,17,9,8,44,39,5
"2011","E00014345","E00014345","Total",124,21,11,10,103,50,53
"2011","E00014351","E00014351","Total",145,26,13,13,119,53,66
"2011","E00014353","E00014353","Total",110,11,2,9,99,37,62
"2011","E00014354","E00014354","Total",113,18,11,7,95,49,46
"2011","E00014335","E00014335","Total",154,36,15,21,118,81,37
"2011","E00014341","E00014341","Total",138,30,9,21,108,71,37
"2011","E00014344","E00014344","Total",295,48,18,30,247,165,82
"2011","E00014350","E00014350","Total",43,6,2,4,37,29,8
"2011","E00014352","E00014352","Total",71,26,6,20,45,25,20
"2011","E00014355","E00014355","Total",75,19,6,13,56,47,9
"2011","E00014046","E00014046","Total",132,27,11,16,105,67,38
"2011","E00014051","E00014051","Total",90,19,5,14,71,50,21
"2011","E00014058","E00014058","Total",161,32,14,18,129,74,55
"2011","E00014059","E00014059","Total",71,23,6,17,48,40,8
"2011","E00014060","E00014060","Total",159,47,15,32,112,78,34
"2011","E00175099","E00175099","Total",72,23,8,15,49,37,12
"2011","E00175100","E00175100","Total",225,55,18,37,170,106,64
"2011","E00014263","E00014263","Total",141,24,5,19,117,74,43
"2011","E00014264","E00014264","Total",144,19,6,13,125,67,58
"2011","E00014267","E00014267","Total",209,32,9,23,177,109,68
"2011","E00014268","E00014268","Total",171,24,8,16,147,61,86
"2011","E00014293","E00014293","Total",180,26,6,20,154,89,65
"2011","E00014299","E00014299","Total",163,23,13,10,140,70,70
"2011","E00014261","E00014261","Total",146,24,7,17,122,78,44
"2011","E00014262","E00014262","Total",118,18,7,11,100,60,40
"2011","E00014265","E00014265","Total",118,21,10,11,97,62,35
"2011","E00014266","E00014266","Total",163,33,11,22,130,75,55
"2011","E00014296","E00014296","Total",147,27,10,17,120,88,32
"2011","E00014297","E00014297","Total",130,22,10,12,108,62,46
"2011","E00014298","E00014298","Total",77,18,8,10,59,42,17
"2011","E00014260","E00014260","Total",148,29,11,18,119,72,47
"2011","E00014283","E00014283","Total",75,27,8,19,48,33,15
"2011","E00014287","E00014287","Total",81,14,8,6,67,45,22
"2011","E00014288","E00014288","Total",111,37,7,30,74,57,17
"2011","E00014289","E00014289","Total",125,23,5,18,102,72,30
"2011","E00014291","E00014291","Total",67,19,8,11,48,31,17
"2011","E00014294","E00014294","Total",76,20,7,13,56,40,16
"2011","E00014295","E00014295","Total",101,21,6,15,80,47,33
"2011","E00014101","E00014101","Total",146,16,7,9,130,69,61
"2011","E00014104","E00014104","Total",111,14,4,10,97,43,54
"2011","E00014105","E00014105","Total",166,24,7,17,142,79,63
"2011","E00014116","E00014116","Total",151,16,7,9,135,66,69
"2011","E00175090","E00175090","Total",148,15,5,10,133,60,73
"2011","E00014080","E00014080","Total",83,11,6,5,72,34,38
"2011","E00014081","E00014081","Total",152,28,12,16,124,53,71
"2011","E00014082","E00014082","Total",94,26,9,17,68,29,39
"2011","E00014103","E00014103","Total",95,15,6,9,80,32,48
"2011","E00014107","E00014107","Total",99,15,7,8,84,45,39
"2011","E00014111","E00014111","Total",123,17,8,9,106,47,59
"2011","E00014190","E00014190","Total",158,21,6,15,137,66,71
"2011","E00014191","E00014191","Total",146,19,10,9,127,60,67
"2011","E00014192","E00014192","Total",87,10,4,6,77,35,42
"2011","E00014193","E00014193","Total",143,14,5,9,129,60,69
"2011","E00014217","E00014217","Total",115,16,6,10,99,36,63
"2011","E00014218","E00014218","Total",182,13,4,9,169,63,106
"2011","E00014194","E00014194","Total",78,12,3,9,66,28,38
"2011","E00014197","E00014197","Total",157,21,8,13,136,55,81
"2011","E00014198","E00014198","Total",127,25,11,14,102,42,60
"2011","E00014201","E00014201","Total",80,15,6,9,65,33,32
"2011","E00014203","E00014203","Total",108,16,6,10,92,42,50
"2011","E00014204","E00014204","Total",146,20,8,12,126,51,75
"2011","E00014210","E00014210","Total",125,12,5,7,113,38,75
"2011","E00014196","E00014196","Total",84,10,2,8,74,37,37
"2011","E00014205","E00014205","Total",153,24,12,12,129,62,67
"2011","E00014208","E00014208","Total",106,18,9,9,88,46,42
"2011","E00014209","E00014209","Total",173,21,7,14,152,76,76
"2011","E00014213","E00014213","Total",137,16,5,11,121,54,67
"2011","E00014214","E00014214","Total",129,36,15,21,93,45,48
"2011","E00014270","E00014270","Total",91,32,10,22,59,43,16
"2011","E00014271","E00014271","Total",125,16,6,10,109,73,36
"2011","E00014274","E00014274","Total",129,28,12,16,101,71,30
"2011","E00014276","E00014276","Total",141,22,9,13,119,77,42
"2011","E00014277","E00014277","Total",137,24,11,13,113,77,36
"2011","E00014279","E00014279","Total",94,13,6,7,81,53,28
"2011","E00014280","E00014280","Total",91,22,9,13,69,41,28
"2011","E00014258","E00014258","Total",179,33,14,19,146,81,65
"2011","E00014269","E00014269","Total",125,21,5,16,104,57,47
"2011","E00014272","E00014272","Total",100,14,5,9,86,47,39
"2011","E00014273","E00014273","Total",113,12,6,6,101,55,46
"2011","E00014275","E00014275","Total",140,26,11,15,114,71,43
"2011","E00014278","E00014278","Total",107,12,7,5,95,41,54
"2011","E00014285","E00014285","Total",114,18,8,10,96,47,49
"2011","E00014545","E00014545","Total",188,22,5,17,166,100,66
"2011","E00014561","E00014561","Total",89,18,4,14,71,39,32
"2011","E00014563","E00014563","Total",145,23,6,17,122,62,60
"2011","E00014564","E00014564","Total",150,10,4,6,140,82,58
"2011","E00014567","E00014567","Total",192,27,8,19,165,86,79
"2011","E00014568","E00014568","Total",138,18,7,11,120,63,57
"2011","E00014569","E00014569","Total",133,34,19,15,99,69,30
"2011","E00014551","E00014551","Total",198,15,5,10,183,89,94
"2011","E00014554","E00014554","Total",123,22,12,10,101,38,63
"2011","E00014555","E00014555","Total",159,22,7,15,137,62,75
"2011","E00014556","E00014556","Total",159,16,6,10,143,78,65
"2011","E00014557","E00014557","Total",136,27,13,14,109,73,36
"2011","E00014577","E00014577","Total",112,20,9,11,92,38,54
"2011","E00014550","E00014550","Total",167,17,8,9,150,70,80
"2011","E00014553","E00014553","Total",109,19,3,16,90,43,47
"2011","E00014575","E00014575","Total",170,21,7,14,149,65,84
"2011","E00014576","E00014576","Total",95,8,2,6,87,44,43
"2011","E00014579","E00014579","Total",166,26,16,10,140,67,73
"2011","E00014580","E00014580","Total",105,15,4,11,90,34,56
"2011","E00014581","E00014581","Total",122,21,10,11,101,61,40
"2011","E00014595","E00014595","Total",108,17,3,14,91,44,47
"2011","E00014597","E00014597","Total",102,13,3,10,89,38,51
"2011","E00014600","E00014600","Total",84,17,6,11,67,44,23
"2011","E00014602","E00014602","Total",77,25,13,12,52,44,8
"2011","E00014604","E00014604","Total",87,31,14,17,56,42,14
"2011","E00014605","E00014605","Total",152,29,10,19,123,62,61
"2011","E00014603","E00014603","Total",127,27,11,16,100,59,41
"2011","E00014607","E00014607","Total",134,31,13,18,103,48,55
"2011","E00014609","E00014609","Total",125,17,9,8,108,47,61
"2011","E00014611","E00014611","Total",157,27,11,16,130,52,78
"2011","E00014612","E00014612","Total",106,16,8,8,90,51,39
"2011","E00014613","E00014613","Total",151,29,12,17,122,58,64
"2011","E00014594","E00014594","Total",121,26,8,18,95,44,51
"2011","E00014596","E00014596","Total",124,39,22,17,85,46,39
"2011","E00014601","E00014601","Total",102,18,9,9,84,35,49
"2011","E00014606","E00014606","Total",57,10,3,7,47,28,19
"2011","E00175091","E00175091","Total",85,11,4,7,74,43,31
"2011","E00014582","E00014582","Total",158,27,11,16,131,58,73
"2011","E00014583","E00014583","Total",110,8,2,6,102,43,59
"2011","E00014584","E00014584","Total",173,21,8,13,152,69,83
"2011","E00014585","E00014585","Total",175,23,12,11,152,68,84
"2011","E00014586","E00014586","Total",81,12,7,5,69,34,35
"2011","E00014587","E00014587","Total",76,24,7,17,52,40,12
"2011","E00014588","E00014588","Total",78,9,5,4,69,29,40
"2011","E00014589","E00014589","Total",132,25,10,15,107,47,60
"2011","E00014590","E00014590","Total",174,37,11,26,137,70,67
"2011","E00014591","E00014591","Total",155,26,12,14,129,52,77
"2011","E00014592","E00014592","Total",109,15,5,10,94,46,48
"2011","E00014593","E00014593","Total",127,10,5,5,117,54,63
"2011","E00014598","E00014598","Total",118,24,8,16,94,49,45
"2011","E00014599","E00014599","Total",140,26,14,12,114,54,60
"2011","E00014223","E00014223","Total",138,22,6,16,116,60,56
"2011","E00014224","E00014224","Total",144,20,6,14,124,65,59
"2011","E00014225","E00014225","Total",119,13,5,8,106,56,50
"2011","E00014226","E00014226","Total",83,13,8,5,70,39,31
"2011","E00014228","E00014228","Total",69,19,13,6,50,30,20
"2011","E00014229","E00014229","Total",75,14,5,9,61,38,23
"2011","E00014232","E00014232","Total",93,12,6,6,81,36,45
"2011","E00014227","E00014227","Total",138,38,18,20,100,52,48
"2011","E00014230","E00014230","Total",146,18,7,11,128,63,65
"2011","E00014231","E00014231","Total",113,29,8,21,84,34,50
"2011","E00014233","E00014233","Total",69,20,5,15,49,31,18
"2011","E00014234","E00014234","Total",114,20,3,17,94,54,40
"2011","E00014236","E00014236","Total",98,37,15,22,61,42,19
"2011","E00014651","E00014651","Total",64,16,6,10,48,24,24
"2011","E00014652","E00014652","Total",175,24,10,14,151,95,56
"2011","E00014654","E00014654","Total",95,15,6,9,80,43,37
"2011","E00014655","E00014655","Total",122,22,6,16,100,48,52
"2011","E00014656","E00014656","Total",119,30,12,18,89,44,45
"2011","E00014658","E00014658","Total",144,28,15,13,116,54,62
"2011","E00014657","E00014657","Total",138,23,11,12,115,46,69
"2011","E00014659","E00014659","Total",176,29,13,16,147,78,69
"2011","E00014660","E00014660","Total",195,23,10,13,172,76,96
"2011","E00014662","E00014662","Total",152,32,15,17,120,57,63
"2011","E00014668","E00014668","Total",130,31,13,18,99,44,55
"2011","E00014669","E00014669","Total",138,26,9,17,112,46,66
"2011","E00014646","E00014646","Total",178,19,8,11,159,69,90
"2011","E00014647","E00014647","Total",116,33,17,16,83,36,47
"2011","E00014648","E00014648","Total",213,28,17,11,185,120,65
"2011","E00014649","E00014649","Total",116,19,10,9,97,46,51
"2011","E00014650","E00014650","Total",109,19,8,11,90,52,38
"2011","E00014653","E00014653","Total",97,15,7,8,82,46,36
"2011","E00014182","E00014182","Total",121,15,6,9,106,45,61
"2011","E00014211","E00014211","Total",146,24,9,15,122,59,63
"2011","E00014212","E00014212","Total",115,12,3,9,103,42,61
"2011","E00014215","E00014215","Total",115,19,7,12,96,40,56
"2011","E00175097","E00175097","Total",116,38,34,4,78,30,48
"2011","E00175098","E00175098","Total",62,17,12,5,45,21,24
"2011","E00014546","E00014546","Total",134,24,10,14,110,53,57
"2011","E00014558","E00014558","Total",127,21,6,15,106,56,50
"2011","E00014560","E00014560","Total",147,31,11,20,116,57,59
"2011","E00014562","E00014562","Total",131,20,5,15,111,51,60
"2011","E00014578","E00014578","Total",175,19,8,11,156,66,90
"2011","E00014547","E00014547","Total",244,35,17,18,209,106,103
"2011","E00014548","E00014548","Total",139,14,6,8,125,64,61
"2011","E00014552","E00014552","Total",169,27,11,16,142,62,80
"2011","E00014559","E00014559","Total",199,13,8,5,186,96,90
"2011","E00014565","E00014565","Total",131,19,12,7,112,61,51
"2011","E00014566","E00014566","Total",196,30,10,20,166,99,67
"2011","E00014549","E00014549","Total",134,32,18,14,102,57,45
"2011","E00014570","E00014570","Total",169,22,4,18,147,76,71
"2011","E00014571","E00014571","Total",129,24,7,17,105,59,46
"2011","E00014572","E00014572","Total",94,24,9,15,70,53,17
"2011","E00014573","E00014573","Total",156,36,10,26,120,66,54
"2011","E00014574","E00014574","Total",124,16,4,12,108,62,46
"2011","E00014661","E00014661","Total",160,27,11,16,133,60,73
"2011","E00014663","E00014663","Total",119,20,9,11,99,56,43
"2011","E00014664","E00014664","Total",255,28,11,17,227,156,71
"2011","E00014665","E00014665","Total",117,17,6,11,100,54,46
"2011","E00014666","E00014666","Total",150,22,12,10,128,70,58
"2011","E00014667","E00014667","Total",146,36,13,23,110,74,36
"2011","E00014235","E00014235","Total",73,18,8,10,55,34,21
"2011","E00014237","E00014237","Total",51,9,2,7,42,29,13
"2011","E00014238","E00014238","Total",52,22,6,16,30,26,4
"2011","E00014239","E00014239","Total",85,32,11,21,53,40,13
"2011","E00014241","E00014241","Total",77,16,7,9,61,48,13
"2011","E00014244","E00014244","Total",87,26,9,17,61,47,14
"2011","E00014250","E00014250","Total",114,31,14,17,83,57,26
"2011","E00014221","E00014221","Total",146,22,11,11,124,81,43
"2011","E00014251","E00014251","Total",80,18,5,13,62,47,15
"2011","E00014252","E00014252","Total",119,17,10,7,102,71,31
"2011","E00014254","E00014254","Total",110,34,10,24,76,53,23
"2011","E00014255","E00014255","Total",79,19,7,12,60,35,25
"2011","E00014256","E00014256","Total",121,21,4,17,100,71,29
"2011","E00014257","E00014257","Total",107,25,12,13,82,44,38
"2011","E00014243","E00014243","Total",135,47,16,31,88,73,15
"2011","E00014246","E00014246","Total",48,17,5,12,31,27,4
"2011","E00014247","E00014247","Total",156,45,14,31,111,93,18
"2011","E00014249","E00014249","Total",79,30,7,23,49,35,14
"2011","E00014222","E00014222","Total",89,37,11,26,52,32,20
"2011","E00014240","E00014240","Total",115,46,16,30,69,57,12
"2011","E00014242","E00014242","Total",113,33,10,23,80,71,9
"2011","E00014248","E00014248","Total",109,23,9,14,86,58,28
"2011","E00175101","E00175101","Total",95,29,15,14,66,45,21
"2011","E00014645","E00014645","Total",153,26,10,16,127,71,56
"2011","E00014670","E00014670","Total",126,20,5,15,106,68,38
"2011","E00014671","E00014671","Total",124,26,10,16,98,59,39
"2011","E00014672","E00014672","Total",134,21,8,13,113,74,39
"2011","E00014673","E00014673","Total",125,25,6,19,100,45,55
"2011","E00175088","E00175088","Total",128,19,9,10,109,57,52
"2011","E00175089","E00175089","Total",122,14,5,9,108,50,58
"2011","E00175092","E00175092","Total",104,21,8,13,83,57,26
"2011","E00015169","E00015169","Total",149,39,11,28,110,82,28
"2011","E00015189","E00015189","Total",129,40,14,26,89,79,10
"2011","E00015190","E00015190","Total",148,47,16,31,101,87,14
"2011","E00015191","E00015191","Total",92,26,13,13,66,53,13
"2011","E00015192","E00015192","Total",90,21,9,12,69,49,20
"2011","E00015193","E00015193","Total",57,10,5,5,47,33,14
"2011","E00015194","E00015194","Total",79,15,4,11,64,57,7
"2011","E00015668","E00015668","Total",110,26,7,19,84,65,19
"2011","E00015688","E00015688","Total",172,21,7,14,151,107,44
"2011","E00015689","E00015689","Total",99,29,13,16,70,60,10
"2011","E00015695","E00015695","Total",124,26,7,19,98,86,12
"2011","E00015700","E00015700","Total",129,40,15,25,89,81,8
"2011","E00015702","E00015702","Total",108,26,6,20,82,70,12
"2011","E00015679","E00015679","Total",197,38,19,19,159,119,40
"2011","E00015680","E00015680","Total",165,32,9,23,133,99,34
"2011","E00015684","E00015684","Total",249,38,12,26,211,139,72
"2011","E00015686","E00015686","Total",140,30,9,21,110,76,34
"2011","E00171543","E00171543","Total",104,14,2,12,90,66,24
"2011","E00171546","E00171546","Total",127,21,8,13,106,86,20
"2011","E00171549","E00171549","Total",156,35,16,19,121,80,41
"2011","E00015690","E00015690","Total",113,34,18,16,79,65,14
"2011","E00015691","E00015691","Total",87,40,11,29,47,41,6
"2011","E00015692","E00015692","Total",144,34,10,24,110,89,21
"2011","E00015697","E00015697","Total",140,55,18,37,85,72,13
"2011","E00015699","E00015699","Total",142,40,17,23,102,79,23
"2011","E00015681","E00015681","Total",136,16,10,6,120,52,68
"2011","E00015682","E00015682","Total",105,26,13,13,79,60,19
"2011","E00015683","E00015683","Total",74,18,7,11,56,48,8
"2011","E00015687","E00015687","Total",149,44,15,29,105,84,21
"2011","E00015693","E00015693","Total",147,54,19,35,93,81,12
"2011","E00015701","E00015701","Total",120,25,9,16,95,82,13
"2011","E00015629","E00015629","Total",108,32,10,22,76,58,18
"2011","E00015660","E00015660","Total",191,31,9,22,160,107,53
"2011","E00015661","E00015661","Total",289,34,9,25,255,171,84
"2011","E00015662","E00015662","Total",166,53,13,40,113,94,19
"2011","E00015663","E00015663","Total",151,34,14,20,117,93,24
"2011","E00015667","E00015667","Total",131,24,12,12,107,78,29
"2011","E00015698","E00015698","Total",100,31,8,23,69,60,9
"2011","E00015704","E00015704","Total",116,33,8,25,83,75,8
"2011","E00015708","E00015708","Total",83,24,7,17,59,53,6
"2011","E00171547","E00171547","Total",221,38,8,30,183,153,30
"2011","E00171548","E00171548","Total",176,55,18,37,121,92,29
"2011","E00015664","E00015664","Total",175,33,7,26,142,105,37
"2011","E00015670","E00015670","Total",130,31,11,20,99,65,34
"2011","E00015694","E00015694","Total",193,34,17,17,159,109,50
"2011","E00015696","E00015696","Total",176,40,12,28,136,113,23
"2011","E00015703","E00015703","Total",220,35,8,27,185,126,59
"2011","E00015706","E00015706","Total",233,52,15,37,181,145,36
"2011","E00015665","E00015665","Total",160,30,9,21,130,97,33
"2011","E00015672","E00015672","Total",277,44,19,25,233,151,82
"2011","E00015673","E00015673","Total",143,34,12,22,109,84,25
"2011","E00015674","E00015674","Total",179,24,8,16,155,104,51
"2011","E00015677","E00015677","Total",165,45,16,29,120,108,12
"2011","E00015678","E00015678","Total",325,35,8,27,290,190,100
"2011","E00015669","E00015669","Total",96,36,13,23,60,47,13
"2011","E00015671","E00015671","Total",104,30,9,21,74,63,11
"2011","E00015675","E00015675","Total",193,43,13,30,150,119,31
"2011","E00015676","E00015676","Total",175,43,18,25,132,104,28
"2011","E00015707","E00015707","Total",144,38,12,26,106,92,14
"2011","E00171542","E00171542","Total",209,27,11,16,182,114,68
"2011","E00171544","E00171544","Total",170,24,10,14,146,113,33
"2011","E00171545","E00171545","Total",102,21,4,17,81,61,20
"2011","E00015622","E00015622","Total",190,46,10,36,144,99,45
"2011","E00015623","E00015623","Total",304,44,16,28,260,199,61
"2011","E00015624","E00015624","Total",192,34,10,24,158,117,41
"2011","E00015628","E00015628","Total",286,53,17,36,233,161,72
"2011","E00015630","E00015630","Total",136,27,16,11,109,92,17
"2011","E00015621","E00015621","Total",192,22,9,13,170,133,37
"2011","E00015637","E00015637","Total",194,31,12,19,163,111,52
"2011","E00015640","E00015640","Total",112,18,6,12,94,62,32
"2011","E00015642","E00015642","Total",201,57,22,35,144,117,27
"2011","E00015647","E00015647","Total",160,20,7,13,140,110,30
"2011","E00015655","E00015655","Total",168,26,9,17,142,116,26
"2011","E00015788","E00015788","Total",206,51,20,31,155,133,22
"2011","E00015793","E00015793","Total",171,25,8,17,146,115,31
"2011","E00015795","E00015795","Total",86,23,9,14,63,54,9
"2011","E00015797","E00015797","Total",182,36,15,21,146,113,33
"2011","E00171526","E00171526","Total",193,24,8,16,169,118,51
"2011","E00171527","E00171527","Total",137,24,8,16,113,98,15
"2011","E00171528","E00171528","Total",127,17,9,8,110,83,27
"2011","E00015789","E00015789","Total",312,55,24,31,257,207,50
"2011","E00015790","E00015790","Total",187,39,15,24,148,123,25
"2011","E00015791","E00015791","Total",150,56,23,33,94,82,12
"2011","E00015792","E00015792","Total",254,50,15,35,204,154,50
"2011","E00015796","E00015796","Total",245,34,12,22,211,153,58
"2011","E00015620","E00015620","Total",93,35,10,25,58,51,7
"2011","E00015627","E00015627","Total",201,36,10,26,165,116,49
"2011","E00015632","E00015632","Total",128,27,11,16,101,79,22
"2011","E00015636","E00015636","Total",170,42,10,32,128,110,18
"2011","E00015639","E00015639","Total",67,24,8,16,43,34,9
"2011","E00171529","E00171529","Total",181,38,14,24,143,116,27
"2011","E00171536","E00171536","Total",378,62,28,34,316,210,106
"2011","E00171537","E00171537","Total",122,26,5,21,96,57,39
"2011","E00171538","E00171538","Total",186,29,8,21,157,112,45
"2011","E00171539","E00171539","Total",183,15,3,12,168,116,52
"2011","E00171540","E00171540","Total",170,10,7,3,160,96,64
"2011","E00015641","E00015641","Total",221,44,19,25,177,138,39
"2011","E00015643","E00015643","Total",132,36,8,28,96,78,18
"2011","E00015648","E00015648","Total",185,36,11,25,149,118,31
"2011","E00015650","E00015650","Total",195,28,9,19,167,115,52
"2011","E00015654","E00015654","Total",100,24,8,16,76,59,17
"2011","E00015625","E00015625","Total",148,55,23,32,93,82,11
"2011","E00015631","E00015631","Total",81,26,10,16,55,47,8
"2011","E00015634","E00015634","Total",213,62,20,42,151,130,21
"2011","E00015635","E00015635","Total",276,42,9,33,234,170,64
"2011","E00015638","E00015638","Total",204,34,10,24,170,126,44
"2011","E00015633","E00015633","Total",238,28,13,15,210,168,42
"2011","E00015644","E00015644","Total",237,30,10,20,207,162,45
"2011","E00015645","E00015645","Total",260,22,6,16,238,181,57
"2011","E00015652","E00015652","Total",292,43,12,31,249,192,57
"2011","E00015653","E00015653","Total",239,46,21,25,193,157,36
"2011","E00015657","E00015657","Total",228,36,9,27,192,158,34
"2011","E00016077","E00016077","Total",185,31,12,19,154,120,34
"2011","E00016083","E00016083","Total",165,49,12,37,116,100,16
"2011","E00016086","E00016086","Total",163,28,10,18,135,97,38
"2011","E00016091","E00016091","Total",162,42,12,30,120,99,21
"2011","E00016094","E00016094","Total",150,29,7,22,121,107,14
"2011","E00016071","E00016071","Total",132,36,14,22,96,78,18
"2011","E00016072","E00016072","Total",178,35,16,19,143,105,38
"2011","E00016075","E00016075","Total",178,44,16,28,134,116,18
"2011","E00016076","E00016076","Total",109,28,4,24,81,66,15
"2011","E00016078","E00016078","Total",141,35,17,18,106,86,20
"2011","E00015646","E00015646","Total",108,20,9,11,88,73,15
"2011","E00015649","E00015649","Total",167,47,18,29,120,99,21
"2011","E00015651","E00015651","Total",133,39,12,27,94,75,19
"2011","E00015656","E00015656","Total",140,26,8,18,114,87,27
"2011","E00015658","E00015658","Total",144,25,10,15,119,94,25
"2011","E00015659","E00015659","Total",116,28,11,17,88,70,18
"2011","E00015757","E00015757","Total",111,39,14,25,72,60,12
"2011","E00015758","E00015758","Total",156,44,15,29,112,85,27
"2011","E00015761","E00015761","Total",123,44,18,26,79,64,15
"2011","E00015767","E00015767","Total",132,41,20,21,91,81,10
"2011","E00015798","E00015798","Total",198,55,19,36,143,120,23
"2011","E00015755","E00015755","Total",169,45,21,24,124,87,37
"2011","E00015766","E00015766","Total",191,47,18,29,144,89,55
"2011","E00015769","E00015769","Total",190,24,10,14,166,118,48
"2011","E00015772","E00015772","Total",142,23,6,17,119,98,21
"2011","E00015776","E00015776","Total",200,35,8,27,165,111,54
"2011","E00015799","E00015799","Total",83,13,5,8,70,55,15
"2011","E00015763","E00015763","Total",133,27,10,17,106,90,16
"2011","E00015764","E00015764","Total",144,41,12,29,103,76,27
"2011","E00015765","E00015765","Total",182,35,14,21,147,111,36
"2011","E00015768","E00015768","Total",194,41,20,21,153,123,30
"2011","E00015771","E00015771","Total",141,28,8,20,113,93,20
"2011","E00015754","E00015754","Total",159,50,18,32,109,87,22
"2011","E00015759","E00015759","Total",117,38,11,27,79,73,6
"2011","E00015760","E00015760","Total",163,38,14,24,125,108,17
"2011","E00015770","E00015770","Total",135,43,10,33,92,78,14
"2011","E00015794","E00015794","Total",141,54,23,31,87,74,13
"2011","E00016073","E00016073","Total",119,23,5,18,96,75,21
"2011","E00016074","E00016074","Total",164,40,9,31,124,110,14
"2011","E00016079","E00016079","Total",228,29,9,20,199,142,57
"2011","E00016080","E00016080","Total",119,39,9,30,80,68,12
"2011","E00016089","E00016089","Total",123,25,6,19,98,85,13
"2011","E00016082","E00016082","Total",99,35,10,25,64,52,12
"2011","E00016085","E00016085","Total",99,39,18,21,60,53,7
"2011","E00016095","E00016095","Total",118,28,8,20,90,73,17
"2011","E00016098","E00016098","Total",113,33,15,18,80,68,12
"2011","E00016102","E00016102","Total",121,40,15,25,81,72,9
"2011","E00016084","E00016084","Total",163,47,21,26,116,98,18
"2011","E00016088","E00016088","Total",141,32,10,22,109,87,22
"2011","E00016090","E00016090","Total",233,25,10,15,208,159,49
"2011","E00016092","E00016092","Total",128,23,6,17,105,81,24
"2011","E00016093","E00016093","Total",217,32,16,16,185,134,51
"2011","E00016101","E00016101","Total",76,19,9,10,57,40,17
"2011","E00016081","E00016081","Total",212,50,18,32,162,125,37
"2011","E00016097","E00016097","Total",272,34,5,29,238,171,67
"2011","E00016100","E00016100","Total",199,46,18,28,153,107,46
"2011","E00016106","E00016106","Total",154,27,8,19,127,94,33
"2011","E00016108","E00016108","Total",125,24,5,19,101,68,33
"2011","E00016109","E00016109","Total",241,45,18,27,196,143,53
"2011","E00016066","E00016066","Total",119,37,13,24,82,75,7
"2011","E00016067","E00016067","Total",125,38,14,24,87,73,14
"2011","E00016087","E00016087","Total",131,50,25,25,81,70,11
"2011","E00016096","E00016096","Total",224,59,18,41,165,129,36
"2011","E00016099","E00016099","Total",105,28,9,19,77,61,16
"2011","E00015584","E00015584","Total",162,52,16,36,110,93,17
"2011","E00015585","E00015585","Total",169,61,18,43,108,87,21
"2011","E00015586","E00015586","Total",169,67,17,50,102,81,21
"2011","E00015587","E00015587","Total",232,54,20,34,178,131,47
"2011","E00015589","E00015589","Total",150,54,12,42,96,76,20
"2011","E00015594","E00015594","Total",151,41,7,34,110,95,15
"2011","E00015595","E00015595","Total",352,27,7,20,325,243,82
"2011","E00015600","E00015600","Total",125,33,4,29,92,76,16
"2011","E00015601","E00015601","Total",110,31,7,24,79,62,17
"2011","E00015603","E00015603","Total",139,41,9,32,98,82,16
"2011","E00015588","E00015588","Total",164,37,12,25,127,115,12
"2011","E00015590","E00015590","Total",215,29,5,24,186,142,44
"2011","E00015591","E00015591","Total",159,49,14,35,110,100,10
"2011","E00015592","E00015592","Total",190,40,12,28,150,111,39
"2011","E00015596","E00015596","Total",78,20,6,14,58,44,14
"2011","E00015756","E00015756","Total",185,30,12,18,155,125,30
"2011","E00015773","E00015773","Total",162,44,16,28,118,100,18
"2011","E00015774","E00015774","Total",166,51,13,38,115,95,20
"2011","E00015777","E00015777","Total",120,39,14,25,81,65,16
"2011","E00015779","E00015779","Total",151,51,17,34,100,89,11
"2011","E00015778","E00015778","Total",119,32,7,25,87,76,11
"2011","E00015781","E00015781","Total",205,49,19,30,156,128,28
"2011","E00015783","E00015783","Total",119,31,10,21,88,69,19
"2011","E00015784","E00015784","Total",181,26,9,17,155,126,29
"2011","E00015785","E00015785","Total",116,36,16,20,80,71,9
"2011","E00015354","E00015354","Total",167,43,8,35,124,100,24
"2011","E00015355","E00015355","Total",139,59,18,41,80,68,12
"2011","E00015356","E00015356","Total",129,42,15,27,87,67,20
"2011","E00015360","E00015360","Total",131,61,18,43,70,61,9
"2011","E00015362","E00015362","Total",180,66,14,52,114,89,25
"2011","E00015359","E00015359","Total",176,59,20,39,117,90,27
"2011","E00015361","E00015361","Total",122,43,15,28,79,68,11
"2011","E00015366","E00015366","Total",138,50,10,40,88,79,9
"2011","E00015368","E00015368","Total",131,45,14,31,86,69,17
"2011","E00015371","E00015371","Total",101,35,10,25,66,53,13
"2011","E00015494","E00015494","Total",133,57,18,39,76,65,11
"2011","E00015496","E00015496","Total",135,24,8,16,111,89,22
"2011","E00015497","E00015497","Total",126,44,16,28,82,72,10
"2011","E00015499","E00015499","Total",106,31,9,22,75,68,7
"2011","E00015502","E00015502","Total",160,51,15,36,109,93,16
"2011","E00016068","E00016068","Total",238,63,14,49,175,147,28
"2011","E00016069","E00016069","Total",234,53,19,34,181,140,41
"2011","E00016103","E00016103","Total",126,28,7,21,98,74,24
"2011","E00016104","E00016104","Total",164,44,16,28,120,95,25
"2011","E00016105","E00016105","Total",146,37,13,24,109,90,19
"2011","E00016070","E00016070","Total",103,38,9,29,65,55,10
"2011","E00016107","E00016107","Total",144,30,8,22,114,96,18
"2011","E00016110","E00016110","Total",170,58,21,37,112,98,14
"2011","E00016111","E00016111","Total",180,51,17,34,129,110,19
"2011","E00015574","E00015574","Total",252,31,11,20,221,169,52
"2011","E00015578","E00015578","Total",199,51,18,33,148,116,32
"2011","E00015579","E00015579","Total",270,36,14,22,234,175,59
"2011","E00015581","E00015581","Total",210,60,17,43,150,118,32
"2011","E00015583","E00015583","Total",135,47,17,30,88,68,20
"2011","E00015593","E00015593","Total",156,57,17,40,99,82,17
"2011","E00015597","E00015597","Total",187,52,19,33,135,112,23
"2011","E00015598","E00015598","Total",237,41,11,30,196,154,42
"2011","E00171521","E00171521","Total",71,23,7,16,48,41,7
"2011","E00171522","E00171522","Total",147,54,28,26,93,82,11
"2011","E00171523","E00171523","Total",114,36,12,24,78,71,7
"2011","E00171552","E00171552","Total",117,7,3,4,110,96,14
"2011","E00015605","E00015605","Total",120,33,12,21,87,75,12
"2011","E00015606","E00015606","Total",145,39,14,25,106,93,13
"2011","E00015609","E00015609","Total",178,30,6,24,148,125,23
"2011","E00015612","E00015612","Total",226,27,5,22,199,152,47
"2011","E00015614","E00015614","Total",265,36,17,19,229,174,55
"2011","E00015575","E00015575","Total",304,24,10,14,280,214,66
"2011","E00015577","E00015577","Total",252,42,17,25,210,170,40
"2011","E00015580","E00015580","Total",217,30,8,22,187,142,45
"2011","E00015611","E00015611","Total",335,51,20,31,284,223,61
"2011","E00015613","E00015613","Total",232,28,11,17,204,154,50
"2011","E00015617","E00015617","Total",179,25,11,14,154,106,48
"2011","E00015775","E00015775","Total",236,34,14,20,202,146,56
"2011","E00015780","E00015780","Total",199,52,20,32,147,120,27
"2011","E00015782","E00015782","Total",161,41,14,27,120,92,28
"2011","E00015786","E00015786","Total",202,27,8,19,175,121,54
"2011","E00015787","E00015787","Total",209,36,11,25,173,135,38
"2011","E00015353","E00015353","Total",203,70,23,47,133,117,16
"2011","E00015357","E00015357","Total",136,45,19,26,91,76,15
"2011","E00015358","E00015358","Total",129,37,6,31,92,88,4
"2011","E00171531","E00171531","Total",145,33,10,23,112,98,14
"2011","E00171532","E00171532","Total",168,43,14,29,125,105,20
"2011","E00015363","E00015363","Total",171,35,11,24,136,102,34
"2011","E00015372","E00015372","Total",109,35,14,21,74,66,8
"2011","E00015374","E00015374","Total",130,28,10,18,102,73,29
"2011","E00015375","E00015375","Total",107,43,13,30,64,56,8
"2011","E00015382","E00015382","Total",324,58,29,29,266,215,51
"2011","E00015341","E00015341","Total",167,41,10,31,126,102,24
"2011","E00015364","E00015364","Total",187,56,17,39,131,108,23
"2011","E00015367","E00015367","Total",166,56,20,36,110,96,14
"2011","E00015369","E00015369","Total",111,33,9,24,78,69,9
"2011","E00015373","E00015373","Total",112,32,13,19,80,70,10
"2011","E00015398","E00015398","Total",258,60,19,41,198,164,34
"2011","E00015399","E00015399","Total",74,30,12,18,44,42,2
"2011","E00015401","E00015401","Total",173,46,8,38,127,111,16
"2011","E00015403","E00015403","Total",132,44,26,18,88,66,22
"2011","E00015404","E00015404","Total",142,38,14,24,104,91,13
"2011","E00015400","E00015400","Total",136,48,20,28,88,80,8
"2011","E00015402","E00015402","Total",159,51,13,38,108,98,10
"2011","E00015405","E00015405","Total",148,44,21,23,104,88,16
"2011","E00015406","E00015406","Total",106,26,12,14,80,70,10
"2011","E00015407","E00015407","Total",136,44,17,27,92,72,20
"2011","E00015408","E00015408","Total",144,57,19,38,87,71,16
"2011","E00015409","E00015409","Total",121,43,10,33,78,67,11
"2011","E00015413","E00015413","Total",183,36,9,27,147,118,29
"2011","E00015414","E00015414","Total",284,74,41,33,210,155,55
"2011","E00015332","E00015332","Total",144,52,14,38,92,79,13
"2011","E00015333","E00015333","Total",124,25,11,14,99,81,18
"2011","E00015334","E00015334","Total",267,40,10,30,227,159,68
"2011","E00015335","E00015335","Total",341,49,19,30,292,201,91
"2011","E00015337","E00015337","Total",172,30,6,24,142,88,54
"2011","E00015301","E00015301","Total",193,32,13,19,161,120,41
"2011","E00015309","E00015309","Total",194,23,7,16,171,111,60
"2011","E00015311","E00015311","Total",221,21,8,13,200,137,63
"2011","E00015316","E00015316","Total",270,26,9,17,244,188,56
"2011","E00015321","E00015321","Total",260,37,12,25,223,160,63
"2011","E00015293","E00015293","Total",228,19,5,14,209,143,66
"2011","E00015297","E00015297","Total",150,30,11,19,120,92,28
"2011","E00015300","E00015300","Total",164,21,5,16,143,99,44
"2011","E00015303","E00015303","Total",181,19,9,10,162,111,51
"2011","E00015305","E00015305","Total",168,28,13,15,140,98,42
"2011","E00015306","E00015306","Total",86,16,5,11,70,49,21
"2011","E00015582","E00015582","Total",247,36,15,21,211,160,51
"2011","E00015615","E00015615","Total",230,37,12,25,193,142,51
"2011","E00015616","E00015616","Total",266,26,10,16,240,179,61
"2011","E00015618","E00015618","Total",208,29,12,17,179,119,60
"2011","E00015619","E00015619","Total",245,29,12,17,216,170,46
"2011","E00171519","E00171519","Total",209,19,6,13,190,152,38
"2011","E00171551","E00171551","Total",210,11,3,8,199,128,71
"2011","E00015576","E00015576","Total",281,35,12,23,246,192,54
"2011","E00015602","E00015602","Total",226,44,13,31,182,120,62
"2011","E00015604","E00015604","Total",207,43,12,31,164,121,43
"2011","E00015607","E00015607","Total",179,26,12,14,153,114,39
"2011","E00015608","E00015608","Total",240,26,5,21,214,144,70
"2011","E00015298","E00015298","Total",192,26,12,14,166,133,33
"2011","E00015302","E00015302","Total",79,25,4,21,54,46,8
"2011","E00015336","E00015336","Total",148,25,9,16,123,110,13
"2011","E00015339","E00015339","Total",182,31,8,23,151,121,30
"2011","E00015340","E00015340","Total",143,33,5,28,110,87,23
"2011","E00015295","E00015295","Total",168,18,8,10,150,99,51
"2011","E00015296","E00015296","Total",198,23,7,16,175,123,52
"2011","E00015299","E00015299","Total",155,19,5,14,136,94,42
"2011","E00015304","E00015304","Total",165,21,4,17,144,87,57
"2011","E00015313","E00015313","Total",141,15,6,9,126,86,40
"2011","E00015338","E00015338","Total",218,30,10,20,188,124,64
"2011","E00015307","E00015307","Total",186,21,6,15,165,111,54
"2011","E00015315","E00015315","Total",198,26,12,14,172,113,59
"2011","E00015317","E00015317","Total",189,28,8,20,161,100,61
"2011","E00015319","E00015319","Total",176,34,8,26,142,93,49
"2011","E00015324","E00015324","Total",274,20,2,18,254,174,80
"2011","E00171520","E00171520","Total",217,19,3,16,198,120,78
"2011","E00171550","E00171550","Total",207,19,7,12,188,120,68
"2011","E00015294","E00015294","Total",166,20,9,11,146,96,50
"2011","E00015308","E00015308","Total",197,37,12,25,160,115,45
"2011","E00015312","E00015312","Total",172,17,6,11,155,95,60
"2011","E00015318","E00015318","Total",144,30,11,19,114,74,40
"2011","E00015325","E00015325","Total",134,25,8,17,109,67,42
"2011","E00015314","E00015314","Total",179,23,9,14,156,125,31
"2011","E00015322","E00015322","Total",118,22,11,11,96,82,14
"2011","E00015323","E00015323","Total",143,17,5,12,126,91,35
"2011","E00015326","E00015326","Total",113,25,9,16,88,71,17
"2011","E00015329","E00015329","Total",100,6,1,5,94,52,42
"2011","E00015487","E00015487","Total",203,46,21,25,157,116,41
"2011","E00015514","E00015514","Total",141,31,14,17,110,71,39
"2011","E00015517","E00015517","Total",205,55,20,35,150,107,43
"2011","E00015519","E00015519","Total",153,37,10,27,116,79,37
"2011","E00015522","E00015522","Total",266,52,12,40,214,156,58
"2011","E00015485","E00015485","Total",199,46,17,29,153,124,29
"2011","E00015486","E00015486","Total",116,30,8,22,86,71,15
"2011","E00015515","E00015515","Total",161,35,7,28,126,109,17
"2011","E00015516","E00015516","Total",142,30,8,22,112,90,22
"2011","E00015518","E00015518","Total",230,56,18,38,174,128,46
"2011","E00015495","E00015495","Total",228,59,27,32,169,143,26
"2011","E00015498","E00015498","Total",119,45,13,32,74,60,14
"2011","E00015500","E00015500","Total",202,44,12,32,158,133,25
"2011","E00015501","E00015501","Total",212,38,13,25,174,145,29
"2011","E00015505","E00015505","Total",248,61,19,42,187,151,36
"2011","E00015506","E00015506","Total",170,51,18,33,119,98,21
"2011","E00015484","E00015484","Total",230,55,23,32,175,143,32
"2011","E00015503","E00015503","Total",190,34,16,18,156,124,32
"2011","E00015504","E00015504","Total",168,32,7,25,136,103,33
"2011","E00015508","E00015508","Total",260,51,19,32,209,170,39
"2011","E00015510","E00015510","Total",224,49,19,30,175,141,34
"2011","E00015507","E00015507","Total",193,41,11,30,152,114,38
"2011","E00015509","E00015509","Total",215,47,14,33,168,135,33
"2011","E00015511","E00015511","Total",169,34,14,20,135,103,32
"2011","E00015512","E00015512","Total",160,31,8,23,129,106,23
"2011","E00015513","E00015513","Total",179,36,12,24,143,113,30
"2011","E00015209","E00015209","Total",260,41,11,30,219,166,53
"2011","E00015210","E00015210","Total",180,25,8,17,155,118,37
"2011","E00015212","E00015212","Total",171,23,7,16,148,121,27
"2011","E00015217","E00015217","Total",229,32,10,22,197,150,47
"2011","E00015219","E00015219","Total",397,43,23,20,354,273,81
"2011","E00015221","E00015221","Total",213,32,13,19,181,144,37
"2011","E00015390","E00015390","Total",222,27,9,18,195,142,53
"2011","E00015410","E00015410","Total",261,37,13,24,224,168,56
"2011","E00015411","E00015411","Total",224,18,7,11,206,163,43
"2011","E00015412","E00015412","Total",271,33,12,21,238,183,55
"2011","E00015419","E00015419","Total",252,21,10,11,231,158,73
"2011","E00015415","E00015415","Total",286,42,17,25,244,193,51
"2011","E00015416","E00015416","Total",308,29,10,19,279,191,88
"2011","E00015418","E00015418","Total",288,28,11,17,260,188,72
"2011","E00015420","E00015420","Total",280,17,3,14,263,189,74
"2011","E00015428","E00015428","Total",297,26,9,17,271,188,83
"2011","E00015423","E00015423","Total",306,31,16,15,275,202,73
"2011","E00015425","E00015425","Total",352,32,6,26,320,250,70
"2011","E00015426","E00015426","Total",237,23,8,15,214,173,41
"2011","E00015427","E00015427","Total",194,33,10,23,161,122,39
"2011","E00015429","E00015429","Total",223,30,10,20,193,148,45
"2011","E00015394","E00015394","Total",249,29,16,13,220,165,55
"2011","E00015397","E00015397","Total",464,66,11,55,398,314,84
"2011","E00015430","E00015430","Total",214,30,11,19,184,138,46
"2011","E00015431","E00015431","Total",205,24,5,19,181,147,34
"2011","E00015434","E00015434","Total",273,44,18,26,229,176,53
"2011","E00015207","E00015207","Total",161,34,5,29,127,113,14
"2011","E00015208","E00015208","Total",314,38,19,19,276,215,61
"2011","E00015211","E00015211","Total",200,25,6,19,175,138,37
"2011","E00015213","E00015213","Total",228,44,12,32,184,139,45
"2011","E00015214","E00015214","Total",176,44,16,28,132,105,27
"2011","E00015343","E00015343","Total",134,25,8,17,109,89,20
"2011","E00015345","E00015345","Total",246,40,13,27,206,173,33
"2011","E00015384","E00015384","Total",261,56,15,41,205,153,52
"2011","E00015386","E00015386","Total",192,22,12,10,170,130,40
"2011","E00015387","E00015387","Total",226,33,8,25,193,158,35
"2011","E00015342","E00015342","Total",200,59,21,38,141,122,19
"2011","E00015378","E00015378","Total",117,51,20,31,66,58,8
"2011","E00015381","E00015381","Total",146,55,16,39,91,77,14
"2011","E00015383","E00015383","Total",184,50,12,38,134,107,27
"2011","E00015388","E00015388","Total",107,32,8,24,75,62,13
"2011","E00015391","E00015391","Total",240,28,10,18,212,152,60
"2011","E00015417","E00015417","Total",167,31,9,22,136,105,31
"2011","E00015421","E00015421","Total",149,30,13,17,119,99,20
"2011","E00015422","E00015422","Total",95,17,6,11,78,55,23
"2011","E00015424","E00015424","Total",142,18,2,16,124,88,36
"2011","E00015432","E00015432","Total",150,38,14,24,112,90,22
"2011","E00016043","E00016043","Total",80,36,17,19,44,37,7
"2011","E00016044","E00016044","Total",105,34,8,26,71,62,9
"2011","E00016045","E00016045","Total",186,49,11,38,137,121,16
"2011","E00016046","E00016046","Total",143,52,10,42,91,81,10
"2011","E00016047","E00016047","Total",140,39,13,26,101,84,17
"2011","E00016048","E00016048","Total",176,47,17,30,129,104,25
"2011","E00015250","E00015250","Total",210,18,5,13,192,129,63
"2011","E00015266","E00015266","Total",87,16,6,10,71,58,13
"2011","E00015283","E00015283","Total",268,35,16,19,233,151,82
"2011","E00015285","E00015285","Total",201,21,9,12,180,134,46
"2011","E00015288","E00015288","Total",195,18,7,11,177,134,43
"2011","E00015291","E00015291","Total",221,19,9,10,202,149,53
"2011","E00015280","E00015280","Total",245,24,8,16,221,162,59
"2011","E00015281","E00015281","Total",155,25,7,18,130,86,44
"2011","E00015282","E00015282","Total",117,31,8,23,86,76,10
"2011","E00015284","E00015284","Total",164,27,7,20,137,91,46
"2011","E00015286","E00015286","Total",134,37,11,26,97,79,18
"2011","E00015287","E00015287","Total",156,27,5,22,129,106,23
"2011","E00015320","E00015320","Total",114,36,9,27,78,69,9
"2011","E00015327","E00015327","Total",192,19,5,14,173,126,47
"2011","E00015328","E00015328","Total",192,38,14,24,154,123,31
"2011","E00015330","E00015330","Total",212,42,16,26,170,144,26
"2011","E00015331","E00015331","Total",171,42,17,25,129,118,11
"2011","E00015392","E00015392","Total",172,29,8,21,143,111,32
"2011","E00015393","E00015393","Total",205,43,6,37,162,127,35
"2011","E00015395","E00015395","Total",118,31,9,22,87,79,8
"2011","E00015396","E00015396","Total",146,32,8,24,114,94,20
"2011","E00015433","E00015433","Total",305,39,16,23,266,206,60
"2011","E00015346","E00015346","Total",168,30,5,25,138,107,31
"2011","E00015347","E00015347","Total",217,35,9,26,182,143,39
"2011","E00015348","E00015348","Total",205,42,12,30,163,130,33
"2011","E00015349","E00015349","Total",218,55,14,41,163,123,40
"2011","E00015351","E00015351","Total",212,38,13,25,174,141,33
"2011","E00015344","E00015344","Total",143,59,28,31,84,76,8
"2011","E00015350","E00015350","Total",137,39,16,23,98,80,18
"2011","E00015352","E00015352","Total",119,41,16,25,78,63,15
"2011","E00015385","E00015385","Total",62,12,4,8,50,40,10
"2011","E00015389","E00015389","Total",114,42,15,27,72,63,9
"2011","E00015370","E00015370","Total",152,46,13,33,106,84,22
"2011","E00015376","E00015376","Total",118,33,10,23,85,69,16
"2011","E00015377","E00015377","Total",261,50,16,34,211,164,47
"2011","E00015379","E00015379","Total",112,36,10,26,76,62,14
"2011","E00015380","E00015380","Total",118,47,11,36,71,59,12
"2011","E00015489","E00015489","Total",273,46,13,33,227,161,66
"2011","E00015520","E00015520","Total",252,44,12,32,208,158,50
"2011","E00015523","E00015523","Total",282,65,23,42,217,167,50
"2011","E00015524","E00015524","Total",255,49,10,39,206,168,38
"2011","E00171524","E00171524","Total",227,35,9,26,192,137,55
"2011","E00171525","E00171525","Total",242,31,9,22,211,174,37
"2011","E00015488","E00015488","Total",295,58,17,41,237,173,64
"2011","E00015490","E00015490","Total",297,58,16,42,239,192,47
"2011","E00015491","E00015491","Total",296,52,14,38,244,194,50
"2011","E00015492","E00015492","Total",96,38,14,24,58,44,14
"2011","E00015493","E00015493","Total",246,44,13,31,202,150,52
"2011","E00015525","E00015525","Total",187,48,11,37,139,110,29
"2011","E00015251","E00015251","Total",192,14,4,10,178,120,58
"2011","E00015252","E00015252","Total",122,14,6,8,108,74,34
"2011","E00015259","E00015259","Total",204,30,12,18,174,113,61
"2011","E00015262","E00015262","Total",216,11,4,7,205,138,67
"2011","E00015263","E00015263","Total",84,12,8,4,72,46,26
"2011","E00015267","E00015267","Total",246,16,3,13,230,153,77
"2011","E00015253","E00015253","Total",191,24,10,14,167,94,73
"2011","E00015261","E00015261","Total",204,42,15,27,162,94,68
"2011","E00015289","E00015289","Total",220,33,6,27,187,124,63
"2011","E00015292","E00015292","Total",203,33,11,22,170,97,73
"2011","E00015260","E00015260","Total",210,25,13,12,185,120,65
"2011","E00015264","E00015264","Total",79,14,5,9,65,52,13
"2011","E00015270","E00015270","Total",209,22,7,15,187,129,58
"2011","E00015272","E00015272","Total",200,33,15,18,167,104,63
"2011","E00015273","E00015273","Total",141,25,8,17,116,87,29
"2011","E00015257","E00015257","Total",349,35,11,24,314,192,122
"2011","E00015265","E00015265","Total",190,22,8,14,168,112,56
"2011","E00015268","E00015268","Total",269,29,9,20,240,161,79
"2011","E00015269","E00015269","Total",257,44,17,27,213,132,81
"2011","E00015274","E00015274","Total",224,19,5,14,205,138,67
"2011","E00015254","E00015254","Total",162,26,9,17,136,77,59
"2011","E00015255","E00015255","Total",181,24,10,14,157,89,68
"2011","E00015256","E00015256","Total",214,23,6,17,191,122,69
"2011","E00015258","E00015258","Total",190,50,13,37,140,74,66
"2011","E00015290","E00015290","Total",162,35,9,26,127,100,27
"2011","E00015215","E00015215","Total",205,50,18,32,155,125,30
"2011","E00015216","E00015216","Total",150,15,3,12,135,112,23
"2011","E00015218","E00015218","Total",166,37,16,21,129,104,25
"2011","E00015220","E00015220","Total",205,42,10,32,163,118,45
"2011","E00015222","E00015222","Total",231,19,4,15,212,160,52
"2011","E00015223","E00015223","Total",212,30,13,17,182,144,38
"2011","E00015228","E00015228","Total",270,42,14,28,228,184,44
"2011","E00016025","E00016025","Total",125,21,7,14,104,83,21
"2011","E00016027","E00016027","Total",183,26,7,19,157,133,24
"2011","E00016059","E00016059","Total",222,46,22,24,176,144,32
"2011","E00016060","E00016060","Total",149,30,10,20,119,97,22
"2011","E00016062","E00016062","Total",140,21,9,12,119,96,23
"2011","E00016063","E00016063","Total",229,35,14,21,194,151,43
"2011","E00016023","E00016023","Total",199,38,14,24,161,123,38
"2011","E00016026","E00016026","Total",207,39,12,27,168,135,33
"2011","E00016029","E00016029","Total",208,50,18,32,158,126,32
"2011","E00016030","E00016030","Total",188,34,14,20,154,129,25
"2011","E00016032","E00016032","Total",210,56,13,43,154,115,39
"2011","E00016021","E00016021","Total",178,43,15,28,135,103,32
"2011","E00016049","E00016049","Total",193,42,13,29,151,127,24
"2011","E00016050","E00016050","Total",207,45,13,32,162,129,33
"2011","E00016052","E00016052","Total",175,39,9,30,136,108,28
"2011","E00016053","E00016053","Total",219,41,12,29,178,138,40
"2011","E00016022","E00016022","Total",165,30,12,18,135,101,34
"2011","E00016051","E00016051","Total",245,31,9,22,214,177,37
"2011","E00016054","E00016054","Total",247,38,9,29,209,174,35
"2011","E00016055","E00016055","Total",210,44,16,28,166,127,39
"2011","E00016056","E00016056","Total",187,36,12,24,151,118,33
"2011","E00015203","E00015203","Total",150,42,8,34,108,96,12
"2011","E00015224","E00015224","Total",133,29,9,20,104,83,21
"2011","E00015225","E00015225","Total",90,25,9,16,65,57,8
"2011","E00015227","E00015227","Total",175,38,9,29,137,118,19
"2011","E00015233","E00015233","Total",210,43,17,26,167,125,42
"2011","E00015226","E00015226","Total",145,42,18,24,103,80,23
"2011","E00015229","E00015229","Total",128,9,2,7,119,94,25
"2011","E00015230","E00015230","Total",144,25,7,18,119,90,29
"2011","E00015231","E00015231","Total",212,43,14,29,169,135,34
"2011","E00015234","E00015234","Total",203,35,14,21,168,126,42
"2011","E00015235","E00015235","Total",238,41,16,25,197,159,38
"2011","E00015237","E00015237","Total",222,40,13,27,182,145,37
"2011","E00015239","E00015239","Total",185,39,9,30,146,111,35
"2011","E00015240","E00015240","Total",193,22,10,12,171,148,23
"2011","E00015241","E00015241","Total",286,44,14,30,242,203,39
"2011","E00015244","E00015244","Total",310,56,21,35,254,207,47
"2011","E00015248","E00015248","Total",335,71,27,44,264,225,39
"2011","E00015232","E00015232","Total",252,55,20,35,197,171,26
"2011","E00015236","E00015236","Total",120,34,9,25,86,73,13
"2011","E00015238","E00015238","Total",98,37,5,32,61,54,7
"2011","E00015242","E00015242","Total",169,43,14,29,126,106,20
"2011","E00015245","E00015245","Total",124,52,20,32,72,60,12
"2011","E00015247","E00015247","Total",122,39,12,27,83,67,16
"2011","E00015204","E00015204","Total",217,48,10,38,169,135,34
"2011","E00015205","E00015205","Total",242,40,15,25,202,168,34
"2011","E00015206","E00015206","Total",122,37,13,24,85,73,12
"2011","E00015243","E00015243","Total",108,34,10,24,74,68,6
"2011","E00015246","E00015246","Total",178,53,21,32,125,102,23
"2011","E00015249","E00015249","Total",225,55,17,38,170,140,30
"2011","E00015825","E00015825","Total",139,26,12,14,113,87,26
"2011","E00015826","E00015826","Total",129,39,13,26,90,71,19
"2011","E00015828","E00015828","Total",184,30,11,19,154,129,25
"2011","E00015831","E00015831","Total",152,34,13,21,118,90,28
"2011","E00015832","E00015832","Total",129,20,14,6,109,94,15
"2011","E00015835","E00015835","Total",173,36,10,26,137,109,28
"2011","E00015827","E00015827","Total",103,25,9,16,78,68,10
"2011","E00015829","E00015829","Total",123,36,10,26,87,73,14
"2011","E00015830","E00015830","Total",105,27,6,21,78,67,11
"2011","E00015833","E00015833","Total",134,33,6,27,101,88,13
"2011","E00015834","E00015834","Total",123,30,9,21,93,75,18
"2011","E00015842","E00015842","Total",124,29,13,16,95,76,19
"2011","E00015939","E00015939","Total",197,30,9,21,167,135,32
"2011","E00015940","E00015940","Total",205,50,13,37,155,133,22
"2011","E00015941","E00015941","Total",134,37,10,27,97,76,21
"2011","E00015943","E00015943","Total",134,43,14,29,91,75,16
"2011","E00015948","E00015948","Total",97,30,4,26,67,57,10
"2011","E00015942","E00015942","Total",163,70,24,46,93,83,10
"2011","E00015945","E00015945","Total",134,50,15,35,84,70,14
"2011","E00015947","E00015947","Total",99,38,17,21,61,51,10
"2011","E00015949","E00015949","Total",136,40,9,31,96,90,6
"2011","E00015950","E00015950","Total",129,47,15,32,82,70,12
"2011","E00015951","E00015951","Total",157,60,21,39,97,82,15
"2011","E00015952","E00015952","Total",165,49,9,40,116,98,18
"2011","E00015956","E00015956","Total",149,64,17,47,85,77,8
"2011","E00015957","E00015957","Total",116,54,17,37,62,51,11
"2011","E00015963","E00015963","Total",156,53,19,34,103,95,8
"2011","E00015964","E00015964","Total",148,41,7,34,107,90,17
"2011","E00015271","E00015271","Total",202,19,5,14,183,125,58
"2011","E00015275","E00015275","Total",212,23,6,17,189,146,43
"2011","E00015276","E00015276","Total",239,15,3,12,224,153,71
"2011","E00015277","E00015277","Total",97,36,10,26,61,54,7
"2011","E00015278","E00015278","Total",175,39,16,23,136,109,27
"2011","E00015279","E00015279","Total",141,29,9,20,112,89,23
"2011","E00015959","E00015959","Total",155,33,10,23,122,85,37
"2011","E00015961","E00015961","Total",115,22,5,17,93,83,10
"2011","E00015965","E00015965","Total",220,32,9,23,188,141,47
"2011","E00015968","E00015968","Total",118,24,9,15,94,77,17
"2011","E00015970","E00015970","Total",171,22,11,11,149,101,48
"2011","E00015977","E00015977","Total",107,14,3,11,93,67,26
"2011","E00015958","E00015958","Total",176,23,9,14,153,119,34
"2011","E00015969","E00015969","Total",186,24,7,17,162,114,48
"2011","E00015972","E00015972","Total",194,33,11,22,161,128,33
"2011","E00015976","E00015976","Total",167,32,6,26,135,103,32
"2011","E00015978","E00015978","Total",180,30,11,19,150,115,35
"2011","E00015937","E00015937","Total",192,17,4,13,175,127,48
"2011","E00015938","E00015938","Total",184,13,7,6,171,119,52
"2011","E00015973","E00015973","Total",148,24,8,16,124,90,34
"2011","E00015974","E00015974","Total",168,15,2,13,153,120,33
"2011","E00015975","E00015975","Total",131,16,1,15,115,82,33
"2011","E00015979","E00015979","Total",161,15,5,10,146,112,34
"2011","E00015980","E00015980","Total",150,19,5,14,131,95,36
"2011","E00015944","E00015944","Total",181,14,8,6,167,108,59
"2011","E00015946","E00015946","Total",161,17,4,13,144,108,36
"2011","E00015953","E00015953","Total",126,29,11,18,97,74,23
"2011","E00015954","E00015954","Total",159,20,8,12,139,98,41
"2011","E00015960","E00015960","Total",63,25,7,18,38,26,12
"2011","E00015955","E00015955","Total",187,32,7,25,155,124,31
"2011","E00015962","E00015962","Total",166,38,11,27,128,101,27
"2011","E00015966","E00015966","Total",164,32,9,23,132,108,24
"2011","E00015967","E00015967","Total",138,37,12,25,101,82,19
"2011","E00015971","E00015971","Total",159,28,11,17,131,105,26
"2011","E00015800","E00015800","Total",167,37,10,27,130,107,23
"2011","E00015802","E00015802","Total",138,50,18,32,88,69,19
"2011","E00015841","E00015841","Total",163,40,7,33,123,99,24
"2011","E00015844","E00015844","Total",123,40,18,22,83,72,11
"2011","E00016028","E00016028","Total",102,36,10,26,66,55,11
"2011","E00016031","E00016031","Total",145,51,17,34,94,78,16
"2011","E00016033","E00016033","Total",155,42,15,27,113,97,16
"2011","E00016036","E00016036","Total",104,26,5,21,78,64,14
"2011","E00171530","E00171530","Total",219,34,13,21,185,160,25
"2011","E00171541","E00171541","Total",227,20,8,12,207,164,43
"2011","E00016038","E00016038","Total",154,54,14,40,100,92,8
"2011","E00016039","E00016039","Total",177,55,21,34,122,107,15
"2011","E00016040","E00016040","Total",182,60,14,46,122,104,18
"2011","E00016041","E00016041","Total",188,77,19,58,111,97,14
"2011","E00016042","E00016042","Total",210,46,16,30,164,138,26
"2011","E00016020","E00016020","Total",156,54,17,37,102,94,8
"2011","E00016034","E00016034","Total",190,54,16,38,136,119,17
"2011","E00016035","E00016035","Total",191,64,25,39,127,114,13
"2011","E00016037","E00016037","Total",142,47,17,30,95,84,11
"2011","E00016057","E00016057","Total",155,57,14,43,98,84,14
"2011","E00016058","E00016058","Total",141,54,16,38,87,68,19
"2011","E00016061","E00016061","Total",129,25,8,17,104,90,14
"2011","E00016064","E00016064","Total",132,55,15,40,77,65,12
"2011","E00016065","E00016065","Total",135,47,14,33,88,78,10
"2011","E00015981","E00015981","Total",116,17,7,10,99,85,14
"2011","E00016011","E00016011","Total",242,41,10,31,201,164,37
"2011","E00016015","E00016015","Total",199,45,14,31,154,119,35
"2011","E00016016","E00016016","Total",233,46,14,32,187,165,22
"2011","E00016017","E00016017","Total",168,47,8,39,121,101,20
"2011","E00016018","E00016018","Total",187,48,17,31,139,111,28
"2011","E00015982","E00015982","Total",176,28,12,16,148,105,43
"2011","E00015989","E00015989","Total",141,31,10,21,110,98,12
"2011","E00015991","E00015991","Total",179,50,14,36,129,114,15
"2011","E00015993","E00015993","Total",132,25,6,19,107,85,22
"2011","E00016019","E00016019","Total",176,43,20,23,133,104,29
"2011","E00016000","E00016000","Total",125,36,18,18,89,78,11
"2011","E00016001","E00016001","Total",100,35,10,25,65,59,6
"2011","E00016002","E00016002","Total",195,49,17,32,146,119,27
"2011","E00016004","E00016004","Total",162,59,15,44,103,93,10
"2011","E00016009","E00016009","Total",96,25,4,21,71,65,6
"2011","E00015984","E00015984","Total",266,58,19,39,208,177,31
"2011","E00015999","E00015999","Total",165,39,12,27,126,100,26
"2011","E00016006","E00016006","Total",305,51,16,35,254,206,48
"2011","E00016008","E00016008","Total",203,47,14,33,156,128,28
"2011","E00016012","E00016012","Total",155,34,11,23,121,102,19
"2011","E00016013","E00016013","Total",245,56,14,42,189,147,42
"2011","E00015998","E00015998","Total",264,59,24,35,205,152,53
"2011","E00016003","E00016003","Total",167,29,10,19,138,91,47
"2011","E00016005","E00016005","Total",171,42,13,29,129,99,30
"2011","E00016007","E00016007","Total",193,43,12,31,150,108,42
"2011","E00016010","E00016010","Total",100,29,5,24,71,55,16
"2011","E00016014","E00016014","Total",112,29,12,17,83,67,16
"2011","E00015804","E00015804","Total",255,64,16,48,191,146,45
"2011","E00015810","E00015810","Total",208,37,10,27,171,138,33
"2011","E00015812","E00015812","Total",185,33,9,24,152,117,35
"2011","E00015836","E00015836","Total",131,30,8,22,101,78,23
"2011","E00015838","E00015838","Total",123,27,5,22,96,70,26
"2011","E00015845","E00015845","Total",141,33,11,22,108,82,26
"2011","E00015801","E00015801","Total",222,52,17,35,170,142,28
"2011","E00015805","E00015805","Total",142,23,7,16,119,94,25
"2011","E00015814","E00015814","Total",145,33,9,24,112,75,37
"2011","E00015843","E00015843","Total",180,42,13,29,138,90,48
"2011","E00015847","E00015847","Total",157,33,15,18,124,82,42
"2011","E00015803","E00015803","Total",210,41,13,28,169,139,30
"2011","E00015817","E00015817","Total",178,33,8,25,145,114,31
"2011","E00015821","E00015821","Total",177,39,13,26,138,106,32
"2011","E00015823","E00015823","Total",200,52,16,36,148,111,37
"2011","E00015824","E00015824","Total",170,40,10,30,130,105,25
"2011","E00015809","E00015809","Total",202,32,10,22,170,121,49
"2011","E00015813","E00015813","Total",184,26,8,18,158,117,41
"2011","E00015837","E00015837","Total",178,28,8,20,150,115,35
"2011","E00015839","E00015839","Total",169,26,9,17,143,104,39
"2011","E00015840","E00015840","Total",128,23,11,12,105,73,32
"2011","E00015846","E00015846","Total",211,33,10,23,178,127,51
"2011","E00015890","E00015890","Total",108,38,13,25,70,63,7
"2011","E00015909","E00015909","Total",153,33,8,25,120,105,15
"2011","E00015912","E00015912","Total",163,43,13,30,120,100,20
"2011","E00015915","E00015915","Total",181,35,14,21,146,120,26
"2011","E00015919","E00015919","Total",87,16,4,12,71,63,8
"2011","E00015920","E00015920","Total",109,46,17,29,63,60,3
"2011","E00015551","E00015551","Total",174,41,14,27,133,114,19
"2011","E00015552","E00015552","Total",137,53,12,41,84,67,17
"2011","E00015553","E00015553","Total",158,52,17,35,106,86,20
"2011","E00015554","E00015554","Total",179,29,7,22,150,120,30
"2011","E00015555","E00015555","Total",177,37,12,25,140,114,26
"2011","E00015556","E00015556","Total",187,41,18,23,146,122,24
"2011","E00015557","E00015557","Total",184,36,8,28,148,125,23
"2011","E00015558","E00015558","Total",211,36,8,28,175,147,28
"2011","E00015559","E00015559","Total",176,37,16,21,139,111,28
"2011","E00015560","E00015560","Total",146,30,12,18,116,101,15
"2011","E00015807","E00015807","Total",215,39,14,25,176,142,34
"2011","E00015808","E00015808","Total",175,43,11,32,132,104,28
"2011","E00015811","E00015811","Total",198,42,14,28,156,134,22
"2011","E00015818","E00015818","Total",188,40,11,29,148,103,45
"2011","E00015819","E00015819","Total",205,52,15,37,153,117,36
"2011","E00015806","E00015806","Total",177,40,10,30,137,109,28
"2011","E00015815","E00015815","Total",142,25,10,15,117,96,21
"2011","E00015816","E00015816","Total",193,40,11,29,153,130,23
"2011","E00015820","E00015820","Total",156,29,15,14,127,104,23
"2011","E00015822","E00015822","Total",159,39,12,27,120,99,21
"2011","E00015911","E00015911","Total",215,58,16,42,157,121,36
"2011","E00015914","E00015914","Total",190,20,4,16,170,143,27
"2011","E00015917","E00015917","Total",181,38,12,26,143,113,30
"2011","E00015918","E00015918","Total",221,37,11,26,184,156,28
"2011","E00015922","E00015922","Total",162,42,19,23,120,89,31
"2011","E00015928","E00015928","Total",142,37,10,27,105,87,18
"2011","E00015443","E00015443","Total",175,25,6,19,150,115,35
"2011","E00015475","E00015475","Total",171,29,10,19,142,108,34
"2011","E00015476","E00015476","Total",207,41,12,29,166,118,48
"2011","E00015477","E00015477","Total",180,34,5,29,146,122,24
"2011","E00015478","E00015478","Total",194,45,15,30,149,116,33
"2011","E00015436","E00015436","Total",135,31,12,19,104,89,15
"2011","E00015438","E00015438","Total",185,41,11,30,144,116,28
"2011","E00015440","E00015440","Total",131,29,10,19,102,78,24
"2011","E00015447","E00015447","Total",110,29,5,24,81,68,13
"2011","E00015451","E00015451","Total",104,36,8,28,68,60,8
"2011","E00015479","E00015479","Total",137,38,12,26,99,87,12
"2011","E00015527","E00015527","Total",142,32,16,16,110,85,25
"2011","E00015528","E00015528","Total",167,54,12,42,113,86,27
"2011","E00015562","E00015562","Total",120,33,10,23,87,70,17
"2011","E00015563","E00015563","Total",177,44,14,30,133,105,28
"2011","E00015565","E00015565","Total",112,35,10,25,77,60,17
"2011","E00015567","E00015567","Total",200,44,9,35,156,133,23
"2011","E00015983","E00015983","Total",172,27,8,19,145,105,40
"2011","E00015985","E00015985","Total",215,43,11,32,172,130,42
"2011","E00015987","E00015987","Total",227,34,14,20,193,148,45
"2011","E00015990","E00015990","Total",262,89,24,65,173,144,29
"2011","E00015992","E00015992","Total",202,56,12,44,146,119,27
"2011","E00015997","E00015997","Total",232,59,17,42,173,144,29
"2011","E00015986","E00015986","Total",207,48,12,36,159,110,49
"2011","E00015988","E00015988","Total",171,43,10,33,128,98,30
"2011","E00015994","E00015994","Total",182,49,13,36,133,98,35
"2011","E00015995","E00015995","Total",177,42,11,31,135,94,41
"2011","E00015996","E00015996","Total",198,38,12,26,160,127,33
"2011","E00015712","E00015712","Total",144,26,4,22,118,97,21
"2011","E00015713","E00015713","Total",186,43,14,29,143,115,28
"2011","E00015732","E00015732","Total",139,38,7,31,101,78,23
"2011","E00015734","E00015734","Total",225,58,24,34,167,121,46
"2011","E00015738","E00015738","Total",143,25,10,15,118,86,32
"2011","E00015733","E00015733","Total",108,34,14,20,74,64,10
"2011","E00015735","E00015735","Total",248,42,17,25,206,160,46
"2011","E00015736","E00015736","Total",104,22,9,13,82,68,14
"2011","E00015737","E00015737","Total",343,58,20,38,285,228,57
"2011","E00015739","E00015739","Total",168,31,9,22,137,107,30
"2011","E00015740","E00015740","Total",187,42,18,24,145,110,35
"2011","E00015741","E00015741","Total",161,31,11,20,130,92,38
"2011","E00015742","E00015742","Total",218,59,13,46,159,119,40
"2011","E00015743","E00015743","Total",176,32,12,20,144,117,27
"2011","E00015744","E00015744","Total",115,23,6,17,92,75,17
"2011","E00015745","E00015745","Total",311,73,26,47,238,187,51
"2011","E00015908","E00015908","Total",297,41,14,27,256,210,46
"2011","E00015910","E00015910","Total",220,36,8,28,184,159,25
"2011","E00015913","E00015913","Total",236,27,6,21,209,156,53
"2011","E00015916","E00015916","Total",230,39,12,27,191,156,35
"2011","E00015924","E00015924","Total",250,51,10,41,199,164,35
"2011","E00015929","E00015929","Total",223,40,13,27,183,147,36
"2011","E00015921","E00015921","Total",199,44,14,30,155,123,32
"2011","E00015923","E00015923","Total",155,32,8,24,123,104,19
"2011","E00015927","E00015927","Total",147,25,7,18,122,102,20
"2011","E00015931","E00015931","Total",183,30,6,24,153,119,34
"2011","E00015932","E00015932","Total",212,23,9,14,189,160,29
"2011","E00015934","E00015934","Total",152,25,12,13,127,98,29
"2011","E00015526","E00015526","Total",180,30,9,21,150,120,30
"2011","E00015561","E00015561","Total",150,43,11,32,107,85,22
"2011","E00015566","E00015566","Total",113,31,11,20,82,69,13
"2011","E00015568","E00015568","Total",174,39,10,29,135,103,32
"2011","E00015572","E00015572","Total",142,33,9,24,109,84,25
"2011","E00015529","E00015529","Total",171,41,10,31,130,109,21
"2011","E00015564","E00015564","Total",165,38,13,25,127,110,17
"2011","E00015569","E00015569","Total",191,42,8,34,149,112,37
"2011","E00015570","E00015570","Total",196,50,6,44,146,119,27
"2011","E00015573","E00015573","Total",189,63,19,44,126,104,22
"2011","E00015530","E00015530","Total",210,53,9,44,157,126,31
"2011","E00015536","E00015536","Total",175,34,7,27,141,112,29
"2011","E00015537","E00015537","Total",158,53,14,39,105,92,13
"2011","E00015540","E00015540","Total",125,32,6,26,93,81,12
"2011","E00015542","E00015542","Total",125,36,16,20,89,79,10
"2011","E00015571","E00015571","Total",55,13,7,6,42,33,9
"2011","E00015894","E00015894","Total",111,20,5,15,91,71,20
"2011","E00015895","E00015895","Total",216,46,18,28,170,136,34
"2011","E00015898","E00015898","Total",223,51,21,30,172,137,35
"2011","E00015902","E00015902","Total",165,35,16,19,130,104,26
"2011","E00015935","E00015935","Total",237,60,15,45,177,131,46
"2011","E00015891","E00015891","Total",113,44,17,27,69,56,13
"2011","E00015892","E00015892","Total",132,46,18,28,86,74,12
"2011","E00015897","E00015897","Total",81,28,11,17,53,48,5
"2011","E00015925","E00015925","Total",171,29,9,20,142,122,20
"2011","E00015926","E00015926","Total",242,48,15,33,194,159,35
"2011","E00015930","E00015930","Total",143,22,5,17,121,95,26
"2011","E00015437","E00015437","Total",193,60,18,42,133,116,17
"2011","E00015444","E00015444","Total",104,26,7,19,78,59,19
"2011","E00015481","E00015481","Total",124,27,9,18,97,78,19
"2011","E00015482","E00015482","Total",108,34,14,20,74,64,10
"2011","E00015483","E00015483","Total",73,35,16,19,38,32,6
"2011","E00015439","E00015439","Total",147,37,7,30,110,89,21
"2011","E00015446","E00015446","Total",129,28,11,17,101,84,17
"2011","E00015448","E00015448","Total",138,35,7,28,103,84,19
"2011","E00015450","E00015450","Total",77,22,7,15,55,50,5
"2011","E00015452","E00015452","Total",127,33,7,26,94,77,17
"2011","E00015454","E00015454","Total",109,41,15,26,68,55,13
"2011","E00015531","E00015531","Total",117,20,5,15,97,78,19
"2011","E00015532","E00015532","Total",103,19,4,15,84,77,7
"2011","E00015533","E00015533","Total",106,24,5,19,82,71,11
"2011","E00015534","E00015534","Total",84,25,9,16,59,48,11
"2011","E00015538","E00015538","Total",96,25,3,22,71,63,8
"2011","E00015541","E00015541","Total",138,41,9,32,97,84,13
"2011","E00015535","E00015535","Total",97,28,9,19,69,61,8
"2011","E00015539","E00015539","Total",95,38,11,27,57,49,8
"2011","E00015543","E00015543","Total",99,31,5,26,68,58,10
"2011","E00015544","E00015544","Total",113,40,17,23,73,65,8
"2011","E00015549","E00015549","Total",232,47,14,33,185,157,28
"2011","E00015545","E00015545","Total",116,44,12,32,72,58,14
"2011","E00015546","E00015546","Total",99,23,6,17,76,61,15
"2011","E00015547","E00015547","Total",119,38,8,30,81,69,12
"2011","E00015548","E00015548","Total",128,37,3,34,91,80,11
"2011","E00015550","E00015550","Total",100,39,7,32,61,50,11
"2011","E00015714","E00015714","Total",245,47,14,33,198,159,39
"2011","E00015715","E00015715","Total",182,29,6,23,153,126,27
"2011","E00015719","E00015719","Total",218,51,18,33,167,136,31
"2011","E00015720","E00015720","Total",190,41,10,31,149,111,38
"2011","E00015721","E00015721","Total",140,33,9,24,107,92,15
"2011","E00015722","E00015722","Total",172,42,11,31,130,110,20
"2011","E00015710","E00015710","Total",174,32,12,20,142,125,17
"2011","E00015711","E00015711","Total",180,32,8,24,148,115,33
"2011","E00015723","E00015723","Total",168,46,10,36,122,94,28
"2011","E00015724","E00015724","Total",232,35,9,26,197,155,42
"2011","E00015725","E00015725","Total",143,40,15,25,103,85,18
"2011","E00015726","E00015726","Total",188,27,9,18,161,133,28
"2011","E00015709","E00015709","Total",207,60,16,44,147,126,21
"2011","E00015717","E00015717","Total",179,38,14,24,141,105,36
"2011","E00015746","E00015746","Total",207,30,7,23,177,145,32
"2011","E00015748","E00015748","Total",173,36,16,20,137,111,26
"2011","E00015749","E00015749","Total",168,45,18,27,123,101,22
"2011","E00015751","E00015751","Total",204,43,8,35,161,137,24
"2011","E00015716","E00015716","Total",144,26,10,16,118,95,23
"2011","E00015718","E00015718","Total",205,48,10,38,157,127,30
"2011","E00015747","E00015747","Total",244,64,14,50,180,156,24
"2011","E00015750","E00015750","Total",184,28,7,21,156,123,33
"2011","E00015752","E00015752","Total",219,51,17,34,168,138,30
"2011","E00015753","E00015753","Total",162,37,16,21,125,101,24
"2011","E00015893","E00015893","Total",172,25,9,16,147,121,26
"2011","E00015896","E00015896","Total",161,37,8,29,124,108,16
"2011","E00015899","E00015899","Total",149,33,10,23,116,93,23
"2011","E00015900","E00015900","Total",176,35,9,26,141,112,29
"2011","E00015933","E00015933","Total",191,30,6,24,161,127,34
"2011","E00015936","E00015936","Total",152,40,8,32,112,95,17
"2011","E00015901","E00015901","Total",166,38,6,32,128,101,27
"2011","E00015903","E00015903","Total",176,36,9,27,140,104,36
"2011","E00015904","E00015904","Total",142,30,7,23,112,93,19
"2011","E00015905","E00015905","Total",74,19,3,16,55,44,11
"2011","E00015906","E00015906","Total",120,35,9,26,85,74,11
"2011","E00015907","E00015907","Total",180,28,4,24,152,117,35
"2011","E00015465","E00015465","Total",155,31,7,24,124,103,21
"2011","E00015466","E00015466","Total",149,18,3,15,131,108,23
"2011","E00015468","E00015468","Total",200,44,16,28,156,130,26
"2011","E00015469","E00015469","Total",215,34,9,25,181,144,37
"2011","E00015470","E00015470","Total",141,37,11,26,104,86,18
"2011","E00015472","E00015472","Total",156,29,12,17,127,107,20
"2011","E00015463","E00015463","Total",141,39,13,26,102,85,17
"2011","E00015464","E00015464","Total",144,32,10,22,112,94,18
"2011","E00015467","E00015467","Total",75,23,7,16,52,48,4
"2011","E00015471","E00015471","Total",106,21,6,15,85,72,13
"2011","E00015473","E00015473","Total",86,28,9,19,58,54,4
"2011","E00015474","E00015474","Total",95,28,10,18,67,55,12
"2011","E00015435","E00015435","Total",150,30,12,18,120,97,23
"2011","E00015445","E00015445","Total",152,39,13,26,113,78,35
"2011","E00015449","E00015449","Total",195,42,14,28,153,133,20
"2011","E00015453","E00015453","Total",125,35,15,20,90,65,25
"2011","E00015480","E00015480","Total",171,37,15,22,134,106,28
"2011","E00015441","E00015441","Total",116,30,9,21,86,73,13
"2011","E00015442","E00015442","Total",101,30,6,24,71,66,5
"2011","E00015458","E00015458","Total",145,42,7,35,103,91,12
"2011","E00015460","E00015460","Total",115,40,12,28,75,56,19
"2011","E00015462","E00015462","Total",115,30,10,20,85,70,15
"2011","E00015455","E00015455","Total",114,20,11,9,94,72,22
"2011","E00015456","E00015456","Total",124,36,9,27,88,81,7
"2011","E00015457","E00015457","Total",111,46,16,30,65,60,5
"2011","E00015459","E00015459","Total",165,29,16,13,136,111,25
"2011","E00015461","E00015461","Total",128,30,6,24,98,83,15
"2011","E00015727","E00015727","Total",149,34,7,27,115,96,19
"2011","E00015728","E00015728","Total",146,30,11,19,116,102,14
"2011","E00015729","E00015729","Total",207,39,9,30,168,140,28
"2011","E00015730","E00015730","Total",180,40,11,29,140,123,17
"2011","E00015731","E00015731","Total",234,44,9,35,190,148,42
"2011","E00015860","E00015860","Total",132,24,7,17,108,87,21
"2011","E00015865","E00015865","Total",177,42,17,25,135,99,36
"2011","E00015877","E00015877","Total",173,47,15,32,126,114,12
"2011","E00015878","E00015878","Total",144,39,9,30,105,95,10
"2011","E00015886","E00015886","Total",181,44,11,33,137,114,23
"2011","E00015849","E00015849","Total",177,41,13,28,136,101,35
"2011","E00015850","E00015850","Total",175,43,12,31,132,104,28
"2011","E00015864","E00015864","Total",218,71,29,42,147,104,43
"2011","E00015866","E00015866","Total",203,49,15,34,154,116,38
"2011","E00015852","E00015852","Total",214,50,13,37,164,132,32
"2011","E00015862","E00015862","Total",226,49,14,35,177,143,34
"2011","E00015868","E00015868","Total",196,38,6,32,158,134,24
"2011","E00015871","E00015871","Total",140,26,10,16,114,94,20
"2011","E00015872","E00015872","Total",191,42,17,25,149,119,30
"2011","E00015851","E00015851","Total",194,58,19,39,136,109,27
"2011","E00015869","E00015869","Total",89,25,9,16,64,53,11
"2011","E00015875","E00015875","Total",271,76,26,50,195,167,28
"2011","E00015881","E00015881","Total",219,53,16,37,166,128,38
"2011","E00015882","E00015882","Total",271,67,14,53,204,156,48
"2011","E00015870","E00015870","Total",175,40,15,25,135,118,17
"2011","E00015876","E00015876","Total",174,55,20,35,119,102,17
"2011","E00015880","E00015880","Total",165,56,15,41,109,96,13
"2011","E00015884","E00015884","Total",105,31,3,28,74,63,11
"2011","E00015885","E00015885","Total",170,48,12,36,122,108,14
"2011","E00015848","E00015848","Total",190,74,16,58,116,99,17
"2011","E00015858","E00015858","Total",172,36,8,28,136,113,23
"2011","E00015861","E00015861","Total",199,46,13,33,153,130,23
"2011","E00015883","E00015883","Total",181,62,15,47,119,97,22
"2011","E00015856","E00015856","Total",139,39,11,28,100,86,14
"2011","E00015857","E00015857","Total",157,35,7,28,122,107,15
"2011","E00015859","E00015859","Total",142,35,11,24,107,95,12
"2011","E00015889","E00015889","Total",142,38,12,26,104,92,12
"2011","E00015854","E00015854","Total",88,34,10,24,54,49,5
"2011","E00015855","E00015855","Total",132,34,12,22,98,85,13
"2011","E00015879","E00015879","Total",111,28,10,18,83,77,6
"2011","E00015887","E00015887","Total",133,26,5,21,107,86,21
"2011","E00015888","E00015888","Total",153,54,21,33,99,77,22
"2011","E00015853","E00015853","Total",181,43,14,29,138,117,21
"2011","E00015863","E00015863","Total",95,32,12,20,63,59,4
"2011","E00015867","E00015867","Total",125,20,8,12,105,88,17
"2011","E00015873","E00015873","Total",145,35,11,24,110,95,15
"2011","E00015874","E00015874","Total",182,56,14,42,126,109,17
"2011","E00015166","E00015166","Total",272,32,16,16,240,211,29
"2011","E00015176","E00015176","Total",217,11,4,7,206,132,74
"2011","E00015181","E00015181","Total",181,18,6,12,163,105,58
"2011","E00015184","E00015184","Total",103,26,12,14,77,60,17
"2011","E00171534","E00171534","Total",232,25,11,14,207,117,90
"2011","E00171535","E00171535","Total",82,2,1,1,80,43,37
"2011","E00015168","E00015168","Total",192,51,12,39,141,101,40
"2011","E00015182","E00015182","Total",132,15,5,10,117,88,29
"2011","E00015183","E00015183","Total",72,22,11,11,50,35,15
"2011","E00015185","E00015185","Total",147,23,9,14,124,98,26
"2011","E00015186","E00015186","Total",84,28,11,17,56,48,8
"2011","E00015187","E00015187","Total",111,24,13,11,87,67,20
"2011","E00015188","E00015188","Total",59,19,7,12,40,32,8
"2011","E00015195","E00015195","Total",167,66,22,44,101,75,26
"2011","E00015196","E00015196","Total",98,15,7,8,83,65,18
"2011","E00171533","E00171533","Total",307,63,49,14,244,125,119
"2011","E00015171","E00015171","Total",123,34,12,22,89,69,20
"2011","E00015172","E00015172","Total",81,10,3,7,71,57,14
"2011","E00015197","E00015197","Total",125,33,12,21,92,77,15
"2011","E00015198","E00015198","Total",148,33,13,20,115,94,21
"2011","E00015199","E00015199","Total",198,42,16,26,156,106,50
"2011","E00015201","E00015201","Total",179,39,17,22,140,80,60
"2011","E00015202","E00015202","Total",104,21,10,11,83,67,16
"2011","E00015167","E00015167","Total",323,46,16,30,277,174,103
"2011","E00015173","E00015173","Total",147,24,3,21,123,89,34
"2011","E00015175","E00015175","Total",133,19,8,11,114,82,32
"2011","E00015178","E00015178","Total",84,24,8,16,60,50,10
"2011","E00015179","E00015179","Total",128,32,8,24,96,76,20
"2011","E00015180","E00015180","Total",171,37,12,25,134,100,34
"2011","E00165807","E00165807","Total",82,21,10,11,61,47,14
"2011","E00016403","E00016403","Total",145,45,10,35,100,87,13
"2011","E00016437","E00016437","Total",184,71,26,45,113,100,13
"2011","E00016439","E00016439","Total",157,45,21,24,112,100,12
"2011","E00016442","E00016442","Total",135,52,12,40,83,77,6
"2011","E00016399","E00016399","Total",158,63,25,38,95,83,12
"2011","E00016401","E00016401","Total",165,38,9,29,127,108,19
"2011","E00016406","E00016406","Total",112,50,13,37,62,50,12
"2011","E00016435","E00016435","Total",160,46,14,32,114,97,17
"2011","E00016395","E00016395","Total",152,42,19,23,110,92,18
"2011","E00016404","E00016404","Total",206,50,23,27,156,120,36
"2011","E00016405","E00016405","Total",200,35,13,22,165,132,33
"2011","E00016408","E00016408","Total",117,9,4,5,108,81,27
"2011","E00016410","E00016410","Total",219,43,18,25,176,138,38
"2011","E00016438","E00016438","Total",183,24,9,15,159,132,27
"2011","E00016398","E00016398","Total",130,27,10,17,103,88,15
"2011","E00016431","E00016431","Total",121,24,13,11,97,84,13
"2011","E00016432","E00016432","Total",199,44,15,29,155,123,32
"2011","E00016434","E00016434","Total",168,49,14,35,119,106,13
"2011","E00173943","E00173943","Total",155,32,17,15,123,110,13
"2011","E00173946","E00173946","Total",250,22,9,13,228,169,59
"2011","E00016397","E00016397","Total",331,46,23,23,285,212,73
"2011","E00016433","E00016433","Total",153,26,11,15,127,89,38
"2011","E00016436","E00016436","Total",101,24,7,17,77,59,18
"2011","E00016440","E00016440","Total",114,39,10,29,75,58,17
"2011","E00016441","E00016441","Total",206,58,21,37,148,117,31
"2011","E00016412","E00016412","Total",190,53,23,30,137,114,23
"2011","E00016414","E00016414","Total",150,49,13,36,101,86,15
"2011","E00016418","E00016418","Total",196,49,13,36,147,123,24
"2011","E00016422","E00016422","Total",111,40,15,25,71,62,9
"2011","E00016402","E00016402","Total",112,32,8,24,80,70,10
"2011","E00016407","E00016407","Total",146,28,8,20,118,101,17
"2011","E00016409","E00016409","Total",159,42,11,31,117,103,14
"2011","E00016411","E00016411","Total",210,43,13,30,167,135,32
"2011","E00016413","E00016413","Total",108,27,9,18,81,67,14
"2011","E00016415","E00016415","Total",130,40,5,35,90,79,11
"2011","E00016416","E00016416","Total",93,31,10,21,62,50,12
"2011","E00016419","E00016419","Total",137,47,14,33,90,77,13
"2011","E00016420","E00016420","Total",105,43,7,36,62,52,10
"2011","E00173947","E00173947","Total",126,36,11,25,90,72,18
"2011","E00173948","E00173948","Total",163,55,17,38,108,79,29
"2011","E00016417","E00016417","Total",116,54,15,39,62,53,9
"2011","E00016421","E00016421","Total",108,49,18,31,59,45,14
"2011","E00016423","E00016423","Total",122,45,12,33,77,68,9
"2011","E00016424","E00016424","Total",105,42,10,32,63,52,11
"2011","E00016427","E00016427","Total",72,25,11,14,47,35,12
"2011","E00016396","E00016396","Total",102,32,11,21,70,59,11
"2011","E00016426","E00016426","Total",138,44,15,29,94,75,19
"2011","E00016428","E00016428","Total",195,58,22,36,137,108,29
"2011","E00016429","E00016429","Total",140,38,10,28,102,83,19
"2011","E00016430","E00016430","Total",105,33,12,21,72,61,11
"2011","E00016680","E00016680","Total",147,42,19,23,105,78,27
"2011","E00016716","E00016716","Total",187,49,12,37,138,121,17
"2011","E00016717","E00016717","Total",112,31,8,23,81,64,17
"2011","E00016719","E00016719","Total",110,35,9,26,75,67,8
"2011","E00016720","E00016720","Total",170,42,12,30,128,100,28
"2011","E00016725","E00016725","Total",119,30,10,20,89,70,19
"2011","E00016706","E00016706","Total",103,41,16,25,62,49,13
"2011","E00016708","E00016708","Total",139,41,12,29,98,87,11
"2011","E00016709","E00016709","Total",187,65,20,45,122,104,18
"2011","E00016714","E00016714","Total",132,50,13,37,82,73,9
"2011","E00016715","E00016715","Total",180,47,24,23,133,112,21
"2011","E00016675","E00016675","Total",145,36,12,24,109,79,30
"2011","E00016677","E00016677","Total",201,79,46,33,122,110,12
"2011","E00016683","E00016683","Total",211,35,10,25,176,149,27
"2011","E00016697","E00016697","Total",143,63,20,43,80,70,10
"2011","E00173940","E00173940","Total",197,56,22,34,141,111,30
"2011","E00173949","E00173949","Total",266,74,29,45,192,153,39
"2011","E00016684","E00016684","Total",144,30,9,21,114,107,7
"2011","E00016687","E00016687","Total",116,14,6,8,102,88,14
"2011","E00016694","E00016694","Total",146,58,19,39,88,75,13
"2011","E00016718","E00016718","Total",98,38,18,20,60,52,8
"2011","E00016721","E00016721","Total",99,31,9,22,68,60,8
"2011","E00016723","E00016723","Total",117,39,6,33,78,63,15
"2011","E00016679","E00016679","Total",106,23,7,16,83,65,18
"2011","E00016689","E00016689","Total",143,43,20,23,100,86,14
"2011","E00016693","E00016693","Total",144,47,19,28,97,65,32
"2011","E00016701","E00016701","Total",122,34,15,19,88,76,12
"2011","E00173939","E00173939","Total",84,30,13,17,54,46,8
"2011","E00016210","E00016210","Total",141,48,16,32,93,88,5
"2011","E00016239","E00016239","Total",180,56,25,31,124,114,10
"2011","E00016240","E00016240","Total",79,33,16,17,46,38,8
"2011","E00016241","E00016241","Total",138,32,8,24,106,91,15
"2011","E00016245","E00016245","Total",108,39,11,28,69,58,11
"2011","E00016211","E00016211","Total",109,41,9,32,68,60,8
"2011","E00016213","E00016213","Total",173,49,17,32,124,106,18
"2011","E00016244","E00016244","Total",224,72,19,53,152,132,20
"2011","E00016250","E00016250","Total",134,35,17,18,99,92,7
"2011","E00174011","E00174011","Total",79,21,10,11,58,45,13
"2011","E00174032","E00174032","Total",262,101,29,72,161,143,18
"2011","E00174033","E00174033","Total",57,21,3,18,36,31,5
"2011","E00016216","E00016216","Total",232,77,27,50,155,117,38
"2011","E00016236","E00016236","Total",245,57,18,39,188,146,42
"2011","E00016246","E00016246","Total",160,48,18,30,112,103,9
"2011","E00016248","E00016248","Total",220,43,14,29,177,141,36
"2011","E00016252","E00016252","Total",207,56,26,30,151,121,30
"2011","E00016214","E00016214","Total",222,57,20,37,165,130,35
"2011","E00016215","E00016215","Total",199,44,21,23,155,129,26
"2011","E00016217","E00016217","Total",226,47,11,36,179,134,45
"2011","E00016237","E00016237","Total",154,47,15,32,107,85,22
"2011","E00016247","E00016247","Total",163,47,19,28,116,95,21
"2011","E00016253","E00016253","Total",167,40,13,27,127,101,26
"2011","E00016209","E00016209","Total",205,76,24,52,129,110,19
"2011","E00016235","E00016235","Total",192,48,16,32,144,121,23
"2011","E00016238","E00016238","Total",235,74,32,42,161,136,25
"2011","E00173941","E00173941","Total",219,102,65,37,117,90,27
"2011","E00173942","E00173942","Total",135,54,28,26,81,66,15
"2011","E00016881","E00016881","Total",110,38,12,26,72,60,12
"2011","E00016915","E00016915","Total",131,49,15,34,82,69,13
"2011","E00016916","E00016916","Total",122,37,10,27,85,71,14
"2011","E00016920","E00016920","Total",113,38,11,27,75,65,10
"2011","E00173950","E00173950","Total",133,35,10,25,98,88,10
"2011","E00173951","E00173951","Total",128,46,13,33,82,72,10
"2011","E00016921","E00016921","Total",138,43,17,26,95,82,13
"2011","E00016922","E00016922","Total",159,41,17,24,118,95,23
"2011","E00016923","E00016923","Total",201,72,40,32,129,116,13
"2011","E00016925","E00016925","Total",280,65,21,44,215,162,53
"2011","E00016926","E00016926","Total",167,46,13,33,121,102,19
"2011","E00016917","E00016917","Total",282,81,33,48,201,179,22
"2011","E00016918","E00016918","Total",245,74,25,49,171,142,29
"2011","E00016919","E00016919","Total",194,59,27,32,135,112,23
"2011","E00016924","E00016924","Total",240,75,37,38,165,122,43
"2011","E00016927","E00016927","Total",179,38,13,25,141,112,29
"2011","E00016879","E00016879","Total",248,69,22,47,179,139,40
"2011","E00016884","E00016884","Total",194,57,27,30,137,106,31
"2011","E00016886","E00016886","Total",213,63,22,41,150,126,24
"2011","E00016893","E00016893","Total",196,55,18,37,141,108,33
"2011","E00016885","E00016885","Total",165,49,23,26,116,93,23
"2011","E00016887","E00016887","Total",122,37,7,30,85,74,11
"2011","E00016889","E00016889","Total",137,44,16,28,93,75,18
"2011","E00016890","E00016890","Total",136,41,18,23,95,86,9
"2011","E00016895","E00016895","Total",166,48,12,36,118,85,33
"2011","E00016159","E00016159","Total",150,27,7,20,123,91,32
"2011","E00016173","E00016173","Total",166,41,11,30,125,93,32
"2011","E00016176","E00016176","Total",208,40,15,25,168,109,59
"2011","E00016184","E00016184","Total",176,39,17,22,137,106,31
"2011","E00016186","E00016186","Total",184,29,11,18,155,119,36
"2011","E00016188","E00016188","Total",165,34,18,16,131,90,41
"2011","E00016164","E00016164","Total",139,40,12,28,99,74,25
"2011","E00016170","E00016170","Total",131,36,15,21,95,85,10
"2011","E00016175","E00016175","Total",169,39,14,25,130,104,26
"2011","E00016181","E00016181","Total",157,55,20,35,102,80,22
"2011","E00016182","E00016182","Total",202,48,15,33,154,104,50
"2011","E00016162","E00016162","Total",152,28,8,20,124,87,37
"2011","E00016198","E00016198","Total",143,30,6,24,113,85,28
"2011","E00016202","E00016202","Total",107,38,11,27,69,58,11
"2011","E00016205","E00016205","Total",181,28,11,17,153,103,50
"2011","E00016208","E00016208","Total",144,21,10,11,123,104,19
"2011","E00016199","E00016199","Total",133,38,10,28,95,79,16
"2011","E00016200","E00016200","Total",66,30,11,19,36,34,2
"2011","E00016201","E00016201","Total",54,21,7,14,33,30,3
"2011","E00016203","E00016203","Total",75,35,8,27,40,32,8
"2011","E00016207","E00016207","Total",132,46,11,35,86,70,16
"2011","E00016163","E00016163","Total",176,47,13,34,129,96,33
"2011","E00016165","E00016165","Total",149,27,14,13,122,71,51
"2011","E00016168","E00016168","Total",136,16,7,9,120,88,32
"2011","E00016169","E00016169","Total",138,38,17,21,100,63,37
"2011","E00016172","E00016172","Total",144,32,11,21,112,87,25
"2011","E00016177","E00016177","Total",138,27,1,26,111,77,34
"2011","E00016219","E00016219","Total",146,52,12,40,94,78,16
"2011","E00016220","E00016220","Total",176,42,8,34,134,109,25
"2011","E00016221","E00016221","Total",181,40,9,31,141,111,30
"2011","E00016223","E00016223","Total",132,32,6,26,100,78,22
"2011","E00016225","E00016225","Total",170,43,12,31,127,97,30
"2011","E00016255","E00016255","Total",174,38,10,28,136,115,21
"2011","E00016218","E00016218","Total",168,38,15,23,130,114,16
"2011","E00016222","E00016222","Total",196,56,18,38,140,108,32
"2011","E00016224","E00016224","Total",230,47,9,38,183,145,38
"2011","E00016226","E00016226","Total",163,44,12,32,119,106,13
"2011","E00016227","E00016227","Total",197,48,19,29,149,124,25
"2011","E00016228","E00016228","Total",173,45,7,38,128,96,32
"2011","E00016229","E00016229","Total",241,59,15,44,182,145,37
"2011","E00016230","E00016230","Total",189,50,18,32,139,118,21
"2011","E00016231","E00016231","Total",155,35,10,25,120,103,17
"2011","E00016232","E00016232","Total",163,56,14,42,107,81,26
"2011","E00016233","E00016233","Total",173,51,18,33,122,105,17
"2011","E00016212","E00016212","Total",172,48,9,39,124,109,15
"2011","E00016249","E00016249","Total",97,27,7,20,70,60,10
"2011","E00016254","E00016254","Total",186,58,18,40,128,96,32
"2011","E00173952","E00173952","Total",108,24,4,20,84,73,11
"2011","E00174016","E00174016","Total",132,31,13,18,101,82,19
"2011","E00174022","E00174022","Total",120,30,9,21,90,68,22
"2011","E00174008","E00174008","Total",182,17,7,10,165,128,37
"2011","E00174010","E00174010","Total",166,18,3,15,148,123,25
"2011","E00174013","E00174013","Total",179,20,5,15,159,120,39
"2011","E00174015","E00174015","Total",154,8,5,3,146,109,37
"2011","E00174025","E00174025","Total",181,14,6,8,167,137,30
"2011","E00174027","E00174027","Total",127,4,0,4,123,83,40
"2011","E00016178","E00016178","Total",108,40,13,27,68,44,24
"2011","E00016179","E00016179","Total",151,30,7,23,121,87,34
"2011","E00016180","E00016180","Total",135,27,12,15,108,71,37
"2011","E00016187","E00016187","Total",173,29,11,18,144,83,61
"2011","E00016189","E00016189","Total",174,26,11,15,148,88,60
"2011","E00016166","E00016166","Total",127,26,8,18,101,71,30
"2011","E00016167","E00016167","Total",139,35,16,19,104,55,49
"2011","E00016171","E00016171","Total",223,37,14,23,186,127,59
"2011","E00016174","E00016174","Total",152,27,10,17,125,71,54
"2011","E00016204","E00016204","Total",157,25,11,14,132,100,32
"2011","E00016206","E00016206","Total",161,29,14,15,132,97,35
"2011","E00016160","E00016160","Total",146,34,15,19,112,91,21
"2011","E00016183","E00016183","Total",165,32,12,20,133,94,39
"2011","E00016185","E00016185","Total",127,34,18,16,93,74,19
"2011","E00016191","E00016191","Total",142,18,5,13,124,90,34
"2011","E00016195","E00016195","Total",143,21,8,13,122,96,26
"2011","E00016197","E00016197","Total",197,30,9,21,167,133,34
"2011","E00016161","E00016161","Total",213,42,15,27,171,128,43
"2011","E00016190","E00016190","Total",107,18,7,11,89,66,23
"2011","E00016192","E00016192","Total",165,35,11,24,130,116,14
"2011","E00016193","E00016193","Total",179,19,3,16,160,128,32
"2011","E00016194","E00016194","Total",162,37,9,28,125,106,19
"2011","E00016196","E00016196","Total",195,52,18,34,143,105,38
"2011","E00016905","E00016905","Total",144,51,17,34,93,88,5
"2011","E00016907","E00016907","Total",139,43,18,25,96,83,13
"2011","E00016908","E00016908","Total",88,25,12,13,63,60,3
"2011","E00016910","E00016910","Total",109,44,10,34,65,52,13
"2011","E00016912","E00016912","Total",76,28,9,19,48,40,8
"2011","E00016909","E00016909","Total",176,73,25,48,103,88,15
"2011","E00016911","E00016911","Total",182,51,13,38,131,104,27
"2011","E00016913","E00016913","Total",187,64,22,42,123,111,12
"2011","E00016914","E00016914","Total",136,52,10,42,84,68,16
"2011","E00016896","E00016896","Total",194,39,10,29,155,132,23
"2011","E00016898","E00016898","Total",173,34,12,22,139,116,23
"2011","E00016900","E00016900","Total",197,47,10,37,150,125,25
"2011","E00016901","E00016901","Total",103,28,10,18,75,57,18
"2011","E00016904","E00016904","Total",146,39,15,24,107,94,13
"2011","E00016906","E00016906","Total",154,29,8,21,125,105,20
"2011","E00016883","E00016883","Total",207,63,29,34,144,114,30
"2011","E00016888","E00016888","Total",175,36,11,25,139,113,26
"2011","E00016891","E00016891","Total",243,54,25,29,189,135,54
"2011","E00016892","E00016892","Total",181,45,23,22,136,103,33
"2011","E00016894","E00016894","Total",223,72,30,42,151,133,18
"2011","E00016880","E00016880","Total",155,50,13,37,105,89,16
"2011","E00016897","E00016897","Total",251,59,24,35,192,158,34
"2011","E00016899","E00016899","Total",214,36,11,25,178,142,36
"2011","E00016902","E00016902","Total",183,39,15,24,144,120,24
"2011","E00016903","E00016903","Total",210,38,9,29,172,143,29
"2011","E00016564","E00016564","Total",161,47,16,31,114,94,20
"2011","E00016567","E00016567","Total",80,28,5,23,52,50,2
"2011","E00016569","E00016569","Total",164,38,8,30,126,109,17
"2011","E00016571","E00016571","Total",184,52,11,41,132,110,22
"2011","E00173700","E00173700","Total",143,52,27,25,91,77,14
"2011","E00173702","E00173702","Total",148,52,21,31,96,75,21
"2011","E00016558","E00016558","Total",151,38,9,29,113,94,19
"2011","E00016561","E00016561","Total",161,35,12,23,126,106,20
"2011","E00016566","E00016566","Total",137,39,19,20,98,77,21
"2011","E00016568","E00016568","Total",184,47,20,27,137,97,40
"2011","E00016572","E00016572","Total",183,64,25,39,119,95,24
"2011","E00016575","E00016575","Total",176,40,14,26,136,107,29
"2011","E00016557","E00016557","Total",116,38,10,28,78,69,9
"2011","E00016559","E00016559","Total",198,52,14,38,146,125,21
"2011","E00016560","E00016560","Total",224,54,18,36,170,141,29
"2011","E00016562","E00016562","Total",203,49,14,35,154,119,35
"2011","E00016563","E00016563","Total",161,42,13,29,119,95,24
"2011","E00016565","E00016565","Total",191,53,24,29,138,105,33
"2011","E00016544","E00016544","Total",169,45,19,26,124,101,23
"2011","E00016574","E00016574","Total",185,47,17,30,138,120,18
"2011","E00016576","E00016576","Total",184,47,18,29,137,115,22
"2011","E00016577","E00016577","Total",196,52,21,31,144,115,29
"2011","E00016578","E00016578","Total",169,42,8,34,127,110,17
"2011","E00016635","E00016635","Total",228,53,20,33,175,145,30
"2011","E00016640","E00016640","Total",105,22,7,15,83,74,9
"2011","E00016641","E00016641","Total",151,56,18,38,95,82,13
"2011","E00016642","E00016642","Total",168,52,15,37,116,105,11
"2011","E00016643","E00016643","Total",139,36,8,28,103,89,14
"2011","E00016630","E00016630","Total",188,37,12,25,151,114,37
"2011","E00016647","E00016647","Total",194,41,13,28,153,117,36
"2011","E00016648","E00016648","Total",199,44,16,28,155,130,25
"2011","E00016649","E00016649","Total",151,47,16,31,104,91,13
"2011","E00016651","E00016651","Total",190,31,7,24,159,130,29
"2011","E00016629","E00016629","Total",148,47,15,32,101,90,11
"2011","E00016650","E00016650","Total",148,35,13,22,113,96,17
"2011","E00016652","E00016652","Total",102,30,12,18,72,63,9
"2011","E00016654","E00016654","Total",87,16,3,13,71,59,12
"2011","E00016657","E00016657","Total",110,35,9,26,75,64,11
"2011","E00016633","E00016633","Total",115,43,18,25,72,61,11
"2011","E00016636","E00016636","Total",167,26,8,18,141,119,22
"2011","E00016638","E00016638","Total",111,20,7,13,91,77,14
"2011","E00016639","E00016639","Total",185,50,12,38,135,118,17
"2011","E00016674","E00016674","Total",167,38,10,28,129,103,26
"2011","E00174018","E00174018","Total",284,40,18,22,244,204,40
"2011","E00174019","E00174019","Total",78,13,4,9,65,59,6
"2011","E00174021","E00174021","Total",68,11,5,6,57,50,7
"2011","E00016628","E00016628","Total",195,52,17,35,143,122,21
"2011","E00016637","E00016637","Total",228,47,14,33,181,148,33
"2011","E00174024","E00174024","Total",166,25,7,18,141,111,30
"2011","E00174029","E00174029","Total",157,32,7,25,125,103,22
"2011","E00174030","E00174030","Total",123,29,5,24,94,76,18
"2011","E00016644","E00016644","Total",218,53,18,35,165,150,15
"2011","E00016645","E00016645","Total",203,57,19,38,146,112,34
"2011","E00016646","E00016646","Total",191,54,19,35,137,112,25
"2011","E00016584","E00016584","Total",385,138,50,88,247,191,56
"2011","E00016596","E00016596","Total",175,39,12,27,136,106,30
"2011","E00016598","E00016598","Total",263,60,21,39,203,167,36
"2011","E00016623","E00016623","Total",262,45,14,31,217,181,36
"2011","E00174036","E00174036","Total",105,28,9,19,77,66,11
"2011","E00174038","E00174038","Total",293,76,18,58,217,183,34
"2011","E00016585","E00016585","Total",145,31,13,18,114,93,21
"2011","E00016593","E00016593","Total",278,69,20,49,209,155,54
"2011","E00016600","E00016600","Total",213,62,16,46,151,108,43
"2011","E00016602","E00016602","Total",189,41,10,31,148,111,37
"2011","E00016624","E00016624","Total",167,31,8,23,136,114,22
"2011","E00016625","E00016625","Total",196,44,17,27,152,125,27
"2011","E00016587","E00016587","Total",208,57,20,37,151,121,30
"2011","E00016594","E00016594","Total",195,33,11,22,162,136,26
"2011","E00016605","E00016605","Total",240,60,15,45,180,145,35
"2011","E00016608","E00016608","Total",127,22,5,17,105,89,16
"2011","E00016626","E00016626","Total",186,46,17,29,140,108,32
"2011","E00016589","E00016589","Total",133,49,12,37,84,66,18
"2011","E00016595","E00016595","Total",91,29,5,24,62,55,7
"2011","E00016597","E00016597","Total",78,25,5,20,53,43,10
"2011","E00016599","E00016599","Total",151,35,11,24,116,89,27
"2011","E00016601","E00016601","Total",128,48,16,32,80,68,12
"2011","E00016607","E00016607","Total",107,19,4,15,88,77,11
"2011","E00016573","E00016573","Total",196,45,16,29,151,119,32
"2011","E00016579","E00016579","Total",177,37,8,29,140,109,31
"2011","E00016580","E00016580","Total",222,59,26,33,163,136,27
"2011","E00016581","E00016581","Total",241,58,23,35,183,133,50
"2011","E00016582","E00016582","Total",231,68,27,41,163,132,31
"2011","E00016546","E00016546","Total",200,53,17,36,147,116,31
"2011","E00016547","E00016547","Total",257,75,23,52,182,143,39
"2011","E00016548","E00016548","Total",183,54,16,38,129,107,22
"2011","E00016550","E00016550","Total",205,54,15,39,151,124,27
"2011","E00016583","E00016583","Total",128,27,8,19,101,78,23
"2011","E00016542","E00016542","Total",164,47,21,26,117,102,15
"2011","E00016552","E00016552","Total",122,46,17,29,76,66,10
"2011","E00016554","E00016554","Total",157,37,12,25,120,96,24
"2011","E00016555","E00016555","Total",108,33,11,22,75,64,11
"2011","E00016556","E00016556","Total",163,45,14,31,118,99,19
"2011","E00016543","E00016543","Total",194,47,17,30,147,119,28
"2011","E00016545","E00016545","Total",158,43,13,30,115,89,26
"2011","E00016549","E00016549","Total",205,53,21,32,152,121,31
"2011","E00016551","E00016551","Total",206,55,16,39,151,112,39
"2011","E00016553","E00016553","Total",191,62,25,37,129,106,23
"2011","E00016335","E00016335","Total",137,34,15,19,103,91,12
"2011","E00016336","E00016336","Total",174,43,11,32,131,109,22
"2011","E00016339","E00016339","Total",174,43,14,29,131,100,31
"2011","E00016340","E00016340","Total",190,42,14,28,148,118,30
"2011","E00016341","E00016341","Total",164,43,14,29,121,105,16
"2011","E00016309","E00016309","Total",161,42,16,26,119,96,23
"2011","E00016323","E00016323","Total",116,31,14,17,85,75,10
"2011","E00016324","E00016324","Total",223,54,20,34,169,133,36
"2011","E00016325","E00016325","Total",183,50,22,28,133,110,23
"2011","E00016327","E00016327","Total",171,41,8,33,130,115,15
"2011","E00016326","E00016326","Total",172,39,9,30,133,106,27
"2011","E00016329","E00016329","Total",190,40,12,28,150,111,39
"2011","E00016332","E00016332","Total",188,63,23,40,125,94,31
"2011","E00016333","E00016333","Total",156,40,13,27,116,101,15
"2011","E00016337","E00016337","Total",181,53,17,36,128,111,17
"2011","E00016311","E00016311","Total",173,43,12,31,130,110,20
"2011","E00016328","E00016328","Total",173,47,15,32,126,102,24
"2011","E00016330","E00016330","Total",125,26,5,21,99,83,16
"2011","E00016331","E00016331","Total",183,50,9,41,133,119,14
"2011","E00016334","E00016334","Total",242,66,17,49,176,147,29
"2011","E00016613","E00016613","Total",224,69,20,49,155,133,22
"2011","E00016614","E00016614","Total",146,48,15,33,98,82,16
"2011","E00016615","E00016615","Total",170,43,14,29,127,99,28
"2011","E00016618","E00016618","Total",99,32,9,23,67,61,6
"2011","E00016621","E00016621","Total",99,38,7,31,61,59,2
"2011","E00016609","E00016609","Total",148,26,7,19,122,98,24
"2011","E00016617","E00016617","Total",172,39,13,26,133,96,37
"2011","E00016619","E00016619","Total",152,34,12,22,118,101,17
"2011","E00016620","E00016620","Total",164,39,14,25,125,102,23
"2011","E00016622","E00016622","Total",127,34,9,25,93,79,14
"2011","E00016588","E00016588","Total",191,45,16,29,146,123,23
"2011","E00016592","E00016592","Total",211,49,14,35,162,135,27
"2011","E00016604","E00016604","Total",101,16,6,10,85,71,14
"2011","E00016611","E00016611","Total",140,27,8,19,113,98,15
"2011","E00016612","E00016612","Total",110,37,14,23,73,57,16
"2011","E00016616","E00016616","Total",152,37,9,28,115,98,17
"2011","E00016590","E00016590","Total",237,48,20,28,189,154,35
"2011","E00016591","E00016591","Total",165,48,13,35,117,81,36
"2011","E00016603","E00016603","Total",266,55,26,29,211,146,65
"2011","E00016606","E00016606","Total",237,50,13,37,187,153,34
"2011","E00016610","E00016610","Total",182,31,8,23,151,125,26
"2011","E00016653","E00016653","Total",175,30,9,21,145,107,38
"2011","E00016655","E00016655","Total",175,44,18,26,131,96,35
"2011","E00016656","E00016656","Total",182,51,19,32,131,104,27
"2011","E00016662","E00016662","Total",158,32,10,22,126,107,19
"2011","E00016664","E00016664","Total",223,34,12,22,189,148,41
"2011","E00016631","E00016631","Total",176,39,13,26,137,113,24
"2011","E00016658","E00016658","Total",114,32,10,22,82,69,13
"2011","E00016659","E00016659","Total",123,21,4,17,102,83,19
"2011","E00016660","E00016660","Total",174,32,12,20,142,106,36
"2011","E00016663","E00016663","Total",185,44,15,29,141,118,23
"2011","E00016632","E00016632","Total",155,38,12,26,117,90,27
"2011","E00016666","E00016666","Total",150,43,14,29,107,88,19
"2011","E00016667","E00016667","Total",212,68,30,38,144,120,24
"2011","E00016669","E00016669","Total",109,26,4,22,83,71,12
"2011","E00016673","E00016673","Total",162,62,22,40,100,85,15
"2011","E00016668","E00016668","Total",123,31,10,21,92,76,16
"2011","E00016670","E00016670","Total",125,37,15,22,88,78,10
"2011","E00016671","E00016671","Total",81,21,6,15,60,53,7
"2011","E00016672","E00016672","Total",171,49,24,25,122,104,18
"2011","E00173708","E00173708","Total",117,14,5,9,103,84,19
"2011","E00173710","E00173710","Total",145,22,6,16,123,101,22
"2011","E00016661","E00016661","Total",160,37,8,29,123,99,24
"2011","E00173936","E00173936","Total",114,32,6,26,82,74,8
"2011","E00173937","E00173937","Total",154,16,3,13,138,117,21
"2011","E00173938","E00173938","Total",230,22,9,13,208,166,42
"2011","E00174035","E00174035","Total",171,17,7,10,154,140,14
"2011","E00016796","E00016796","Total",166,43,11,32,123,115,8
"2011","E00016799","E00016799","Total",187,61,27,34,126,110,16
"2011","E00016804","E00016804","Total",167,53,27,26,114,95,19
"2011","E00016805","E00016805","Total",161,62,24,38,99,86,13
"2011","E00016806","E00016806","Total",126,34,12,22,92,81,11
"2011","E00016781","E00016781","Total",119,31,12,19,88,77,11
"2011","E00016793","E00016793","Total",120,48,19,29,72,58,14
"2011","E00016794","E00016794","Total",100,27,5,22,73,64,9
"2011","E00016801","E00016801","Total",117,28,15,13,89,82,7
"2011","E00016803","E00016803","Total",111,21,6,15,90,83,7
"2011","E00016808","E00016808","Total",98,36,14,22,62,54,8
"2011","E00016813","E00016813","Total",167,44,13,31,123,107,16
"2011","E00016814","E00016814","Total",153,43,11,32,110,89,21
"2011","E00016815","E00016815","Total",134,37,15,22,97,77,20
"2011","E00016818","E00016818","Total",140,44,23,21,96,84,12
"2011","E00016819","E00016819","Total",123,37,12,25,86,73,13
"2011","E00016778","E00016778","Total",171,46,17,29,125,109,16
"2011","E00016788","E00016788","Total",124,38,12,26,86,78,8
"2011","E00016791","E00016791","Total",143,43,14,29,100,77,23
"2011","E00016800","E00016800","Total",106,36,14,22,70,63,7
"2011","E00016820","E00016820","Total",109,37,19,18,72,64,8
"2011","E00016823","E00016823","Total",113,30,8,22,83,74,9
"2011","E00016300","E00016300","Total",190,58,16,42,132,109,23
"2011","E00016310","E00016310","Total",143,44,17,27,99,81,18
"2011","E00016312","E00016312","Total",199,57,22,35,142,116,26
"2011","E00016343","E00016343","Total",210,52,24,28,158,121,37
"2011","E00016344","E00016344","Total",277,72,26,46,205,172,33
"2011","E00016301","E00016301","Total",223,42,16,26,181,133,48
"2011","E00016302","E00016302","Total",147,35,15,20,112,90,22
"2011","E00016316","E00016316","Total",175,40,12,28,135,109,26
"2011","E00016338","E00016338","Total",228,54,13,41,174,142,32
"2011","E00016342","E00016342","Total",158,41,17,24,117,97,20
"2011","E00016303","E00016303","Total",215,41,6,35,174,147,27
"2011","E00016304","E00016304","Total",215,36,3,33,179,137,42
"2011","E00016313","E00016313","Total",143,27,9,18,116,85,31
"2011","E00016318","E00016318","Total",161,30,10,20,131,102,29
"2011","E00016345","E00016345","Total",154,36,13,23,118,93,25
"2011","E00016307","E00016307","Total",154,42,17,25,112,97,15
"2011","E00016314","E00016314","Total",119,34,8,26,85,74,11
"2011","E00016319","E00016319","Total",98,23,6,17,75,63,12
"2011","E00016321","E00016321","Total",158,42,21,21,116,94,22
"2011","E00016322","E00016322","Total",174,37,12,25,137,117,20
"2011","E00016305","E00016305","Total",135,44,16,28,91,75,16
"2011","E00016306","E00016306","Total",169,43,12,31,126,108,18
"2011","E00016308","E00016308","Total",157,42,11,31,115,97,18
"2011","E00016315","E00016315","Total",230,46,15,31,184,153,31
"2011","E00016317","E00016317","Total",152,43,10,33,109,89,20
"2011","E00016320","E00016320","Total",153,40,12,28,113,102,11
"2011","E00016779","E00016779","Total",122,50,12,38,72,61,11
"2011","E00016789","E00016789","Total",185,49,13,36,136,115,21
"2011","E00016797","E00016797","Total",208,54,19,35,154,131,23
"2011","E00016798","E00016798","Total",173,36,13,23,137,117,20
"2011","E00016821","E00016821","Total",191,50,10,40,141,119,22
"2011","E00016780","E00016780","Total",184,61,10,51,123,108,15
"2011","E00016782","E00016782","Total",199,52,16,36,147,133,14
"2011","E00016790","E00016790","Total",76,23,9,14,53,45,8
"2011","E00016792","E00016792","Total",170,42,10,32,128,110,18
"2011","E00016795","E00016795","Total",143,44,18,26,99,83,16
"2011","E00016783","E00016783","Total",181,52,15,37,129,104,25
"2011","E00016802","E00016802","Total",193,68,18,50,125,106,19
"2011","E00016807","E00016807","Total",219,73,27,46,146,127,19
"2011","E00016809","E00016809","Total",182,42,18,24,140,115,25
"2011","E00016810","E00016810","Total",197,71,20,51,126,106,20
"2011","E00016784","E00016784","Total",135,34,9,25,101,81,20
"2011","E00016811","E00016811","Total",168,43,12,31,125,104,21
"2011","E00016812","E00016812","Total",168,64,22,42,104,85,19
"2011","E00016816","E00016816","Total",101,25,5,20,76,68,8
"2011","E00016817","E00016817","Total",127,27,5,22,100,87,13
"2011","E00016785","E00016785","Total",84,27,12,15,57,50,7
"2011","E00016786","E00016786","Total",125,24,5,19,101,90,11
"2011","E00016787","E00016787","Total",180,67,21,46,113,98,15
"2011","E00016822","E00016822","Total",152,50,17,33,102,88,14
"2011","E00016824","E00016824","Total",125,38,13,25,87,75,12
"2011","E00016445","E00016445","Total",165,33,12,21,132,109,23
"2011","E00016448","E00016448","Total",184,55,14,41,129,103,26
"2011","E00016452","E00016452","Total",167,47,21,26,120,88,32
"2011","E00016454","E00016454","Total",150,40,10,30,110,88,22
"2011","E00016455","E00016455","Total",142,37,11,26,105,84,21
"2011","E00016446","E00016446","Total",222,41,17,24,181,127,54
"2011","E00016453","E00016453","Total",117,32,6,26,85,64,21
"2011","E00016456","E00016456","Total",160,34,8,26,126,107,19
"2011","E00016457","E00016457","Total",191,36,11,25,155,119,36
"2011","E00016462","E00016462","Total",169,30,6,24,139,108,31
"2011","E00173944","E00173944","Total",190,27,5,22,163,126,37
"2011","E00173945","E00173945","Total",156,35,13,22,121,93,28
"2011","E00016444","E00016444","Total",177,55,17,38,122,82,40
"2011","E00016484","E00016484","Total",220,56,19,37,164,112,52
"2011","E00016485","E00016485","Total",107,33,13,20,74,66,8
"2011","E00016488","E00016488","Total",158,44,13,31,114,85,29
"2011","E00016489","E00016489","Total",244,100,26,74,144,114,30
"2011","E00016443","E00016443","Total",178,57,19,38,121,93,28
"2011","E00016483","E00016483","Total",147,29,8,21,118,99,19
"2011","E00016486","E00016486","Total",194,52,18,34,142,108,34
"2011","E00016487","E00016487","Total",134,35,8,27,99,74,25
"2011","E00016491","E00016491","Total",141,29,8,21,112,96,16
"2011","E00016449","E00016449","Total",152,38,11,27,114,98,16
"2011","E00016450","E00016450","Total",130,37,12,25,93,73,20
"2011","E00016451","E00016451","Total",182,55,25,30,127,104,23
"2011","E00016490","E00016490","Total",160,34,8,26,126,107,19
"2011","E00016492","E00016492","Total",117,29,7,22,88,71,17
"2011","E00016281","E00016281","Total",164,47,13,34,117,103,14
"2011","E00016290","E00016290","Total",141,39,13,26,102,92,10
"2011","E00016292","E00016292","Total",154,42,15,27,112,96,16
"2011","E00016293","E00016293","Total",163,48,15,33,115,96,19
"2011","E00016295","E00016295","Total",177,50,22,28,127,114,13
"2011","E00016258","E00016258","Total",181,43,6,37,138,123,15
"2011","E00016259","E00016259","Total",155,23,8,15,132,116,16
"2011","E00016298","E00016298","Total",221,60,17,43,161,135,26
"2011","E00016299","E00016299","Total",191,60,18,42,131,104,27
"2011","E00016274","E00016274","Total",132,33,9,24,99,82,17
"2011","E00016276","E00016276","Total",184,44,7,37,140,115,25
"2011","E00016277","E00016277","Total",166,48,18,30,118,100,18
"2011","E00016278","E00016278","Total",152,42,16,26,110,88,22
"2011","E00016285","E00016285","Total",139,36,10,26,103,80,23
"2011","E00016256","E00016256","Total",141,41,14,27,100,80,20
"2011","E00016284","E00016284","Total",156,50,15,35,106,88,18
"2011","E00016286","E00016286","Total",168,44,19,25,124,112,12
"2011","E00016296","E00016296","Total",151,42,10,32,109,89,20
"2011","E00016297","E00016297","Total",139,36,14,22,103,93,10
"2011","E00016275","E00016275","Total",177,53,15,38,124,110,14
"2011","E00016279","E00016279","Total",156,49,23,26,107,93,14
"2011","E00016280","E00016280","Total",131,40,11,29,91,84,7
"2011","E00016283","E00016283","Total",191,49,17,32,142,121,21
"2011","E00016287","E00016287","Total",170,36,12,24,134,114,20
"2011","E00016513","E00016513","Total",157,38,8,30,119,106,13
"2011","E00016514","E00016514","Total",93,22,5,17,71,58,13
"2011","E00016515","E00016515","Total",120,38,16,22,82,67,15
"2011","E00016516","E00016516","Total",108,34,13,21,74,65,9
"2011","E00016519","E00016519","Total",127,34,19,15,93,83,10
"2011","E00016521","E00016521","Total",114,36,13,23,78,67,11
"2011","E00016493","E00016493","Total",184,63,18,45,121,94,27
"2011","E00016499","E00016499","Total",154,47,11,36,107,88,19
"2011","E00016502","E00016502","Total",142,41,14,27,101,84,17
"2011","E00016503","E00016503","Total",124,15,2,13,109,85,24
"2011","E00016507","E00016507","Total",143,35,12,23,108,95,13
"2011","E00016540","E00016540","Total",154,37,14,23,117,103,14
"2011","E00016498","E00016498","Total",295,88,33,55,207,169,38
"2011","E00016500","E00016500","Total",119,32,11,21,87,73,14
"2011","E00016505","E00016505","Total",149,33,10,23,116,89,27
"2011","E00016541","E00016541","Total",191,51,15,36,140,112,28
"2011","E00016494","E00016494","Total",202,36,15,21,166,145,21
"2011","E00016495","E00016495","Total",143,30,6,24,113,91,22
"2011","E00016501","E00016501","Total",209,56,15,41,153,126,27
"2011","E00016508","E00016508","Total",172,43,11,32,129,113,16
"2011","E00016511","E00016511","Total",187,49,15,34,138,104,34
"2011","E00016504","E00016504","Total",159,46,13,33,113,82,31
"2011","E00016506","E00016506","Total",194,49,16,33,145,123,22
"2011","E00016509","E00016509","Total",210,69,13,56,141,111,30
"2011","E00016510","E00016510","Total",151,39,10,29,112,102,10
"2011","E00016512","E00016512","Total",187,53,20,33,134,101,33
"2011","E00016750","E00016750","Total",159,27,9,18,132,109,23
"2011","E00016752","E00016752","Total",178,41,12,29,137,111,26
"2011","E00016753","E00016753","Total",136,34,12,22,102,86,16
"2011","E00016758","E00016758","Total",117,28,5,23,89,76,13
"2011","E00016763","E00016763","Total",186,36,11,25,150,122,28
"2011","E00016738","E00016738","Total",229,70,24,46,159,134,25
"2011","E00016739","E00016739","Total",152,39,13,26,113,88,25
"2011","E00016740","E00016740","Total",198,51,19,32,147,118,29
"2011","E00016749","E00016749","Total",155,27,8,19,128,99,29
"2011","E00016755","E00016755","Total",197,45,14,31,152,128,24
"2011","E00016745","E00016745","Total",226,58,25,33,168,140,28
"2011","E00016746","E00016746","Total",204,40,11,29,164,135,29
"2011","E00016751","E00016751","Total",161,40,9,31,121,100,21
"2011","E00016754","E00016754","Total",167,26,8,18,141,113,28
"2011","E00016757","E00016757","Total",170,30,12,18,140,112,28
"2011","E00016732","E00016732","Total",215,40,12,28,175,139,36
"2011","E00016735","E00016735","Total",176,47,13,34,129,100,29
"2011","E00016741","E00016741","Total",147,39,12,27,108,87,21
"2011","E00016742","E00016742","Total",179,37,5,32,142,119,23
"2011","E00016733","E00016733","Total",173,33,13,20,140,116,24
"2011","E00016734","E00016734","Total",145,40,14,26,105,84,21
"2011","E00016743","E00016743","Total",177,47,13,34,130,99,31
"2011","E00016744","E00016744","Total",187,58,18,40,129,105,24
"2011","E00016747","E00016747","Total",123,31,10,21,92,75,17
"2011","E00016261","E00016261","Total",168,50,28,22,118,97,21
"2011","E00016282","E00016282","Total",182,45,16,29,137,115,22
"2011","E00016288","E00016288","Total",224,73,27,46,151,114,37
"2011","E00016289","E00016289","Total",180,55,22,33,125,108,17
"2011","E00016294","E00016294","Total",151,41,19,22,110,92,18
"2011","E00016260","E00016260","Total",191,48,12,36,143,118,25
"2011","E00016262","E00016262","Total",124,29,9,20,95,85,10
"2011","E00016266","E00016266","Total",182,37,15,22,145,127,18
"2011","E00016267","E00016267","Total",131,40,7,33,91,76,15
"2011","E00016271","E00016271","Total",189,53,15,38,136,115,21
"2011","E00016257","E00016257","Total",200,53,13,40,147,117,30
"2011","E00016263","E00016263","Total",106,27,12,15,79,59,20
"2011","E00016265","E00016265","Total",197,45,9,36,152,132,20
"2011","E00016268","E00016268","Total",201,62,19,43,139,107,32
"2011","E00016291","E00016291","Total",178,45,11,34,133,109,24
"2011","E00016264","E00016264","Total",134,34,10,24,100,89,11
"2011","E00016269","E00016269","Total",163,35,12,23,128,109,19
"2011","E00016270","E00016270","Total",149,49,18,31,100,83,17
"2011","E00016272","E00016272","Total",172,46,14,32,126,98,28
"2011","E00016273","E00016273","Total",205,41,15,26,164,125,39
"2011","E00016930","E00016930","Total",267,93,26,67,174,154,20
"2011","E00016946","E00016946","Total",159,50,15,35,109,96,13
"2011","E00016952","E00016952","Total",104,42,12,30,62,53,9
"2011","E00016964","E00016964","Total",117,33,10,23,84,70,14
"2011","E00016929","E00016929","Total",105,31,7,24,74,64,10
"2011","E00016931","E00016931","Total",100,29,6,23,71,57,14
"2011","E00016932","E00016932","Total",103,36,8,28,67,58,9
"2011","E00016954","E00016954","Total",105,40,13,27,65,56,9
"2011","E00016961","E00016961","Total",129,50,14,36,79,67,12
"2011","E00016933","E00016933","Total",212,62,21,41,150,125,25
"2011","E00016953","E00016953","Total",70,20,7,13,50,42,8
"2011","E00016957","E00016957","Total",109,34,6,28,75,62,13
"2011","E00016960","E00016960","Total",103,40,9,31,63,57,6
"2011","E00016966","E00016966","Total",84,25,3,22,59,51,8
"2011","E00016940","E00016940","Total",129,49,17,32,80,66,14
"2011","E00016941","E00016941","Total",172,44,14,30,128,106,22
"2011","E00016942","E00016942","Total",130,29,10,19,101,87,14
"2011","E00016943","E00016943","Total",131,29,11,18,102,85,17
"2011","E00016944","E00016944","Total",141,41,13,28,100,85,15
"2011","E00016945","E00016945","Total",121,16,2,14,105,92,13
"2011","E00016728","E00016728","Total",94,29,9,20,65,62,3
"2011","E00016764","E00016764","Total",127,41,19,22,86,77,9
"2011","E00016766","E00016766","Total",128,51,23,28,77,68,9
"2011","E00016768","E00016768","Total",104,29,6,23,75,64,11
"2011","E00016772","E00016772","Total",167,36,12,24,131,111,20
"2011","E00016737","E00016737","Total",147,37,13,24,110,86,24
"2011","E00016748","E00016748","Total",114,29,13,16,85,70,15
"2011","E00016756","E00016756","Total",120,38,14,24,82,69,13
"2011","E00016760","E00016760","Total",142,36,13,23,106,83,23
"2011","E00173704","E00173704","Total",127,34,12,22,93,79,14
"2011","E00173705","E00173705","Total",88,19,7,12,69,62,7
"2011","E00173707","E00173707","Total",102,10,4,6,92,78,14
"2011","E00016729","E00016729","Total",141,30,12,18,111,73,38
"2011","E00016730","E00016730","Total",163,51,15,36,112,94,18
"2011","E00016759","E00016759","Total",168,38,12,26,130,102,28
"2011","E00016761","E00016761","Total",185,48,20,28,137,109,28
"2011","E00016762","E00016762","Total",144,25,8,17,119,100,19
"2011","E00016765","E00016765","Total",136,17,6,11,119,105,14
"2011","E00016767","E00016767","Total",129,31,6,25,98,76,22
"2011","E00016770","E00016770","Total",111,16,3,13,95,79,16
"2011","E00016771","E00016771","Total",208,52,15,37,156,132,24
"2011","E00016774","E00016774","Total",168,35,17,18,133,110,23
"2011","E00016777","E00016777","Total",206,43,20,23,163,136,27
"2011","E00016731","E00016731","Total",141,49,21,28,92,76,16
"2011","E00016769","E00016769","Total",164,51,9,42,113,96,17
"2011","E00016773","E00016773","Total",117,41,8,33,76,66,10
"2011","E00016775","E00016775","Total",109,34,3,31,75,53,22
"2011","E00016776","E00016776","Total",180,40,15,25,140,115,25
"2011","E00016460","E00016460","Total",169,52,19,33,117,99,18
"2011","E00016463","E00016463","Total",275,60,15,45,215,176,39
"2011","E00016467","E00016467","Total",166,46,16,30,120,98,22
"2011","E00016469","E00016469","Total",163,40,13,27,123,95,28
"2011","E00016471","E00016471","Total",87,27,5,22,60,54,6
"2011","E00016472","E00016472","Total",131,40,6,34,91,72,19
"2011","E00016447","E00016447","Total",157,33,11,22,124,102,22
"2011","E00016458","E00016458","Total",165,51,21,30,114,92,22
"2011","E00016459","E00016459","Total",119,38,14,24,81,57,24
"2011","E00016464","E00016464","Total",112,37,11,26,75,58,17
"2011","E00016465","E00016465","Total",83,29,7,22,54,42,12
"2011","E00016466","E00016466","Total",142,27,9,18,115,86,29
"2011","E00016475","E00016475","Total",81,32,8,24,49,43,6
"2011","E00016476","E00016476","Total",125,34,11,23,91,81,10
"2011","E00016478","E00016478","Total",88,18,9,9,70,56,14
"2011","E00016479","E00016479","Total",83,35,7,28,48,40,8
"2011","E00016480","E00016480","Total",104,40,15,25,64,49,15
"2011","E00016482","E00016482","Total",101,29,7,22,72,66,6
"2011","E00016468","E00016468","Total",109,27,7,20,82,66,16
"2011","E00016470","E00016470","Total",116,24,12,12,92,77,15
"2011","E00016473","E00016473","Total",159,39,13,26,120,94,26
"2011","E00016474","E00016474","Total",132,36,13,23,96,85,11
"2011","E00016477","E00016477","Total",176,28,7,21,148,125,23
"2011","E00016481","E00016481","Total",201,43,16,27,158,142,16
"2011","E00016126","E00016126","Total",167,53,16,37,114,96,18
"2011","E00016127","E00016127","Total",198,50,18,32,148,130,18
"2011","E00016131","E00016131","Total",124,39,6,33,85,60,25
"2011","E00016134","E00016134","Total",94,30,10,20,64,52,12
"2011","E00016140","E00016140","Total",123,37,18,19,86,68,18
"2011","E00016118","E00016118","Total",188,47,13,34,141,118,23
"2011","E00016154","E00016154","Total",105,36,8,28,69,57,12
"2011","E00016155","E00016155","Total",201,59,23,36,142,117,25
"2011","E00016156","E00016156","Total",120,48,14,34,72,61,11
"2011","E00016157","E00016157","Total",165,61,12,49,104,95,9
"2011","E00016112","E00016112","Total",141,39,12,27,102,92,10
"2011","E00016119","E00016119","Total",156,51,15,36,105,95,10
"2011","E00016121","E00016121","Total",137,26,5,21,111,88,23
"2011","E00016123","E00016123","Total",148,49,20,29,99,83,16
"2011","E00016158","E00016158","Total",172,38,13,25,134,120,14
"2011","E00016113","E00016113","Total",150,41,8,33,109,91,18
"2011","E00016120","E00016120","Total",122,43,8,35,79,73,6
"2011","E00016122","E00016122","Total",140,38,13,25,102,82,20
"2011","E00016124","E00016124","Total",124,43,10,33,81,71,10
"2011","E00016125","E00016125","Total",147,48,13,35,99,78,21
"2011","E00016114","E00016114","Total",123,32,7,25,91,80,11
"2011","E00016128","E00016128","Total",126,41,12,29,85,69,16
"2011","E00016130","E00016130","Total",144,46,8,38,98,79,19
"2011","E00016133","E00016133","Total",131,41,8,33,90,80,10
"2011","E00016135","E00016135","Total",132,43,15,28,89,77,12
"2011","E00016948","E00016948","Total",135,50,19,31,85,76,9
"2011","E00016949","E00016949","Total",130,45,10,35,85,79,6
"2011","E00016951","E00016951","Total",127,47,12,35,80,77,3
"2011","E00016955","E00016955","Total",109,45,17,28,64,59,5
"2011","E00016956","E00016956","Total",95,34,10,24,61,50,11
"2011","E00016950","E00016950","Total",137,46,16,30,91,81,10
"2011","E00016967","E00016967","Total",123,36,7,29,87,75,12
"2011","E00016968","E00016968","Total",126,32,9,23,94,74,20
"2011","E00016969","E00016969","Total",102,34,11,23,68,58,10
"2011","E00016971","E00016971","Total",142,37,16,21,105,86,19
"2011","E00016928","E00016928","Total",167,70,20,50,97,80,17
"2011","E00016947","E00016947","Total",86,30,7,23,56,52,4
"2011","E00016958","E00016958","Total",138,45,11,34,93,82,11
"2011","E00016963","E00016963","Total",144,47,14,33,97,86,11
"2011","E00016937","E00016937","Total",168,43,12,31,125,104,21
"2011","E00016959","E00016959","Total",124,33,12,21,91,67,24
"2011","E00016962","E00016962","Total",167,64,22,42,103,87,16
"2011","E00016965","E00016965","Total",120,48,21,27,72,57,15
"2011","E00016970","E00016970","Total",156,45,8,37,111,98,13
"2011","E00016934","E00016934","Total",165,55,19,36,110,97,13
"2011","E00016935","E00016935","Total",196,46,13,33,150,133,17
"2011","E00016936","E00016936","Total",163,49,17,32,114,97,17
"2011","E00016938","E00016938","Total",144,46,20,26,98,85,13
"2011","E00016939","E00016939","Total",156,48,18,30,108,87,21
"2011","E00016496","E00016496","Total",142,40,11,29,102,83,19
"2011","E00016517","E00016517","Total",105,29,10,19,76,64,12
"2011","E00016518","E00016518","Total",127,31,11,20,96,84,12
"2011","E00016523","E00016523","Total",131,36,10,26,95,71,24
"2011","E00016524","E00016524","Total",155,39,14,25,116,101,15
"2011","E00016525","E00016525","Total",89,26,3,23,63,55,8
"2011","E00016497","E00016497","Total",117,29,5,24,88,76,12
"2011","E00016527","E00016527","Total",118,35,7,28,83,69,14
"2011","E00016528","E00016528","Total",126,30,4,26,96,80,16
"2011","E00016531","E00016531","Total",108,31,6,25,77,68,9
"2011","E00016532","E00016532","Total",102,25,10,15,77,64,13
"2011","E00016535","E00016535","Total",104,19,5,14,85,72,13
"2011","E00016520","E00016520","Total",95,21,7,14,74,70,4
"2011","E00016522","E00016522","Total",102,26,5,21,76,69,7
"2011","E00016526","E00016526","Total",83,39,14,25,44,37,7
"2011","E00016529","E00016529","Total",127,36,10,26,91,81,10
"2011","E00016530","E00016530","Total",109,31,7,24,78,72,6
"2011","E00016533","E00016533","Total",149,47,15,32,102,83,19
"2011","E00016534","E00016534","Total",133,37,10,27,96,76,20
"2011","E00016536","E00016536","Total",130,36,14,22,94,85,9
"2011","E00016537","E00016537","Total",121,39,9,30,82,65,17
"2011","E00016538","E00016538","Total",140,42,13,29,98,87,11
"2011","E00016539","E00016539","Total",117,33,10,23,84,74,10
"2011","E00016830","E00016830","Total",183,44,12,32,139,126,13
"2011","E00016839","E00016839","Total",162,33,7,26,129,109,20
"2011","E00016845","E00016845","Total",163,35,5,30,128,108,20
"2011","E00016872","E00016872","Total",176,57,18,39,119,95,24
"2011","E00016873","E00016873","Total",151,47,18,29,104,95,9
"2011","E00016838","E00016838","Total",110,38,10,28,72,66,6
"2011","E00016840","E00016840","Total",156,34,10,24,122,95,27
"2011","E00016847","E00016847","Total",85,28,7,21,57,49,8
"2011","E00016852","E00016852","Total",102,26,9,17,76,56,20
"2011","E00016858","E00016858","Total",74,29,14,15,45,38,7
"2011","E00016874","E00016874","Total",74,24,6,18,50,48,2
"2011","E00016826","E00016826","Total",120,35,12,23,85,71,14
"2011","E00016831","E00016831","Total",112,28,11,17,84,78,6
"2011","E00016832","E00016832","Total",100,25,7,18,75,62,13
"2011","E00016833","E00016833","Total",176,42,14,28,134,110,24
"2011","E00016875","E00016875","Total",109,23,4,19,86,73,13
"2011","E00016828","E00016828","Total",136,29,10,19,107,87,20
"2011","E00016850","E00016850","Total",98,27,10,17,71,61,10
"2011","E00016854","E00016854","Total",125,20,5,15,105,93,12
"2011","E00016855","E00016855","Total",158,25,8,17,133,99,34
"2011","E00016857","E00016857","Total",139,29,9,20,110,92,18
"2011","E00016878","E00016878","Total",95,29,2,27,66,57,9
"2011","E00016827","E00016827","Total",142,32,5,27,110,93,17
"2011","E00016834","E00016834","Total",168,41,11,30,127,100,27
"2011","E00016842","E00016842","Total",118,32,8,24,86,73,13
"2011","E00016856","E00016856","Total",240,51,18,33,189,160,29
"2011","E00016876","E00016876","Total",92,32,8,24,60,48,12
"2011","E00016877","E00016877","Total",82,20,5,15,62,60,2
"2011","E00016115","E00016115","Total",118,40,12,28,78,65,13
"2011","E00016136","E00016136","Total",104,28,10,18,76,69,7
"2011","E00016137","E00016137","Total",146,51,10,41,95,87,8
"2011","E00016138","E00016138","Total",122,41,14,27,81,72,9
"2011","E00016139","E00016139","Total",123,33,9,24,90,78,12
"2011","E00016116","E00016116","Total",183,46,11,35,137,120,17
"2011","E00016129","E00016129","Total",139,42,16,26,97,86,11
"2011","E00016142","E00016142","Total",120,52,13,39,68,60,8
"2011","E00016144","E00016144","Total",96,43,10,33,53,46,7
"2011","E00016145","E00016145","Total",125,47,13,34,78,56,22
"2011","E00016150","E00016150","Total",128,40,7,33,88,78,10
"2011","E00016117","E00016117","Total",115,37,11,26,78,73,5
"2011","E00016132","E00016132","Total",145,36,7,29,109,100,9
"2011","E00016143","E00016143","Total",128,39,5,34,89,77,12
"2011","E00016147","E00016147","Total",149,42,9,33,107,94,13
"2011","E00016153","E00016153","Total",125,36,9,27,89,77,12
"2011","E00016141","E00016141","Total",91,34,10,24,57,50,7
"2011","E00016146","E00016146","Total",96,36,12,24,60,49,11
"2011","E00016148","E00016148","Total",136,41,11,30,95,83,12
"2011","E00016149","E00016149","Total",119,45,19,26,74,65,9
"2011","E00016151","E00016151","Total",105,33,9,24,72,62,10
"2011","E00016152","E00016152","Total",109,30,10,20,79,71,8
"2011","E00016843","E00016843","Total",127,33,8,25,94,76,18
"2011","E00016863","E00016863","Total",180,38,8,30,142,122,20
"2011","E00016868","E00016868","Total",107,28,7,21,79,66,13
"2011","E00016870","E00016870","Total",165,49,11,38,116,97,19
"2011","E00016871","E00016871","Total",119,37,11,26,82,67,15
"2011","E00016848","E00016848","Total",128,41,14,27,87,60,27
"2011","E00016859","E00016859","Total",192,50,20,30,142,116,26
"2011","E00016861","E00016861","Total",225,55,19,36,170,137,33
"2011","E00016862","E00016862","Total",168,38,16,22,130,110,20
"2011","E00016866","E00016866","Total",168,52,23,29,116,92,24
"2011","E00016829","E00016829","Total",140,28,10,18,112,95,17
"2011","E00016851","E00016851","Total",170,41,16,25,129,97,32
"2011","E00016860","E00016860","Total",191,51,17,34,140,122,18
"2011","E00016864","E00016864","Total",140,36,13,23,104,85,19
"2011","E00016867","E00016867","Total",139,28,7,21,111,87,24
"2011","E00016869","E00016869","Total",93,24,3,21,69,57,12
"2011","E00016835","E00016835","Total",150,43,12,31,107,90,17
"2011","E00016837","E00016837","Total",143,34,11,23,109,85,24
"2011","E00016846","E00016846","Total",168,40,12,28,128,108,20
"2011","E00016849","E00016849","Total",108,23,9,14,85,72,13
"2011","E00016865","E00016865","Total",178,45,14,31,133,118,15
"2011","E00016825","E00016825","Total",109,42,12,30,67,63,4
"2011","E00016836","E00016836","Total",140,40,11,29,100,83,17
"2011","E00016841","E00016841","Total",146,54,17,37,92,86,6
"2011","E00016844","E00016844","Total",143,44,15,29,99,74,25
"2011","E00016853","E00016853","Total",92,34,10,24,58,48,10
"2011","E00016350","E00016350","Total",148,32,10,22,116,106,10
"2011","E00016369","E00016369","Total",108,21,9,12,87,80,7
"2011","E00016370","E00016370","Total",135,41,19,22,94,81,13
"2011","E00016371","E00016371","Total",99,22,6,16,77,67,10
"2011","E00016374","E00016374","Total",99,31,11,20,68,63,5
"2011","E00016352","E00016352","Total",116,41,13,28,75,69,6
"2011","E00016373","E00016373","Total",125,40,17,23,85,72,13
"2011","E00016378","E00016378","Total",111,34,1,33,77,67,10
"2011","E00016381","E00016381","Total",140,52,17,35,88,72,16
"2011","E00016382","E00016382","Total",97,29,11,18,68,59,9
"2011","E00016348","E00016348","Total",106,32,10,22,74,68,6
"2011","E00016372","E00016372","Total",133,43,6,37,90,76,14
"2011","E00016375","E00016375","Total",119,26,8,18,93,81,12
"2011","E00016377","E00016377","Total",113,38,12,26,75,61,14
"2011","E00016379","E00016379","Total",116,39,9,30,77,67,10
"2011","E00016349","E00016349","Total",115,22,4,18,93,79,14
"2011","E00016351","E00016351","Total",225,71,19,52,154,135,19
"2011","E00016376","E00016376","Total",115,35,12,23,80,71,9
"2011","E00016383","E00016383","Total",141,37,9,28,104,89,15
"2011","E00016356","E00016356","Total",144,61,20,41,83,78,5
"2011","E00016387","E00016387","Total",144,47,17,30,97,90,7
"2011","E00016393","E00016393","Total",123,35,7,28,88,81,7
"2011","E00165790","E00165790","Total",108,39,11,28,69,61,8
"2011","E00016361","E00016361","Total",91,29,12,17,62,50,12
"2011","E00016363","E00016363","Total",129,51,15,36,78,65,13
"2011","E00016366","E00016366","Total",117,32,13,19,85,70,15
"2011","E00016367","E00016367","Total",86,29,6,23,57,44,13
"2011","E00016368","E00016368","Total",150,36,15,21,114,93,21
"2011","E00016353","E00016353","Total",124,34,10,24,90,76,14
"2011","E00016360","E00016360","Total",210,48,19,29,162,144,18
"2011","E00016380","E00016380","Total",105,33,12,21,72,64,8
"2011","E00016389","E00016389","Total",100,31,7,24,69,60,9
"2011","E00016390","E00016390","Total",83,29,12,17,54,42,12
"2011","E00016392","E00016392","Total",128,26,5,21,102,90,12
"2011","E00016359","E00016359","Total",124,38,12,26,86,75,11
"2011","E00016384","E00016384","Total",157,48,15,33,109,82,27
"2011","E00016385","E00016385","Total",132,45,15,30,87,75,12
"2011","E00016386","E00016386","Total",79,17,4,13,62,56,6
"2011","E00016388","E00016388","Total",140,31,9,22,109,96,13
"2011","E00016346","E00016346","Total",97,36,6,30,61,56,5
"2011","E00016354","E00016354","Total",83,26,5,21,57,44,13
"2011","E00016357","E00016357","Total",105,46,17,29,59,55,4
"2011","E00016358","E00016358","Total",113,34,8,26,79,66,13
"2011","E00016391","E00016391","Total",149,52,17,35,97,80,17
"2011","E00016362","E00016362","Total",133,38,11,27,95,80,15
"2011","E00016364","E00016364","Total",96,26,5,21,70,65,5
"2011","E00016365","E00016365","Total",79,22,8,14,57,48,9
"2011","E00016394","E00016394","Total",126,42,12,30,84,72,12
"2011","E00165789","E00165789","Total",104,32,9,23,72,62,10
"2011","E00016678","E00016678","Total",101,44,14,30,57,46,11
"2011","E00016722","E00016722","Total",129,42,11,31,87,75,12
"2011","E00016724","E00016724","Total",179,48,17,31,131,114,17
"2011","E00016727","E00016727","Total",149,53,18,35,96,84,12
"2011","E00016676","E00016676","Total",93,31,7,24,62,55,7
"2011","E00016685","E00016685","Total",135,49,17,32,86,74,12
"2011","E00016690","E00016690","Total",115,41,14,27,74,66,8
"2011","E00016691","E00016691","Total",158,52,20,32,106,96,10
"2011","E00016726","E00016726","Total",77,31,14,17,46,38,8
"2011","E00016688","E00016688","Total",130,39,10,29,91,77,14
"2011","E00016695","E00016695","Total",105,32,11,21,73,60,13
"2011","E00016705","E00016705","Total",159,46,18,28,113,92,21
"2011","E00016710","E00016710","Total",149,37,12,25,112,90,22
"2011","E00016712","E00016712","Total",139,58,29,29,81,72,9
"2011","E00016682","E00016682","Total",153,39,8,31,114,99,15
"2011","E00016686","E00016686","Total",136,56,13,43,80,70,10
"2011","E00016699","E00016699","Total",135,46,15,31,89,80,9
"2011","E00016702","E00016702","Total",150,40,14,26,110,92,18
"2011","E00016707","E00016707","Total",245,65,18,47,180,146,34
"2011","E00016711","E00016711","Total",166,49,16,33,117,88,29
"2011","E00016696","E00016696","Total",121,56,20,36,65,58,7
"2011","E00016698","E00016698","Total",145,46,14,32,99,85,14
"2011","E00016703","E00016703","Total",98,42,11,31,56,46,10
"2011","E00016713","E00016713","Total",241,67,25,42,174,141,33
"2011","E00165804","E00165804","Total",120,50,15,35,70,60,10
"2011","E00017907","E00017907","Total",171,42,18,24,129,103,26
"2011","E00017908","E00017908","Total",218,65,28,37,153,131,22
"2011","E00017909","E00017909","Total",168,59,22,37,109,96,13
"2011","E00017917","E00017917","Total",200,72,32,40,128,111,17
"2011","E00174982","E00174982","Total",160,48,19,29,112,97,15
"2011","E00174983","E00174983","Total",165,42,11,31,123,106,17
"2011","E00174984","E00174984","Total",157,30,8,22,127,109,18
"2011","E00017901","E00017901","Total",172,70,37,33,102,92,10
"2011","E00017915","E00017915","Total",184,47,11,36,137,123,14
"2011","E00017921","E00017921","Total",183,50,18,32,133,108,25
"2011","E00017923","E00017923","Total",205,52,16,36,153,133,20
"2011","E00017930","E00017930","Total",177,50,15,35,127,105,22
"2011","E00017910","E00017910","Total",178,38,22,16,140,128,12
"2011","E00017913","E00017913","Total",165,65,18,47,100,90,10
"2011","E00017914","E00017914","Total",132,39,9,30,93,73,20
"2011","E00017920","E00017920","Total",166,60,20,40,106,89,17
"2011","E00017926","E00017926","Total",152,59,27,32,93,80,13
"2011","E00017899","E00017899","Total",111,44,11,33,67,60,7
"2011","E00017903","E00017903","Total",274,85,26,59,189,156,33
"2011","E00017904","E00017904","Total",126,33,9,24,93,75,18
"2011","E00017905","E00017905","Total",136,40,19,21,96,81,15
"2011","E00017911","E00017911","Total",144,53,17,36,91,73,18
"2011","E00018053","E00018053","Total",131,64,15,49,67,62,5
"2011","E00018054","E00018054","Total",173,68,7,61,105,88,17
"2011","E00018055","E00018055","Total",61,22,3,19,39,36,3
"2011","E00018057","E00018057","Total",135,51,13,38,84,78,6
"2011","E00018067","E00018067","Total",173,91,34,57,82,76,6
"2011","E00018062","E00018062","Total",153,60,24,36,93,80,13
"2011","E00018064","E00018064","Total",182,82,23,59,100,88,12
"2011","E00018071","E00018071","Total",156,60,25,35,96,79,17
"2011","E00018072","E00018072","Total",182,78,32,46,104,95,9
"2011","E00018068","E00018068","Total",149,57,17,40,92,87,5
"2011","E00018070","E00018070","Total",155,60,22,38,95,81,14
"2011","E00018073","E00018073","Total",115,40,14,26,75,71,4
"2011","E00018074","E00018074","Total",123,59,21,38,64,59,5
"2011","E00018076","E00018076","Total",161,62,21,41,99,80,19
"2011","E00018078","E00018078","Total",165,71,27,44,94,77,17
"2011","E00018079","E00018079","Total",216,77,23,54,139,127,12
"2011","E00018082","E00018082","Total",170,58,15,43,112,89,23
"2011","E00018058","E00018058","Total",225,105,52,53,120,88,32
"2011","E00018061","E00018061","Total",138,70,17,53,68,59,9
"2011","E00018063","E00018063","Total",201,94,35,59,107,95,12
"2011","E00018066","E00018066","Total",194,85,26,59,109,91,18
"2011","E00018089","E00018089","Total",121,30,8,22,91,62,29
"2011","E00018094","E00018094","Total",174,63,23,40,111,91,20
"2011","E00018097","E00018097","Total",205,79,27,52,126,112,14
"2011","E00018098","E00018098","Total",177,61,16,45,116,93,23
"2011","E00018101","E00018101","Total",165,62,18,44,103,84,19
"2011","E00018106","E00018106","Total",218,78,30,48,140,108,32
"2011","E00018107","E00018107","Total",131,66,18,48,65,59,6
"2011","E00018108","E00018108","Total",191,69,28,41,122,113,9
"2011","E00018109","E00018109","Total",193,59,22,37,134,119,15
"2011","E00018083","E00018083","Total",132,50,19,31,82,67,15
"2011","E00018084","E00018084","Total",140,41,18,23,99,90,9
"2011","E00018088","E00018088","Total",164,66,19,47,98,92,6
"2011","E00018092","E00018092","Total",165,59,21,38,106,100,6
"2011","E00018069","E00018069","Total",134,57,18,39,77,75,2
"2011","E00018075","E00018075","Total",166,71,27,44,95,89,6
"2011","E00018077","E00018077","Total",199,100,25,75,99,89,10
"2011","E00018081","E00018081","Total",172,79,22,57,93,77,16
"2011","E00018093","E00018093","Total",148,58,14,44,90,77,13
"2011","E00018100","E00018100","Total",191,76,24,52,115,101,14
"2011","E00175019","E00175019","Total",137,77,25,52,60,56,4
"2011","E00175061","E00175061","Total",116,47,15,32,69,61,8
"2011","E00018102","E00018102","Total",246,105,39,66,141,124,17
"2011","E00018104","E00018104","Total",174,52,17,35,122,103,19
"2011","E00018105","E00018105","Total",179,69,24,45,110,84,26
"2011","E00018112","E00018112","Total",129,62,25,37,67,59,8
"2011","E00175056","E00175056","Total",220,71,23,48,149,138,11
"2011","E00175083","E00175083","Total",101,31,12,19,70,65,5
"2011","E00018090","E00018090","Total",174,93,23,70,81,68,13
"2011","E00018091","E00018091","Total",150,59,21,38,91,76,15
"2011","E00018095","E00018095","Total",183,88,27,61,95,78,17
"2011","E00018096","E00018096","Total",144,53,13,40,91,81,10
"2011","E00018099","E00018099","Total",163,58,19,39,105,88,17
"2011","E00017833","E00017833","Total",221,100,45,55,121,100,21
"2011","E00017835","E00017835","Total",130,62,20,42,68,62,6
"2011","E00017857","E00017857","Total",115,47,14,33,68,63,5
"2011","E00018045","E00018045","Total",176,73,23,50,103,91,12
"2011","E00018047","E00018047","Total",203,100,25,75,103,86,17
"2011","E00018051","E00018051","Total",88,26,5,21,62,55,7
"2011","E00018052","E00018052","Total",142,58,26,32,84,72,12
"2011","E00018046","E00018046","Total",109,38,14,24,71,62,9
"2011","E00018056","E00018056","Total",119,56,10,46,63,60,3
"2011","E00018059","E00018059","Total",112,49,17,32,63,53,10
"2011","E00018060","E00018060","Total",161,62,19,43,99,92,7
"2011","E00018065","E00018065","Total",64,17,3,14,47,44,3
"2011","E00018044","E00018044","Total",174,69,15,54,105,100,5
"2011","E00018048","E00018048","Total",76,30,12,18,46,40,6
"2011","E00018049","E00018049","Total",146,67,18,49,79,72,7
"2011","E00018050","E00018050","Total",116,42,13,29,74,65,9
"2011","E00018080","E00018080","Total",110,52,18,34,58,54,4
"2011","E00017900","E00017900","Total",126,51,17,34,75,66,9
"2011","E00017925","E00017925","Total",136,40,16,24,96,87,9
"2011","E00017931","E00017931","Total",164,52,16,36,112,104,8
"2011","E00017932","E00017932","Total",153,55,18,37,98,81,17
"2011","E00017935","E00017935","Total",189,43,17,26,146,118,28
"2011","E00017918","E00017918","Total",207,65,21,44,142,116,26
"2011","E00017924","E00017924","Total",143,53,35,18,90,80,10
"2011","E00017927","E00017927","Total",237,79,17,62,158,133,25
"2011","E00017928","E00017928","Total",158,66,34,32,92,80,12
"2011","E00017934","E00017934","Total",218,74,31,43,144,114,30
"2011","E00017937","E00017937","Total",191,77,17,60,114,95,19
"2011","E00017898","E00017898","Total",181,63,16,47,118,102,16
"2011","E00017933","E00017933","Total",150,50,11,39,100,89,11
"2011","E00017936","E00017936","Total",180,45,6,39,135,116,19
"2011","E00017938","E00017938","Total",137,52,15,37,85,77,8
"2011","E00174986","E00174986","Total",221,35,11,24,186,150,36
"2011","E00175027","E00175027","Total",171,50,13,37,121,102,19
"2011","E00017940","E00017940","Total",224,68,19,49,156,142,14
"2011","E00017948","E00017948","Total",110,32,14,18,78,66,12
"2011","E00017953","E00017953","Total",217,77,27,50,140,125,15
"2011","E00017954","E00017954","Total",180,52,17,35,128,104,24
"2011","E00017955","E00017955","Total",219,95,28,67,124,111,13
"2011","E00017906","E00017906","Total",167,32,15,17,135,108,27
"2011","E00017912","E00017912","Total",190,54,24,30,136,109,27
"2011","E00017916","E00017916","Total",199,57,21,36,142,121,21
"2011","E00017919","E00017919","Total",156,56,18,38,100,83,17
"2011","E00017922","E00017922","Total",228,96,28,68,132,109,23
"2011","E00017946","E00017946","Total",175,64,20,44,111,96,15
"2011","E00017950","E00017950","Total",241,78,34,44,163,147,16
"2011","E00017979","E00017979","Total",186,63,25,38,123,107,16
"2011","E00017980","E00017980","Total",205,73,30,43,132,109,23
"2011","E00017984","E00017984","Total",176,89,30,59,87,76,11
"2011","E00017987","E00017987","Total",193,87,31,56,106,92,14
"2011","E00017990","E00017990","Total",232,113,49,64,119,106,13
"2011","E00018010","E00018010","Total",178,62,16,46,116,104,12
"2011","E00017981","E00017981","Total",143,48,14,34,95,83,12
"2011","E00017986","E00017986","Total",198,96,35,61,102,91,11
"2011","E00018011","E00018011","Total",211,85,33,52,126,104,22
"2011","E00018012","E00018012","Total",174,96,40,56,78,69,9
"2011","E00017939","E00017939","Total",134,53,11,42,81,57,24
"2011","E00017947","E00017947","Total",199,93,31,62,106,97,9
"2011","E00017949","E00017949","Total",93,28,10,18,65,55,10
"2011","E00017952","E00017952","Total",126,63,29,34,63,61,2
"2011","E00174979","E00174979","Total",123,40,16,24,83,65,18
"2011","E00174981","E00174981","Total",95,52,45,7,43,37,6
"2011","E00017957","E00017957","Total",145,59,33,26,86,74,12
"2011","E00017962","E00017962","Total",128,48,21,27,80,65,15
"2011","E00017967","E00017967","Total",161,69,26,43,92,72,20
"2011","E00017973","E00017973","Total",191,86,30,56,105,88,17
"2011","E00018013","E00018013","Total",224,65,31,34,159,135,24
"2011","E00018017","E00018017","Total",208,124,31,93,84,79,5
"2011","E00018042","E00018042","Total",154,70,22,48,84,70,14
"2011","E00018043","E00018043","Total",237,96,36,60,141,122,19
"2011","E00018014","E00018014","Total",207,88,29,59,119,108,11
"2011","E00018018","E00018018","Total",178,78,20,58,100,86,14
"2011","E00018019","E00018019","Total",214,93,27,66,121,110,11
"2011","E00018021","E00018021","Total",236,107,35,72,129,111,18
"2011","E00018020","E00018020","Total",171,76,31,45,95,80,15
"2011","E00018022","E00018022","Total",182,70,25,45,112,95,17
"2011","E00018024","E00018024","Total",142,50,12,38,92,80,12
"2011","E00018025","E00018025","Total",157,59,21,38,98,84,14
"2011","E00017941","E00017941","Total",221,73,27,46,148,128,20
"2011","E00017943","E00017943","Total",170,73,28,45,97,80,17
"2011","E00017965","E00017965","Total",152,57,18,39,95,73,22
"2011","E00017970","E00017970","Total",102,37,8,29,65,58,7
"2011","E00017974","E00017974","Total",167,42,11,31,125,107,18
"2011","E00017942","E00017942","Total",233,73,31,42,160,121,39
"2011","E00017958","E00017958","Total",151,58,20,38,93,79,14
"2011","E00017961","E00017961","Total",215,52,22,30,163,109,54
"2011","E00017963","E00017963","Total",151,59,22,37,92,72,20
"2011","E00017968","E00017968","Total",112,43,7,36,69,57,12
"2011","E00017945","E00017945","Total",249,79,21,58,170,144,26
"2011","E00017972","E00017972","Total",211,54,10,44,157,130,27
"2011","E00017975","E00017975","Total",195,46,12,34,149,130,19
"2011","E00017977","E00017977","Total",199,54,14,40,145,121,24
"2011","E00017978","E00017978","Total",163,57,15,42,106,91,15
"2011","E00017956","E00017956","Total",199,45,17,28,154,135,19
"2011","E00017959","E00017959","Total",334,56,14,42,278,229,49
"2011","E00017960","E00017960","Total",196,45,7,38,151,117,34
"2011","E00017966","E00017966","Total",202,51,11,40,151,124,27
"2011","E00175040","E00175040","Total",150,24,8,16,126,112,14
"2011","E00175070","E00175070","Total",132,17,5,12,115,96,19
"2011","E00175079","E00175079","Total",166,37,16,21,129,98,31
"2011","E00175080","E00175080","Total",130,31,9,22,99,80,19
"2011","E00017834","E00017834","Total",129,46,19,27,83,74,9
"2011","E00017838","E00017838","Total",240,89,35,54,151,142,9
"2011","E00017841","E00017841","Total",190,63,19,44,127,118,9
"2011","E00175069","E00175069","Total",235,98,19,79,137,120,17
"2011","E00175082","E00175082","Total",214,95,41,54,119,102,17
"2011","E00017836","E00017836","Total",192,74,22,52,118,112,6
"2011","E00017837","E00017837","Total",201,76,20,56,125,116,9
"2011","E00017842","E00017842","Total",166,66,27,39,100,82,18
"2011","E00017848","E00017848","Total",185,99,43,56,86,78,8
"2011","E00017840","E00017840","Total",219,78,26,52,141,135,6
"2011","E00017843","E00017843","Total",151,74,30,44,77,56,21
"2011","E00017846","E00017846","Total",219,97,32,65,122,107,15
"2011","E00017852","E00017852","Total",240,112,46,66,128,111,17
"2011","E00017839","E00017839","Total",203,70,26,44,133,120,13
"2011","E00017844","E00017844","Total",261,87,29,58,174,163,11
"2011","E00017845","E00017845","Total",170,53,19,34,117,106,11
"2011","E00017850","E00017850","Total",188,93,35,58,95,84,11
"2011","E00017854","E00017854","Total",129,49,16,33,80,66,14
"2011","E00017855","E00017855","Total",193,74,28,46,119,99,20
"2011","E00017856","E00017856","Total",199,91,30,61,108,97,11
"2011","E00175059","E00175059","Total",228,87,35,52,141,124,17
"2011","E00175064","E00175064","Total",154,55,19,36,99,92,7
"2011","E00017847","E00017847","Total",174,67,18,49,107,95,12
"2011","E00017849","E00017849","Total",191,75,28,47,116,88,28
"2011","E00017851","E00017851","Total",190,71,18,53,119,103,16
"2011","E00017853","E00017853","Total",209,91,33,58,118,111,7
"2011","E00017985","E00017985","Total",165,88,34,54,77,71,6
"2011","E00017988","E00017988","Total",177,62,15,47,115,104,11
"2011","E00017989","E00017989","Total",196,83,32,51,113,96,17
"2011","E00017992","E00017992","Total",175,84,39,45,91,80,11
"2011","E00017993","E00017993","Total",218,98,36,62,120,105,15
"2011","E00017994","E00017994","Total",159,66,28,38,93,82,11
"2011","E00017996","E00017996","Total",137,61,21,40,76,70,6
"2011","E00175052","E00175052","Total",136,44,10,34,92,79,13
"2011","E00175065","E00175065","Total",100,48,18,30,52,39,13
"2011","E00018111","E00018111","Total",175,68,31,37,107,94,13
"2011","E00018113","E00018113","Total",163,66,17,49,97,89,8
"2011","E00018115","E00018115","Total",135,55,19,36,80,74,6
"2011","E00018116","E00018116","Total",196,102,33,69,94,86,8
"2011","E00018085","E00018085","Total",160,61,21,40,99,88,11
"2011","E00018086","E00018086","Total",210,76,25,51,134,112,22
"2011","E00018087","E00018087","Total",129,36,11,25,93,80,13
"2011","E00018114","E00018114","Total",214,89,34,55,125,109,16
"2011","E00018222","E00018222","Total",153,57,25,32,96,80,16
"2011","E00018223","E00018223","Total",167,49,13,36,118,108,10
"2011","E00018224","E00018224","Total",137,45,8,37,92,75,17
"2011","E00018257","E00018257","Total",222,74,23,51,148,118,30
"2011","E00018259","E00018259","Total",201,57,20,37,144,113,31
"2011","E00018225","E00018225","Total",76,19,5,14,57,44,13
"2011","E00018226","E00018226","Total",205,67,29,38,138,124,14
"2011","E00018227","E00018227","Total",165,54,17,37,111,90,21
"2011","E00174985","E00174985","Total",161,19,6,13,142,111,31
"2011","E00174988","E00174988","Total",177,46,17,29,131,101,30
"2011","E00174989","E00174989","Total",202,46,13,33,156,139,17
"2011","E00174991","E00174991","Total",206,40,9,31,166,125,41
"2011","E00175060","E00175060","Total",236,44,14,30,192,150,42
"2011","E00175063","E00175063","Total",126,24,7,17,102,79,23
"2011","E00018218","E00018218","Total",183,55,18,37,128,112,16
"2011","E00018231","E00018231","Total",202,62,21,41,140,107,33
"2011","E00018233","E00018233","Total",238,82,29,53,156,126,30
"2011","E00018235","E00018235","Total",183,44,13,31,139,95,44
"2011","E00018236","E00018236","Total",153,44,13,31,109,87,22
"2011","E00018238","E00018238","Total",193,48,18,30,145,123,22
"2011","E00018242","E00018242","Total",116,27,11,16,89,71,18
"2011","E00018230","E00018230","Total",144,34,12,22,110,87,23
"2011","E00018237","E00018237","Total",101,30,10,20,71,60,11
"2011","E00018239","E00018239","Total",123,24,7,17,99,76,23
"2011","E00018240","E00018240","Total",123,42,16,26,81,68,13
"2011","E00018241","E00018241","Total",129,26,7,19,103,88,15
"2011","E00175020","E00175020","Total",192,67,34,33,125,111,14
"2011","E00175021","E00175021","Total",168,17,7,10,151,120,31
"2011","E00175023","E00175023","Total",179,16,6,10,163,125,38
"2011","E00018221","E00018221","Total",261,74,17,57,187,156,31
"2011","E00018251","E00018251","Total",123,35,12,23,88,82,6
"2011","E00018252","E00018252","Total",222,81,19,62,141,130,11
"2011","E00018254","E00018254","Total",148,36,12,24,112,95,17
"2011","E00018260","E00018260","Total",159,64,24,40,95,81,14
"2011","E00174987","E00174987","Total",88,33,9,24,55,44,11
"2011","E00175067","E00175067","Total",208,41,14,27,167,141,26
"2011","E00175068","E00175068","Total",153,24,9,15,129,93,36
"2011","E00175074","E00175074","Total",193,41,16,25,152,116,36
"2011","E00175078","E00175078","Total",94,31,6,25,63,52,11
"2011","E00174990","E00174990","Total",251,41,19,22,210,160,50
"2011","E00175037","E00175037","Total",188,32,10,22,156,124,32
"2011","E00175073","E00175073","Total",236,11,6,5,225,190,35
"2011","E00175077","E00175077","Total",61,10,3,7,51,42,9
"2011","E00175081","E00175081","Total",96,32,15,17,64,50,14
"2011","E00018232","E00018232","Total",140,39,21,18,101,93,8
"2011","E00018244","E00018244","Total",50,11,0,11,39,36,3
"2011","E00018246","E00018246","Total",69,21,5,16,48,40,8
"2011","E00018253","E00018253","Total",216,91,34,57,125,108,17
"2011","E00018255","E00018255","Total",164,47,9,38,117,94,23
"2011","E00175022","E00175022","Total",97,12,5,7,85,65,20
"2011","E00175024","E00175024","Total",108,14,6,8,94,74,20
"2011","E00175025","E00175025","Total",208,19,10,9,189,151,38
"2011","E00175026","E00175026","Total",108,29,7,22,79,71,8
"2011","E00175033","E00175033","Total",163,56,15,41,107,84,23
"2011","E00175034","E00175034","Total",134,27,6,21,107,95,12
"2011","E00175035","E00175035","Total",218,63,21,42,155,126,29
"2011","E00018220","E00018220","Total",160,56,16,40,104,89,15
"2011","E00018243","E00018243","Total",242,65,18,47,177,126,51
"2011","E00018250","E00018250","Total",133,28,8,20,105,89,16
"2011","E00175053","E00175053","Total",104,19,8,11,85,71,14
"2011","E00175054","E00175054","Total",90,26,11,15,64,49,15
"2011","E00017982","E00017982","Total",243,118,32,86,125,111,14
"2011","E00017991","E00017991","Total",198,80,26,54,118,106,12
"2011","E00017995","E00017995","Total",258,90,30,60,168,148,20
"2011","E00017997","E00017997","Total",236,111,44,67,125,108,17
"2011","E00017999","E00017999","Total",261,121,35,86,140,121,19
"2011","E00018000","E00018000","Total",210,86,38,48,124,113,11
"2011","E00018001","E00018001","Total",257,119,48,71,138,124,14
"2011","E00174980","E00174980","Total",189,82,29,53,107,98,9
"2011","E00175036","E00175036","Total",129,37,14,23,92,71,21
"2011","E00017983","E00017983","Total",201,104,35,69,97,86,11
"2011","E00018003","E00018003","Total",169,77,25,52,92,80,12
"2011","E00018004","E00018004","Total",200,87,25,62,113,105,8
"2011","E00018007","E00018007","Total",162,80,24,56,82,74,8
"2011","E00018005","E00018005","Total",164,65,34,31,99,89,10
"2011","E00018006","E00018006","Total",233,110,39,71,123,113,10
"2011","E00018008","E00018008","Total",199,96,47,49,103,94,9
"2011","E00018009","E00018009","Total",112,32,8,24,80,72,8
"2011","E00018262","E00018262","Total",110,46,15,31,64,60,4
"2011","E00018282","E00018282","Total",149,63,13,50,86,74,12
"2011","E00018283","E00018283","Total",111,36,13,23,75,67,8
"2011","E00018284","E00018284","Total",138,51,17,34,87,81,6
"2011","E00018286","E00018286","Total",156,75,25,50,81,75,6
"2011","E00018263","E00018263","Total",218,74,22,52,144,124,20
"2011","E00018285","E00018285","Total",170,61,21,40,109,102,7
"2011","E00175041","E00175041","Total",239,85,30,55,154,137,17
"2011","E00175075","E00175075","Total",75,29,10,19,46,40,6
"2011","E00018287","E00018287","Total",193,72,24,48,121,104,17
"2011","E00018288","E00018288","Total",154,65,29,36,89,71,18
"2011","E00018291","E00018291","Total",187,77,29,48,110,96,14
"2011","E00018294","E00018294","Total",133,50,15,35,83,72,11
"2011","E00018267","E00018267","Total",129,44,14,30,85,78,7
"2011","E00018289","E00018289","Total",140,59,22,37,81,74,7
"2011","E00018293","E00018293","Total",209,74,23,51,135,118,17
"2011","E00018295","E00018295","Total",217,95,41,54,122,111,11
"2011","E00018264","E00018264","Total",166,78,34,44,88,73,15
"2011","E00018269","E00018269","Total",168,63,23,40,105,96,9
"2011","E00018290","E00018290","Total",210,84,22,62,126,114,12
"2011","E00018292","E00018292","Total",118,42,13,29,76,62,14
"2011","E00017944","E00017944","Total",194,52,17,35,142,126,16
"2011","E00017969","E00017969","Total",155,50,20,30,105,56,49
"2011","E00017971","E00017971","Total",197,57,18,39,140,116,24
"2011","E00017976","E00017976","Total",167,58,17,41,109,95,14
"2011","E00018130","E00018130","Total",164,58,20,38,106,98,8
"2011","E00018131","E00018131","Total",145,66,21,45,79,68,11
"2011","E00018133","E00018133","Total",222,70,24,46,152,132,20
"2011","E00018134","E00018134","Total",86,26,6,20,60,55,5
"2011","E00018135","E00018135","Total",172,57,19,38,115,102,13
"2011","E00018132","E00018132","Total",76,31,7,24,45,34,11
"2011","E00018136","E00018136","Total",206,72,22,50,134,116,18
"2011","E00018137","E00018137","Total",200,69,19,50,131,114,17
"2011","E00018138","E00018138","Total",204,80,31,49,124,110,14
"2011","E00018297","E00018297","Total",208,53,14,39,155,121,34
"2011","E00018298","E00018298","Total",195,38,10,28,157,136,21
"2011","E00018300","E00018300","Total",149,48,17,31,101,88,13
"2011","E00018325","E00018325","Total",243,67,22,45,176,147,29
"2011","E00018328","E00018328","Total",223,67,22,45,156,138,18
"2011","E00018036","E00018036","Total",171,75,19,56,96,84,12
"2011","E00018037","E00018037","Total",239,99,30,69,140,127,13
"2011","E00018038","E00018038","Total",180,72,32,40,108,92,16
"2011","E00018040","E00018040","Total",162,60,19,41,102,86,16
"2011","E00018041","E00018041","Total",185,70,27,43,115,101,14
"2011","E00018016","E00018016","Total",171,60,21,39,111,102,9
"2011","E00018033","E00018033","Total",192,92,42,50,100,89,11
"2011","E00018034","E00018034","Total",158,69,23,46,89,81,8
"2011","E00018039","E00018039","Total",253,111,55,56,142,128,14
"2011","E00018023","E00018023","Total",230,100,27,73,130,117,13
"2011","E00018026","E00018026","Total",184,83,24,59,101,85,16
"2011","E00018028","E00018028","Total",225,83,29,54,142,121,21
"2011","E00018029","E00018029","Total",209,81,21,60,128,112,16
"2011","E00018015","E00018015","Total",187,68,25,43,119,101,18
"2011","E00018027","E00018027","Total",105,29,9,20,76,62,14
"2011","E00018030","E00018030","Total",219,78,23,55,141,118,23
"2011","E00018031","E00018031","Total",219,86,29,57,133,118,15
"2011","E00018032","E00018032","Total",222,81,29,52,141,123,18
"2011","E00018035","E00018035","Total",118,50,14,36,68,61,7
"2011","E00017825","E00017825","Total",176,71,20,51,105,87,18
"2011","E00017826","E00017826","Total",251,108,39,69,143,124,19
"2011","E00017827","E00017827","Total",226,100,36,64,126,113,13
"2011","E00017830","E00017830","Total",167,71,30,41,96,87,9
"2011","E00017804","E00017804","Total",275,119,33,86,156,130,26
"2011","E00017805","E00017805","Total",244,130,43,87,114,100,14
"2011","E00017828","E00017828","Total",277,95,39,56,182,155,27
"2011","E00174997","E00174997","Total",221,83,21,62,138,122,16
"2011","E00174998","E00174998","Total",87,39,12,27,48,44,4
"2011","E00017798","E00017798","Total",194,74,37,37,120,105,15
"2011","E00017799","E00017799","Total",150,68,23,45,82,68,14
"2011","E00017801","E00017801","Total",177,72,25,47,105,97,8
"2011","E00017829","E00017829","Total",215,102,32,70,113,101,12
"2011","E00017806","E00017806","Total",198,60,11,49,138,127,11
"2011","E00017814","E00017814","Total",245,98,24,74,147,122,25
"2011","E00017818","E00017818","Total",182,62,20,42,120,107,13
"2011","E00174996","E00174996","Total",144,57,20,37,87,81,6
"2011","E00175047","E00175047","Total",83,31,16,15,52,48,4
"2011","E00017811","E00017811","Total",143,50,19,31,93,86,7
"2011","E00017812","E00017812","Total",119,52,16,36,67,59,8
"2011","E00017816","E00017816","Total",201,69,24,45,132,125,7
"2011","E00175004","E00175004","Total",193,88,40,48,105,96,9
"2011","E00175048","E00175048","Total",63,29,8,21,34,25,9
"2011","E00017644","E00017644","Total",156,54,20,34,102,88,14
"2011","E00017645","E00017645","Total",94,36,13,23,58,53,5
"2011","E00017650","E00017650","Total",154,53,16,37,101,94,7
"2011","E00017673","E00017673","Total",127,42,14,28,85,75,10
"2011","E00017674","E00017674","Total",100,37,15,22,63,59,4
"2011","E00017648","E00017648","Total",143,70,23,47,73,64,9
"2011","E00017665","E00017665","Total",191,81,24,57,110,95,15
"2011","E00017667","E00017667","Total",203,84,26,58,119,113,6
"2011","E00017670","E00017670","Total",82,48,9,39,34,32,2
"2011","E00017646","E00017646","Total",136,41,16,25,95,82,13
"2011","E00017647","E00017647","Total",152,56,17,39,96,90,6
"2011","E00017663","E00017663","Total",117,61,17,44,56,48,8
"2011","E00017664","E00017664","Total",122,43,13,30,79,70,9
"2011","E00017672","E00017672","Total",192,87,26,61,105,95,10
"2011","E00017802","E00017802","Total",239,95,36,59,144,126,18
"2011","E00017808","E00017808","Total",194,78,33,45,116,105,11
"2011","E00017810","E00017810","Total",188,71,26,45,117,104,13
"2011","E00175002","E00175002","Total",119,66,21,45,53,47,6
"2011","E00175005","E00175005","Total",54,29,14,15,25,25,0
"2011","E00018296","E00018296","Total",133,41,8,33,92,74,18
"2011","E00018318","E00018318","Total",176,56,25,31,120,97,23
"2011","E00018320","E00018320","Total",144,49,17,32,95,75,20
"2011","E00018322","E00018322","Total",125,35,13,22,90,80,10
"2011","E00018323","E00018323","Total",109,24,7,17,85,67,18
"2011","E00018324","E00018324","Total",220,42,11,31,178,155,23
"2011","E00018314","E00018314","Total",117,34,11,23,83,74,9
"2011","E00018315","E00018315","Total",200,52,20,32,148,134,14
"2011","E00018316","E00018316","Total",281,75,28,47,206,179,27
"2011","E00018317","E00018317","Total",261,72,31,41,189,159,30
"2011","E00018321","E00018321","Total",239,81,28,53,158,140,18
"2011","E00018302","E00018302","Total",150,50,19,31,100,83,17
"2011","E00018305","E00018305","Total",89,24,8,16,65,58,7
"2011","E00018309","E00018309","Total",152,57,15,42,95,79,16
"2011","E00018311","E00018311","Total",100,42,11,31,58,52,6
"2011","E00018312","E00018312","Total",106,44,13,31,62,54,8
"2011","E00018319","E00018319","Total",112,43,10,33,69,57,12
"2011","E00018306","E00018306","Total",179,71,16,55,108,88,20
"2011","E00018329","E00018329","Total",146,46,8,38,100,81,19
"2011","E00018330","E00018330","Total",164,42,12,30,122,101,21
"2011","E00018331","E00018331","Total",167,57,18,39,110,90,20
"2011","E00018333","E00018333","Total",101,38,8,30,63,54,9
"2011","E00018299","E00018299","Total",164,46,23,23,118,99,19
"2011","E00018301","E00018301","Total",269,81,20,61,188,158,30
"2011","E00018326","E00018326","Total",106,40,11,29,66,63,3
"2011","E00018327","E00018327","Total",123,35,12,23,88,79,9
"2011","E00018336","E00018336","Total",134,50,13,37,84,76,8
"2011","E00018121","E00018121","Total",203,71,22,49,132,119,13
"2011","E00018139","E00018139","Total",96,33,10,23,63,56,7
"2011","E00018140","E00018140","Total",112,45,14,31,67,56,11
"2011","E00018141","E00018141","Total",139,49,19,30,90,79,11
"2011","E00018143","E00018143","Total",131,23,6,17,108,96,12
"2011","E00018124","E00018124","Total",136,44,15,29,92,75,17
"2011","E00018126","E00018126","Total",228,64,22,42,164,143,21
"2011","E00018145","E00018145","Total",157,42,8,34,115,100,15
"2011","E00018148","E00018148","Total",92,36,13,23,56,50,6
"2011","E00018149","E00018149","Total",117,41,12,29,76,64,12
"2011","E00018304","E00018304","Total",232,95,25,70,137,115,22
"2011","E00018307","E00018307","Total",142,57,18,39,85,64,21
"2011","E00018308","E00018308","Total",139,39,14,25,100,91,9
"2011","E00018310","E00018310","Total",205,66,21,45,139,119,20
"2011","E00018313","E00018313","Total",177,58,15,43,119,108,11
"2011","E00018303","E00018303","Total",292,96,34,62,196,169,27
"2011","E00018332","E00018332","Total",211,82,32,50,129,111,18
"2011","E00018334","E00018334","Total",197,61,27,34,136,111,25
"2011","E00018335","E00018335","Total",210,76,28,48,134,121,13
"2011","E00017649","E00017649","Total",256,118,50,68,138,122,16
"2011","E00017666","E00017666","Total",103,48,10,38,55,51,4
"2011","E00017668","E00017668","Total",16,7,4,3,9,8,1
"2011","E00017669","E00017669","Total",203,99,36,63,104,93,11
"2011","E00017671","E00017671","Total",205,84,27,57,121,107,14
"2011","E00018123","E00018123","Total",204,112,52,60,92,81,11
"2011","E00018142","E00018142","Total",70,40,13,27,30,24,6
"2011","E00018147","E00018147","Total",95,44,12,32,51,46,5
"2011","E00018151","E00018151","Total",182,72,21,51,110,90,20
"2011","E00018153","E00018153","Total",257,101,32,69,156,134,22
"2011","E00018122","E00018122","Total",149,75,20,55,74,71,3
"2011","E00018125","E00018125","Total",196,66,25,41,130,111,19
"2011","E00018144","E00018144","Total",83,25,13,12,58,55,3
"2011","E00018146","E00018146","Total",202,66,15,51,136,120,16
"2011","E00018168","E00018168","Total",160,61,19,42,99,88,11
"2011","E00018169","E00018169","Total",167,52,15,37,115,96,19
"2011","E00018171","E00018171","Total",147,38,13,25,109,93,16
"2011","E00018173","E00018173","Total",160,52,9,43,108,96,12
"2011","E00018176","E00018176","Total",240,76,23,53,164,120,44
"2011","E00017858","E00017858","Total",147,43,14,29,104,88,16
"2011","E00017862","E00017862","Total",150,57,16,41,93,85,8
"2011","E00017872","E00017872","Total",84,23,11,12,61,56,5
"2011","E00017876","E00017876","Total",91,41,12,29,50,44,6
"2011","E00017877","E00017877","Total",65,23,7,16,42,33,9
"2011","E00017878","E00017878","Total",46,16,4,12,30,29,1
"2011","E00017863","E00017863","Total",159,70,34,36,89,79,10
"2011","E00017865","E00017865","Total",131,44,11,33,87,79,8
"2011","E00174971","E00174971","Total",151,53,19,34,98,86,12
"2011","E00174972","E00174972","Total",145,37,12,25,108,100,8
"2011","E00174973","E00174973","Total",161,62,18,44,99,85,14
"2011","E00018273","E00018273","Total",135,52,13,39,83,74,9
"2011","E00018274","E00018274","Total",208,108,44,64,100,89,11
"2011","E00018275","E00018275","Total",129,54,16,38,75,61,14
"2011","E00018276","E00018276","Total",165,77,26,51,88,77,11
"2011","E00018268","E00018268","Total",88,31,9,22,57,51,6
"2011","E00018270","E00018270","Total",69,21,6,15,48,41,7
"2011","E00018271","E00018271","Total",91,42,16,26,49,40,9
"2011","E00018272","E00018272","Total",170,71,22,49,99,87,12
"2011","E00018278","E00018278","Total",181,75,25,50,106,89,17
"2011","E00018277","E00018277","Total",183,74,19,55,109,96,13
"2011","E00018279","E00018279","Total",134,60,22,38,74,66,8
"2011","E00175007","E00175007","Total",158,75,22,53,83,80,3
"2011","E00175008","E00175008","Total",130,54,13,41,76,70,6
"2011","E00017803","E00017803","Total",234,80,20,60,154,140,14
"2011","E00017807","E00017807","Total",146,54,20,34,92,79,13
"2011","E00017817","E00017817","Total",121,41,12,29,80,71,9
"2011","E00017819","E00017819","Total",84,27,7,20,57,56,1
"2011","E00017820","E00017820","Total",210,68,29,39,142,128,14
"2011","E00017821","E00017821","Total",184,67,23,44,117,107,10
"2011","E00017822","E00017822","Total",152,36,10,26,116,98,18
"2011","E00017823","E00017823","Total",231,65,21,44,166,139,27
"2011","E00017824","E00017824","Total",191,45,16,29,146,130,16
"2011","E00017866","E00017866","Total",149,53,13,40,96,85,11
"2011","E00017875","E00017875","Total",240,87,32,55,153,140,13
"2011","E00017879","E00017879","Total",112,41,8,33,71,66,5
"2011","E00017880","E00017880","Total",211,68,24,44,143,122,21
"2011","E00017881","E00017881","Total",80,24,6,18,56,47,9
"2011","E00017883","E00017883","Total",106,43,11,32,63,54,9
"2011","E00017860","E00017860","Total",156,64,15,49,92,78,14
"2011","E00017861","E00017861","Total",152,54,17,37,98,83,15
"2011","E00017873","E00017873","Total",91,37,13,24,54,47,7
"2011","E00017874","E00017874","Total",59,25,12,13,34,31,3
"2011","E00175038","E00175038","Total",104,46,16,30,58,51,7
"2011","E00175062","E00175062","Total",120,39,12,27,81,73,8
"2011","E00018280","E00018280","Total",139,47,16,31,92,77,15
"2011","E00175009","E00175009","Total",141,61,29,32,80,66,14
"2011","E00175010","E00175010","Total",165,56,21,35,109,102,7
"2011","E00175011","E00175011","Total",175,64,15,49,111,104,7
"2011","E00017652","E00017652","Total",262,104,44,60,158,127,31
"2011","E00017678","E00017678","Total",213,76,26,50,137,123,14
"2011","E00017679","E00017679","Total",193,70,23,47,123,115,8
"2011","E00017680","E00017680","Total",131,64,22,42,67,59,8
"2011","E00017651","E00017651","Total",165,67,27,40,98,84,14
"2011","E00017654","E00017654","Total",180,76,22,54,104,90,14
"2011","E00017675","E00017675","Total",277,114,37,77,163,147,16
"2011","E00017676","E00017676","Total",196,84,32,52,112,95,17
"2011","E00017677","E00017677","Total",127,53,25,28,74,63,11
"2011","E00017655","E00017655","Total",176,77,30,47,99,84,15
"2011","E00017657","E00017657","Total",184,58,28,30,126,111,15
"2011","E00017660","E00017660","Total",204,66,15,51,138,122,16
"2011","E00175049","E00175049","Total",162,76,23,53,86,74,12
"2011","E00175050","E00175050","Total",155,53,15,38,102,94,8
"2011","E00017656","E00017656","Total",200,77,21,56,123,112,11
"2011","E00017658","E00017658","Total",166,71,24,47,95,89,6
"2011","E00017659","E00017659","Total",217,55,21,34,162,146,16
"2011","E00017661","E00017661","Total",193,62,15,47,131,118,13
"2011","E00017662","E00017662","Total",205,64,18,46,141,125,16
"2011","E00018119","E00018119","Total",140,46,12,34,94,83,11
"2011","E00018120","E00018120","Total",201,52,16,36,149,130,19
"2011","E00018152","E00018152","Total",143,46,20,26,97,75,22
"2011","E00018156","E00018156","Total",103,34,11,23,69,59,10
"2011","E00018157","E00018157","Total",149,48,14,34,101,89,12
"2011","E00018117","E00018117","Total",178,55,13,42,123,108,15
"2011","E00018118","E00018118","Total",94,42,10,32,52,39,13
"2011","E00018155","E00018155","Total",112,38,14,24,74,62,12
"2011","E00175032","E00175032","Total",35,3,2,1,32,23,9
"2011","E00175071","E00175071","Total",106,46,13,33,60,46,14
"2011","E00175076","E00175076","Total",126,44,8,36,82,73,9
"2011","E00018182","E00018182","Total",242,90,35,55,152,133,19
"2011","E00018184","E00018184","Total",224,71,29,42,153,141,12
"2011","E00018189","E00018189","Total",193,62,22,40,131,114,17
"2011","E00018193","E00018193","Total",306,89,28,61,217,186,31
"2011","E00018159","E00018159","Total",132,46,7,39,86,80,6
"2011","E00018160","E00018160","Total",169,57,18,39,112,95,17
"2011","E00018175","E00018175","Total",189,75,28,47,114,96,18
"2011","E00018177","E00018177","Total",250,73,27,46,177,153,24
"2011","E00017685","E00017685","Total",179,55,13,42,124,112,12
"2011","E00017687","E00017687","Total",100,25,6,19,75,60,15
"2011","E00017718","E00017718","Total",155,50,28,22,105,93,12
"2011","E00017720","E00017720","Total",145,47,16,31,98,78,20
"2011","E00017721","E00017721","Total",145,52,14,38,93,79,14
"2011","E00017686","E00017686","Total",92,41,14,27,51,45,6
"2011","E00017690","E00017690","Total",116,46,18,28,70,59,11
"2011","E00017693","E00017693","Total",224,55,22,33,169,142,27
"2011","E00017694","E00017694","Total",121,46,11,35,75,67,8
"2011","E00017719","E00017719","Total",200,51,19,32,149,132,17
"2011","E00017691","E00017691","Total",185,53,21,32,132,114,18
"2011","E00017697","E00017697","Total",192,53,20,33,139,126,13
"2011","E00017698","E00017698","Total",206,53,18,35,153,138,15
"2011","E00017699","E00017699","Total",125,39,10,29,86,71,15
"2011","E00017701","E00017701","Total",160,48,16,32,112,92,20
"2011","E00018127","E00018127","Total",169,57,19,38,112,99,13
"2011","E00018129","E00018129","Total",232,82,24,58,150,137,13
"2011","E00018150","E00018150","Total",97,39,16,23,58,52,6
"2011","E00018154","E00018154","Total",109,62,19,43,47,42,5
"2011","E00018163","E00018163","Total",122,33,6,27,89,80,9
"2011","E00018191","E00018191","Total",152,62,24,38,90,85,5
"2011","E00018192","E00018192","Total",261,70,21,49,191,167,24
"2011","E00018194","E00018194","Total",140,57,18,39,83,70,13
"2011","E00018195","E00018195","Total",150,50,12,38,100,88,12
"2011","E00018178","E00018178","Total",229,79,18,61,150,129,21
"2011","E00018179","E00018179","Total",175,67,20,47,108,96,12
"2011","E00018181","E00018181","Total",137,42,13,29,95,73,22
"2011","E00018188","E00018188","Total",166,49,22,27,117,103,14
"2011","E00018190","E00018190","Total",136,44,15,29,92,80,12
"2011","E00018161","E00018161","Total",178,62,18,44,116,105,11
"2011","E00018162","E00018162","Total",149,58,17,41,91,76,15
"2011","E00018170","E00018170","Total",144,48,13,35,96,90,6
"2011","E00018172","E00018172","Total",160,71,32,39,89,74,15
"2011","E00018174","E00018174","Total",199,68,21,47,131,116,15
"2011","E00018180","E00018180","Total",246,53,20,33,193,159,34
"2011","E00018183","E00018183","Total",252,70,25,45,182,167,15
"2011","E00018185","E00018185","Total",203,45,6,39,158,142,16
"2011","E00018186","E00018186","Total",137,27,8,19,110,102,8
"2011","E00018187","E00018187","Total",114,33,10,23,81,73,8
"2011","E00017867","E00017867","Total",112,39,8,31,73,66,7
"2011","E00017882","E00017882","Total",114,42,6,36,72,67,5
"2011","E00017884","E00017884","Total",155,53,18,35,102,95,7
"2011","E00017885","E00017885","Total",90,30,8,22,60,49,11
"2011","E00017887","E00017887","Total",143,48,18,30,95,84,11
"2011","E00017889","E00017889","Total",168,49,11,38,119,109,10
"2011","E00017886","E00017886","Total",119,46,15,31,73,65,8
"2011","E00174995","E00174995","Total",119,41,20,21,78,64,14
"2011","E00175006","E00175006","Total",160,37,7,30,123,101,22
"2011","E00175012","E00175012","Total",97,37,13,24,60,52,8
"2011","E00175013","E00175013","Total",50,16,5,11,34,29,5
"2011","E00175014","E00175014","Total",162,60,12,48,102,92,10
"2011","E00175055","E00175055","Total",217,84,22,62,133,122,11
"2011","E00017870","E00017870","Total",115,29,9,20,86,76,10
"2011","E00017871","E00017871","Total",173,64,21,43,109,91,18
"2011","E00017888","E00017888","Total",108,37,6,31,71,60,11
"2011","E00017890","E00017890","Total",129,48,7,41,81,74,7
"2011","E00017893","E00017893","Total",147,47,13,34,100,85,15
"2011","E00017891","E00017891","Total",136,44,12,32,92,76,16
"2011","E00017892","E00017892","Total",161,58,18,40,103,90,13
"2011","E00017894","E00017894","Total",105,39,13,26,66,56,10
"2011","E00017895","E00017895","Total",117,28,9,19,89,75,14
"2011","E00017896","E00017896","Total",102,35,12,23,67,62,5
"2011","E00017897","E00017897","Total",111,37,12,25,74,63,11
"2011","E00017688","E00017688","Total",66,21,6,15,45,38,7
"2011","E00017689","E00017689","Total",183,68,34,34,115,96,19
"2011","E00017692","E00017692","Total",159,63,27,36,96,82,14
"2011","E00017695","E00017695","Total",114,36,15,21,78,70,8
"2011","E00017696","E00017696","Total",91,29,6,23,62,56,6
"2011","E00017702","E00017702","Total",205,68,20,48,137,124,13
"2011","E00017681","E00017681","Total",174,47,12,35,127,118,9
"2011","E00017703","E00017703","Total",145,47,8,39,98,88,10
"2011","E00017705","E00017705","Total",213,64,28,36,149,134,15
"2011","E00017707","E00017707","Total",105,33,8,25,72,63,9
"2011","E00017708","E00017708","Total",229,76,25,51,153,141,12
"2011","E00017682","E00017682","Total",167,59,15,44,108,97,11
"2011","E00017683","E00017683","Total",161,58,28,30,103,79,24
"2011","E00017711","E00017711","Total",176,62,22,40,114,105,9
"2011","E00017712","E00017712","Total",106,35,7,28,71,65,6
"2011","E00017714","E00017714","Total",185,56,26,30,129,115,14
"2011","E00017684","E00017684","Total",79,31,8,23,48,42,6
"2011","E00017710","E00017710","Total",103,33,12,21,70,60,10
"2011","E00017713","E00017713","Total",139,48,16,32,91,78,13
"2011","E00017717","E00017717","Total",49,10,2,8,39,33,6
"2011","E00175051","E00175051","Total",161,34,8,26,127,112,15
"2011","E00175057","E00175057","Total",104,37,12,25,67,57,10
"2011","E00017727","E00017727","Total",265,87,35,52,178,147,31
"2011","E00017739","E00017739","Total",154,49,14,35,105,91,14
"2011","E00017740","E00017740","Total",69,27,10,17,42,38,4
"2011","E00017741","E00017741","Total",221,75,24,51,146,117,29
"2011","E00017744","E00017744","Total",201,57,21,36,144,128,16
"2011","E00017723","E00017723","Total",95,36,9,27,59,52,7
"2011","E00017728","E00017728","Total",205,70,18,52,135,116,19
"2011","E00017742","E00017742","Total",138,49,15,34,89,79,10
"2011","E00017746","E00017746","Total",178,60,18,42,118,102,16
"2011","E00017722","E00017722","Total",259,85,23,62,174,151,23
"2011","E00017743","E00017743","Total",107,28,8,20,79,75,4
"2011","E00017745","E00017745","Total",123,38,13,25,85,72,13
"2011","E00017747","E00017747","Total",203,58,22,36,145,125,20
"2011","E00017748","E00017748","Total",151,44,14,30,107,91,16
"2011","E00018158","E00018158","Total",219,67,18,49,152,138,14
"2011","E00018164","E00018164","Total",127,45,15,30,82,72,10
"2011","E00018165","E00018165","Total",184,58,23,35,126,108,18
"2011","E00018166","E00018166","Total",221,54,16,38,167,142,25
"2011","E00018167","E00018167","Total",218,64,19,45,154,136,18
"2011","E00017628","E00017628","Total",170,67,26,41,103,90,13
"2011","E00017629","E00017629","Total",129,49,12,37,80,72,8
"2011","E00017630","E00017630","Total",185,63,17,46,122,105,17
"2011","E00017631","E00017631","Total",142,45,14,31,97,88,9
"2011","E00017613","E00017613","Total",294,79,26,53,215,175,40
"2011","E00017614","E00017614","Total",149,37,6,31,112,86,26
"2011","E00017632","E00017632","Total",163,40,8,32,123,112,11
"2011","E00017634","E00017634","Total",249,72,15,57,177,148,29
"2011","E00017760","E00017760","Total",102,36,16,20,66,53,13
"2011","E00017761","E00017761","Total",107,29,7,22,78,65,13
"2011","E00017770","E00017770","Total",99,31,5,26,68,62,6
"2011","E00017772","E00017772","Total",136,35,4,31,101,83,18
"2011","E00017778","E00017778","Total",108,33,12,21,75,69,6
"2011","E00017781","E00017781","Total",153,44,7,37,109,89,20
"2011","E00017762","E00017762","Total",131,37,8,29,94,83,11
"2011","E00017763","E00017763","Total",212,46,8,38,166,138,28
"2011","E00017771","E00017771","Total",183,48,18,30,135,112,23
"2011","E00017773","E00017773","Total",138,29,9,20,109,92,17
"2011","E00017780","E00017780","Total",167,42,14,28,125,95,30
"2011","E00017776","E00017776","Total",244,79,28,51,165,144,21
"2011","E00017777","E00017777","Total",246,60,22,38,186,155,31
"2011","E00017782","E00017782","Total",131,36,9,27,95,83,12
"2011","E00017784","E00017784","Total",141,28,11,17,113,103,10
"2011","E00017607","E00017607","Total",206,66,17,49,140,113,27
"2011","E00017609","E00017609","Total",116,43,18,25,73,66,7
"2011","E00017623","E00017623","Total",231,55,16,39,176,153,23
"2011","E00017626","E00017626","Total",129,37,13,24,92,81,11
"2011","E00175039","E00175039","Total",105,26,5,21,79,72,7
"2011","E00175066","E00175066","Total",102,92,69,23,10,10,0
"2011","E00017611","E00017611","Total",239,75,14,61,164,139,25
"2011","E00017627","E00017627","Total",161,43,7,36,118,99,19
"2011","E00017633","E00017633","Total",109,29,9,20,80,72,8
"2011","E00017635","E00017635","Total",143,33,9,24,110,87,23
"2011","E00017638","E00017638","Total",96,15,3,12,81,70,11
"2011","E00174974","E00174974","Total",110,39,12,27,71,69,2
"2011","E00174975","E00174975","Total",119,24,7,17,95,77,18
"2011","E00174976","E00174976","Total",227,35,16,19,192,158,34
"2011","E00174977","E00174977","Total",149,23,10,13,126,93,33
"2011","E00017604","E00017604","Total",71,23,4,19,48,47,1
"2011","E00017612","E00017612","Total",110,38,13,25,72,61,11
"2011","E00017618","E00017618","Total",108,49,12,37,59,56,3
"2011","E00017637","E00017637","Total",122,43,14,29,79,77,2
"2011","E00017639","E00017639","Total",91,26,10,16,65,59,6
"2011","E00017641","E00017641","Total",98,38,13,25,60,54,6
"2011","E00017642","E00017642","Total",84,32,8,24,52,50,2
"2011","E00174978","E00174978","Total",151,59,19,40,92,86,6
"2011","E00175085","E00175085","Total",76,32,5,27,44,38,6
"2011","E00017700","E00017700","Total",113,31,12,19,82,67,15
"2011","E00017704","E00017704","Total",171,47,14,33,124,97,27
"2011","E00017706","E00017706","Total",187,52,14,38,135,117,18
"2011","E00017709","E00017709","Total",137,41,10,31,96,80,16
"2011","E00017715","E00017715","Total",119,35,9,26,84,69,15
"2011","E00017733","E00017733","Total",103,23,5,18,80,75,5
"2011","E00017734","E00017734","Total",99,31,8,23,68,59,9
"2011","E00017735","E00017735","Total",114,36,10,26,78,73,5
"2011","E00017736","E00017736","Total",125,47,17,30,78,68,10
"2011","E00017738","E00017738","Total",128,45,14,31,83,77,6
"2011","E00174960","E00174960","Total",281,27,17,10,254,175,79
"2011","E00174962","E00174962","Total",203,30,16,14,173,130,43
"2011","E00175018","E00175018","Total",335,37,9,28,298,221,77
"2011","E00174961","E00174961","Total",138,14,5,9,124,95,29
"2011","E00174966","E00174966","Total",332,28,11,17,304,228,76
"2011","E00175016","E00175016","Total",140,10,4,6,130,99,31
"2011","E00175017","E00175017","Total",157,11,2,9,146,107,39
"2011","E00174967","E00174967","Total",67,2,1,1,65,48,17
"2011","E00174970","E00174970","Total",179,16,4,12,163,107,56
"2011","E00175028","E00175028","Total",111,8,2,6,103,71,32
"2011","E00175043","E00175043","Total",165,45,15,30,120,106,14
"2011","E00175044","E00175044","Total",194,15,4,11,179,146,33
"2011","E00175086","E00175086","Total",49,15,3,12,34,23,11
"2011","E00017729","E00017729","Total",78,25,5,20,53,49,4
"2011","E00017732","E00017732","Total",187,50,20,30,137,130,7
"2011","E00175045","E00175045","Total",131,29,9,20,102,86,16
"2011","E00175072","E00175072","Total",105,40,25,15,65,60,5
"2011","E00175084","E00175084","Total",154,54,12,42,100,87,13
"2011","E00017725","E00017725","Total",115,43,16,27,72,67,5
"2011","E00017749","E00017749","Total",116,40,15,25,76,69,7
"2011","E00017750","E00017750","Total",100,25,9,16,75,68,7
"2011","E00017753","E00017753","Total",74,19,4,15,55,48,7
"2011","E00017758","E00017758","Total",196,60,22,38,136,117,19
"2011","E00017759","E00017759","Total",325,58,25,33,267,210,57
"2011","E00175046","E00175046","Total",158,49,24,25,109,97,12
"2011","E00017603","E00017603","Total",145,37,8,29,108,89,19
"2011","E00017617","E00017617","Total",145,41,10,31,104,84,20
"2011","E00017619","E00017619","Total",119,43,13,30,76,65,11
"2011","E00017621","E00017621","Total",159,40,9,31,119,100,19
"2011","E00017624","E00017624","Total",183,53,17,36,130,113,17
"2011","E00017608","E00017608","Total",156,40,10,30,116,91,25
"2011","E00017610","E00017610","Total",147,73,36,37,74,64,10
"2011","E00017620","E00017620","Total",172,43,13,30,129,110,19
"2011","E00017625","E00017625","Total",107,36,10,26,71,59,12
"2011","E00017605","E00017605","Total",222,62,16,46,160,129,31
"2011","E00017615","E00017615","Total",273,73,18,55,200,173,27
"2011","E00017616","E00017616","Total",72,22,4,18,50,44,6
"2011","E00017636","E00017636","Total",98,25,5,20,73,57,16
"2011","E00017640","E00017640","Total",96,21,8,13,75,66,9
"2011","E00017764","E00017764","Total",160,50,17,33,110,90,20
"2011","E00017775","E00017775","Total",164,52,16,36,112,87,25
"2011","E00017779","E00017779","Total",77,25,5,20,52,43,9
"2011","E00017793","E00017793","Total",177,54,6,48,123,109,14
"2011","E00017797","E00017797","Total",206,51,14,37,155,129,26
"2011","E00017726","E00017726","Total",153,62,19,43,91,79,12
"2011","E00017751","E00017751","Total",85,27,6,21,58,53,5
"2011","E00017754","E00017754","Total",60,18,9,9,42,37,5
"2011","E00017756","E00017756","Total",149,56,16,40,93,81,12
"2011","E00017785","E00017785","Total",211,53,17,36,158,135,23
"2011","E00017786","E00017786","Total",118,40,8,32,78,65,13
"2011","E00017787","E00017787","Total",122,35,8,27,87,77,10
"2011","E00017789","E00017789","Total",123,35,7,28,88,79,9
"2011","E00017795","E00017795","Total",178,46,12,34,132,110,22
"2011","E00017766","E00017766","Total",183,40,13,27,143,132,11
"2011","E00017783","E00017783","Total",153,41,12,29,112,97,15
"2011","E00017792","E00017792","Total",143,40,12,28,103,95,8
"2011","E00017794","E00017794","Total",156,52,9,43,104,93,11
"2011","E00017767","E00017767","Total",139,45,11,34,94,78,16
"2011","E00017768","E00017768","Total",106,29,5,24,77,68,9
"2011","E00017769","E00017769","Total",162,64,23,41,98,79,19
"2011","E00017791","E00017791","Total",187,50,17,33,137,121,16
"2011","E00017796","E00017796","Total",124,32,9,23,92,79,13
"2011","E00017765","E00017765","Total",168,49,14,35,119,113,6
"2011","E00017774","E00017774","Total",183,59,14,45,124,107,17
"2011","E00017788","E00017788","Total",180,53,12,41,127,108,19
"2011","E00017790","E00017790","Total",191,56,13,43,135,108,27
"2011","E00018201","E00018201","Total",161,47,8,39,114,98,16
"2011","E00018205","E00018205","Total",127,37,10,27,90,83,7
"2011","E00018206","E00018206","Total",123,47,13,34,76,65,11
"2011","E00174964","E00174964","Total",214,29,11,18,185,132,53
"2011","E00174965","E00174965","Total",209,23,8,15,186,144,42
"2011","E00175015","E00175015","Total",178,46,15,31,132,115,17
"2011","E00175031","E00175031","Total",153,50,13,37,103,92,11
"2011","E00175058","E00175058","Total",156,19,8,11,137,100,37
"2011","E00018210","E00018210","Total",96,38,7,31,58,52,6
"2011","E00018213","E00018213","Total",131,40,13,27,91,82,9
"2011","E00018215","E00018215","Total",86,33,9,24,53,44,9
"2011","E00018216","E00018216","Total",111,42,9,33,69,62,7
"2011","E00174963","E00174963","Total",138,36,10,26,102,81,21
"2011","E00174969","E00174969","Total",81,25,8,17,56,51,5
"2011","E00175042","E00175042","Total",42,21,6,15,21,17,4
"2011","E00018199","E00018199","Total",223,56,13,43,167,148,19
"2011","E00174968","E00174968","Total",284,32,10,22,252,179,73
"2011","E00174992","E00174992","Total",117,11,1,10,106,77,29
"2011","E00174994","E00174994","Total",259,50,17,33,209,162,47
"2011","E00018197","E00018197","Total",333,32,11,21,301,232,69
"2011","E00018198","E00018198","Total",276,36,13,23,240,189,51
"2011","E00018204","E00018204","Total",273,24,6,18,249,209,40
"2011","E00174993","E00174993","Total",244,35,11,24,209,155,54
"2011","E00018208","E00018208","Total",102,27,9,18,75,71,4
"2011","E00018209","E00018209","Total",157,30,8,22,127,104,23
"2011","E00018211","E00018211","Total",152,45,11,34,107,96,11
"2011","E00018212","E00018212","Total",155,48,12,36,107,85,22
"2011","E00018214","E00018214","Total",67,20,5,15,47,41,6
"2011","E00174999","E00174999","Total",190,43,17,26,147,113,34
"2011","E00175000","E00175000","Total",163,34,9,25,129,91,38
"2011","E00175001","E00175001","Total",189,30,7,23,159,130,29
"2011","E00175003","E00175003","Total",238,30,14,16,208,174,34
"2011","E00175029","E00175029","Total",190,26,9,17,164,129,35
"2011","E00175030","E00175030","Total",166,25,11,14,141,114,27
"2011","E00020301","E00020301","Total",162,41,16,25,121,91,30
"2011","E00020305","E00020305","Total",195,20,6,14,175,140,35
"2011","E00020308","E00020308","Total",314,34,11,23,280,206,74
"2011","E00020330","E00020330","Total",299,17,4,13,282,207,75
"2011","E00020331","E00020331","Total",258,34,10,24,224,177,47
"2011","E00020298","E00020298","Total",226,34,15,19,192,153,39
"2011","E00020299","E00020299","Total",180,20,7,13,160,119,41
"2011","E00020303","E00020303","Total",205,33,14,19,172,129,43
"2011","E00020307","E00020307","Total",356,48,13,35,308,220,88
"2011","E00020310","E00020310","Total",178,18,4,14,160,112,48
"2011","E00020419","E00020419","Total",219,34,12,22,185,146,39
"2011","E00020420","E00020420","Total",209,39,13,26,170,134,36
"2011","E00020434","E00020434","Total",196,25,8,17,171,123,48
"2011","E00020436","E00020436","Total",142,23,6,17,119,79,40
"2011","E00020438","E00020438","Total",205,18,5,13,187,109,78
"2011","E00020441","E00020441","Total",329,41,16,25,288,180,108
"2011","E00020416","E00020416","Total",233,23,13,10,210,129,81
"2011","E00020417","E00020417","Total",217,28,9,19,189,129,60
"2011","E00020435","E00020435","Total",260,28,9,19,232,171,61
"2011","E00020437","E00020437","Total",241,18,6,12,223,156,67
"2011","E00020440","E00020440","Total",246,34,10,24,212,164,48
"2011","E00020418","E00020418","Total",108,27,5,22,81,69,12
"2011","E00020421","E00020421","Total",147,32,6,26,115,91,24
"2011","E00020439","E00020439","Total",169,50,16,34,119,102,17
"2011","E00020442","E00020442","Total",132,40,10,30,92,80,12
"2011","E00019784","E00019784","Total",201,38,23,15,163,107,56
"2011","E00019794","E00019794","Total",139,27,9,18,112,84,28
"2011","E00019797","E00019797","Total",152,70,28,42,82,53,29
"2011","E00166633","E00166633","Total",226,16,7,9,210,125,85
"2011","E00166635","E00166635","Total",208,15,2,13,193,133,60
"2011","E00166637","E00166637","Total",194,22,10,12,172,127,45
"2011","E00166638","E00166638","Total",150,33,7,26,117,84,33
"2011","E00166640","E00166640","Total",97,13,6,7,84,48,36
"2011","E00019779","E00019779","Total",340,42,13,29,298,176,122
"2011","E00019783","E00019783","Total",193,24,7,17,169,114,55
"2011","E00019789","E00019789","Total",182,35,12,23,147,105,42
"2011","E00019791","E00019791","Total",290,36,11,25,254,181,73
"2011","E00167494","E00167494","Total",172,36,12,24,136,95,41
"2011","E00167496","E00167496","Total",97,19,7,12,78,54,24
"2011","E00167497","E00167497","Total",166,23,12,11,143,77,66
"2011","E00019773","E00019773","Total",78,11,4,7,67,47,20
"2011","E00019774","E00019774","Total",158,30,13,17,128,93,35
"2011","E00019777","E00019777","Total",120,25,8,17,95,68,27
"2011","E00019778","E00019778","Total",135,12,3,9,123,56,67
"2011","E00019781","E00019781","Total",205,25,6,19,180,121,59
"2011","E00019785","E00019785","Total",87,25,11,14,62,43,19
"2011","E00019780","E00019780","Total",125,24,4,20,101,72,29
"2011","E00019782","E00019782","Total",121,21,8,13,100,76,24
"2011","E00166632","E00166632","Total",196,58,39,19,138,62,76
"2011","E00167481","E00167481","Total",137,22,4,18,115,87,28
"2011","E00019839","E00019839","Total",354,48,25,23,306,248,58
"2011","E00019842","E00019842","Total",182,13,6,7,169,93,76
"2011","E00019847","E00019847","Total",160,45,11,34,115,89,26
"2011","E00019848","E00019848","Total",98,28,9,19,70,54,16
"2011","E00167992","E00167992","Total",187,13,4,9,174,103,71
"2011","E00168079","E00168079","Total",201,22,3,19,179,122,57
"2011","E00020011","E00020011","Total",198,29,12,17,169,114,55
"2011","E00020037","E00020037","Total",104,23,9,14,81,61,20
"2011","E00020043","E00020043","Total",164,39,7,32,125,91,34
"2011","E00020044","E00020044","Total",363,36,9,27,327,182,145
"2011","E00020046","E00020046","Total",145,33,11,22,112,90,22
"2011","E00020048","E00020048","Total",118,29,12,17,89,69,20
"2011","E00020255","E00020255","Total",350,34,13,21,316,154,162
"2011","E00020263","E00020263","Total",116,20,4,16,96,76,20
"2011","E00020264","E00020264","Total",214,33,12,21,181,122,59
"2011","E00020266","E00020266","Total",196,38,9,29,158,126,32
"2011","E00020275","E00020275","Total",173,32,14,18,141,108,33
"2011","E00020278","E00020278","Total",184,28,8,20,156,110,46
"2011","E00020267","E00020267","Total",178,6,2,4,172,94,78
"2011","E00166629","E00166629","Total",183,36,21,15,147,74,73
"2011","E00167477","E00167477","Total",198,5,1,4,193,104,89
"2011","E00167483","E00167483","Total",262,18,7,11,244,135,109
"2011","E00167681","E00167681","Total",130,5,2,3,125,68,57
"2011","E00020268","E00020268","Total",160,13,6,7,147,69,78
"2011","E00020269","E00020269","Total",286,29,11,18,257,143,114
"2011","E00166641","E00166641","Total",190,9,2,7,181,90,91
"2011","E00167519","E00167519","Total",161,16,5,11,145,74,71
"2011","E00167678","E00167678","Total",151,8,3,5,143,61,82
"2011","E00020260","E00020260","Total",200,12,7,5,188,103,85
"2011","E00020262","E00020262","Total",170,14,4,10,156,81,75
"2011","E00167485","E00167485","Total",192,17,6,11,175,74,101
"2011","E00167679","E00167679","Total",153,13,2,11,140,69,71
"2011","E00167688","E00167688","Total",125,8,2,6,117,61,56
"2011","E00167751","E00167751","Total",181,4,2,2,177,93,84
"2011","E00020034","E00020034","Total",158,28,4,24,130,112,18
"2011","E00020035","E00020035","Total",190,27,13,14,163,97,66
"2011","E00167490","E00167490","Total",162,29,13,16,133,88,45
"2011","E00167982","E00167982","Total",209,21,4,17,188,110,78
"2011","E00168026","E00168026","Total",199,13,3,10,186,94,92
"2011","E00168029","E00168029","Total",237,9,2,7,228,120,108
"2011","E00020010","E00020010","Total",244,16,8,8,228,118,110
"2011","E00020041","E00020041","Total",82,29,7,22,53,42,11
"2011","E00167987","E00167987","Total",242,8,4,4,234,140,94
"2011","E00168023","E00168023","Total",205,20,7,13,185,104,81
"2011","E00168027","E00168027","Total",228,15,5,10,213,106,107
"2011","E00020259","E00020259","Total",263,8,4,4,255,114,141
"2011","E00020261","E00020261","Total",201,12,6,6,189,74,115
"2011","E00020270","E00020270","Total",289,28,8,20,261,135,126
"2011","E00020271","E00020271","Total",164,8,4,4,156,72,84
"2011","E00020045","E00020045","Total",109,31,9,22,78,65,13
"2011","E00020047","E00020047","Total",143,34,8,26,109,84,25
"2011","E00020049","E00020049","Total",81,22,2,20,59,47,12
"2011","E00020050","E00020050","Total",122,38,16,22,84,68,16
"2011","E00020052","E00020052","Total",251,51,23,28,200,147,53
"2011","E00020012","E00020012","Total",111,35,19,16,76,60,16
"2011","E00020013","E00020013","Total",168,43,10,33,125,99,26
"2011","E00020017","E00020017","Total",230,43,9,34,187,141,46
"2011","E00020028","E00020028","Total",256,36,10,26,220,139,81
"2011","E00020051","E00020051","Total",285,44,24,20,241,150,91
"2011","E00020250","E00020250","Total",211,39,12,27,172,153,19
"2011","E00020280","E00020280","Total",111,31,10,21,80,69,11
"2011","E00020284","E00020284","Total",143,26,9,17,117,96,21
"2011","E00020286","E00020286","Total",151,30,12,18,121,84,37
"2011","E00020290","E00020290","Total",191,33,14,19,158,117,41
"2011","E00167993","E00167993","Total",181,20,7,13,161,137,24
"2011","E00168006","E00168006","Total",143,24,7,17,119,93,26
"2011","E00168007","E00168007","Total",247,38,14,24,209,162,47
"2011","E00020257","E00020257","Total",162,31,12,19,131,89,42
"2011","E00020273","E00020273","Total",124,33,6,27,91,74,17
"2011","E00020276","E00020276","Total",127,32,9,23,95,73,22
"2011","E00020277","E00020277","Total",151,39,15,24,112,88,24
"2011","E00020287","E00020287","Total",69,10,1,9,59,49,10
"2011","E00020289","E00020289","Total",97,25,11,14,72,57,15
"2011","E00020274","E00020274","Total",219,53,26,27,166,128,38
"2011","E00020281","E00020281","Total",153,30,10,20,123,89,34
"2011","E00020282","E00020282","Total",125,28,8,20,97,81,16
"2011","E00020283","E00020283","Total",137,35,12,23,102,88,14
"2011","E00167484","E00167484","Total",201,34,11,23,167,126,41
"2011","E00019811","E00019811","Total",149,31,9,22,118,91,27
"2011","E00019841","E00019841","Total",145,36,11,25,109,77,32
"2011","E00019844","E00019844","Total",101,34,14,20,67,56,11
"2011","E00019845","E00019845","Total",125,28,10,18,97,72,25
"2011","E00167766","E00167766","Total",221,31,9,22,190,129,61
"2011","E00167989","E00167989","Total",211,42,14,28,169,138,31
"2011","E00019815","E00019815","Total",176,49,21,28,127,110,17
"2011","E00019816","E00019816","Total",112,24,8,16,88,67,21
"2011","E00019817","E00019817","Total",99,22,6,16,77,60,17
"2011","E00019820","E00019820","Total",132,42,12,30,90,78,12
"2011","E00019826","E00019826","Total",137,31,15,16,106,89,17
"2011","E00019808","E00019808","Total",267,50,19,31,217,149,68
"2011","E00019818","E00019818","Total",258,33,17,16,225,135,90
"2011","E00019822","E00019822","Total",239,47,18,29,192,136,56
"2011","E00167755","E00167755","Total",105,28,11,17,77,63,14
"2011","E00167995","E00167995","Total",339,36,13,23,303,161,142
"2011","E00019814","E00019814","Total",113,27,10,17,86,72,14
"2011","E00019825","E00019825","Total",148,64,41,23,84,69,15
"2011","E00019828","E00019828","Total",98,35,12,23,63,60,3
"2011","E00019830","E00019830","Total",167,50,23,27,117,91,26
"2011","E00019833","E00019833","Total",130,42,12,30,88,70,18
"2011","E00020014","E00020014","Total",210,24,14,10,186,124,62
"2011","E00020015","E00020015","Total",124,36,12,24,88,69,19
"2011","E00020018","E00020018","Total",185,46,23,23,139,93,46
"2011","E00020021","E00020021","Total",152,29,11,18,123,103,20
"2011","E00020024","E00020024","Total",89,34,9,25,55,49,6
"2011","E00020027","E00020027","Total",184,18,5,13,166,114,52
"2011","E00020008","E00020008","Total",254,57,34,23,197,129,68
"2011","E00020009","E00020009","Total",190,22,8,14,168,112,56
"2011","E00020036","E00020036","Total",153,39,17,22,114,93,21
"2011","E00020039","E00020039","Total",132,31,9,22,101,83,18
"2011","E00020040","E00020040","Total",159,42,20,22,117,91,26
"2011","E00020292","E00020292","Total",255,47,16,31,208,157,51
"2011","E00020293","E00020293","Total",225,37,16,21,188,130,58
"2011","E00020300","E00020300","Total",115,36,17,19,79,65,14
"2011","E00020304","E00020304","Total",161,39,9,30,122,99,23
"2011","E00020332","E00020332","Total",119,36,19,17,83,74,9
"2011","E00020295","E00020295","Total",141,26,10,16,115,79,36
"2011","E00020296","E00020296","Total",109,30,6,24,79,67,12
"2011","E00020314","E00020314","Total",154,29,14,15,125,98,27
"2011","E00020318","E00020318","Total",250,47,14,33,203,166,37
"2011","E00167486","E00167486","Total",108,22,9,13,86,60,26
"2011","E00167487","E00167487","Total",162,18,8,10,144,102,42
"2011","E00167758","E00167758","Total",130,33,13,20,97,83,14
"2011","E00020302","E00020302","Total",127,28,7,21,99,76,23
"2011","E00020306","E00020306","Total",229,43,15,28,186,141,45
"2011","E00020312","E00020312","Total",94,29,8,21,65,52,13
"2011","E00020313","E00020313","Total",125,34,9,25,91,71,20
"2011","E00020315","E00020315","Total",154,38,10,28,116,104,12
"2011","E00020294","E00020294","Total",127,44,15,29,83,70,13
"2011","E00020309","E00020309","Total",167,31,7,24,136,104,32
"2011","E00020311","E00020311","Total",149,38,12,26,111,91,20
"2011","E00020317","E00020317","Total",145,33,9,24,112,94,18
"2011","E00020319","E00020319","Total",105,31,8,23,74,62,12
"2011","E00020321","E00020321","Total",112,38,16,22,74,64,10
"2011","E00020323","E00020323","Total",271,59,21,38,212,172,40
"2011","E00020325","E00020325","Total",139,38,12,26,101,86,15
"2011","E00020327","E00020327","Total",98,31,7,24,67,63,4
"2011","E00020328","E00020328","Total",85,29,5,24,56,50,6
"2011","E00020329","E00020329","Total",127,46,13,33,81,66,15
"2011","E00020443","E00020443","Total",349,29,8,21,320,232,88
"2011","E00020444","E00020444","Total",317,33,13,20,284,209,75
"2011","E00020445","E00020445","Total",174,53,16,37,121,83,38
"2011","E00020447","E00020447","Total",142,31,13,18,111,96,15
"2011","E00020448","E00020448","Total",80,28,10,18,52,44,8
"2011","E00020449","E00020449","Total",205,22,12,10,183,146,37
"2011","E00020422","E00020422","Total",181,21,6,15,160,118,42
"2011","E00020423","E00020423","Total",162,34,9,25,128,102,26
"2011","E00020450","E00020450","Total",221,36,9,27,185,151,34
"2011","E00020451","E00020451","Total",216,32,11,21,184,138,46
"2011","E00020455","E00020455","Total",122,43,12,31,79,70,9
"2011","E00020415","E00020415","Total",260,35,15,20,225,175,50
"2011","E00020426","E00020426","Total",191,21,7,14,170,120,50
"2011","E00020427","E00020427","Total",284,47,16,31,237,171,66
"2011","E00020428","E00020428","Total",200,11,3,8,189,136,53
"2011","E00020452","E00020452","Total",150,23,6,17,127,100,27
"2011","E00020453","E00020453","Total",238,27,9,18,211,140,71
"2011","E00020424","E00020424","Total",195,17,8,9,178,124,54
"2011","E00020425","E00020425","Total",281,28,5,23,253,190,63
"2011","E00020429","E00020429","Total",196,16,5,11,180,125,55
"2011","E00020446","E00020446","Total",274,39,14,25,235,178,57
"2011","E00020454","E00020454","Total",168,20,7,13,148,103,45
"2011","E00020430","E00020430","Total",145,45,13,32,100,80,20
"2011","E00020431","E00020431","Total",144,31,10,21,113,93,20
"2011","E00020432","E00020432","Total",178,48,13,35,130,107,23
"2011","E00020433","E00020433","Total",64,25,6,19,39,37,2
"2011","E00167488","E00167488","Total",204,27,9,18,177,137,40
"2011","E00167489","E00167489","Total",253,24,9,15,229,170,59
"2011","E00019812","E00019812","Total",165,13,3,10,152,94,58
"2011","E00019823","E00019823","Total",183,27,12,15,156,102,54
"2011","E00019843","E00019843","Total",294,37,19,18,257,150,107
"2011","E00166630","E00166630","Total",198,107,84,23,91,46,45
"2011","E00168080","E00168080","Total",160,15,9,6,145,95,50
"2011","E00019810","E00019810","Total",278,26,12,14,252,183,69
"2011","E00019813","E00019813","Total",169,49,11,38,120,100,20
"2011","E00019819","E00019819","Total",161,35,15,20,126,98,28
"2011","E00167499","E00167499","Total",236,31,10,21,205,141,64
"2011","E00167500","E00167500","Total",189,18,5,13,171,117,54
"2011","E00019824","E00019824","Total",103,30,8,22,73,64,9
"2011","E00019827","E00019827","Total",117,36,17,19,81,63,18
"2011","E00019829","E00019829","Total",115,36,14,22,79,70,9
"2011","E00019831","E00019831","Total",182,55,20,35,127,98,29
"2011","E00019838","E00019838","Total",101,28,9,19,73,65,8
"2011","E00019834","E00019834","Total",141,52,13,39,89,66,23
"2011","E00019836","E00019836","Total",172,66,22,44,106,86,20
"2011","E00167979","E00167979","Total",218,97,40,57,121,94,27
"2011","E00167999","E00167999","Total",113,23,7,16,90,70,20
"2011","E00168082","E00168082","Total",210,29,16,13,181,146,35
"2011","E00020016","E00020016","Total",158,60,18,42,98,85,13
"2011","E00020019","E00020019","Total",109,25,5,20,84,69,15
"2011","E00020020","E00020020","Total",164,28,5,23,136,108,28
"2011","E00020022","E00020022","Total",87,25,9,16,62,51,11
"2011","E00020025","E00020025","Total",131,31,10,21,100,70,30
"2011","E00020026","E00020026","Total",136,27,9,18,109,94,15
"2011","E00020335","E00020335","Total",184,43,14,29,141,129,12
"2011","E00020339","E00020339","Total",154,50,20,30,104,85,19
"2011","E00020342","E00020342","Total",172,34,6,28,138,105,33
"2011","E00020345","E00020345","Total",196,28,11,17,168,124,44
"2011","E00020348","E00020348","Total",159,24,6,18,135,114,21
"2011","E00020374","E00020374","Total",148,43,9,34,105,87,18
"2011","E00020338","E00020338","Total",197,34,10,24,163,133,30
"2011","E00020344","E00020344","Total",166,62,16,46,104,93,11
"2011","E00020355","E00020355","Total",171,32,14,18,139,112,27
"2011","E00020356","E00020356","Total",261,56,13,43,205,165,40
"2011","E00167502","E00167502","Total",147,42,12,30,105,92,13
"2011","E00167516","E00167516","Total",122,22,7,15,100,81,19
"2011","E00167517","E00167517","Total",113,35,10,25,78,67,11
"2011","E00020333","E00020333","Total",127,38,8,30,89,73,16
"2011","E00020340","E00020340","Total",126,34,11,23,92,81,11
"2011","E00020361","E00020361","Total",135,42,15,27,93,81,12
"2011","E00020365","E00020365","Total",207,47,12,35,160,135,25
"2011","E00020370","E00020370","Total",126,34,9,25,92,75,17
"2011","E00020334","E00020334","Total",133,35,11,24,98,73,25
"2011","E00020363","E00020363","Total",108,18,6,12,90,69,21
"2011","E00020364","E00020364","Total",158,44,17,27,114,88,26
"2011","E00020366","E00020366","Total",154,21,3,18,133,100,33
"2011","E00020367","E00020367","Total",143,37,10,27,106,96,10
"2011","E00020059","E00020059","Total",140,41,9,32,99,77,22
"2011","E00020087","E00020087","Total",99,29,10,19,70,60,10
"2011","E00020088","E00020088","Total",108,40,15,25,68,62,6
"2011","E00020089","E00020089","Total",111,21,8,13,90,73,17
"2011","E00020090","E00020090","Total",27,7,2,5,20,16,4
"2011","E00020057","E00020057","Total",119,32,10,22,87,75,12
"2011","E00020091","E00020091","Total",87,33,8,25,54,50,4
"2011","E00020092","E00020092","Total",120,33,8,25,87,74,13
"2011","E00020093","E00020093","Total",79,26,8,18,53,47,6
"2011","E00167984","E00167984","Total",146,27,12,15,119,101,18
"2011","E00168003","E00168003","Total",80,14,4,10,66,58,8
"2011","E00168004","E00168004","Total",108,39,14,25,69,59,10
"2011","E00020249","E00020249","Total",159,35,11,24,124,104,20
"2011","E00020251","E00020251","Total",184,41,13,28,143,128,15
"2011","E00020252","E00020252","Total",178,46,12,34,132,112,20
"2011","E00020253","E00020253","Total",127,36,6,30,91,78,13
"2011","E00020254","E00020254","Total",105,27,11,16,78,63,15
"2011","E00020291","E00020291","Total",82,19,4,15,63,48,15
"2011","E00020297","E00020297","Total",115,23,6,17,92,70,22
"2011","E00020320","E00020320","Total",172,40,9,31,132,102,30
"2011","E00020322","E00020322","Total",134,43,9,34,91,81,10
"2011","E00020324","E00020324","Total",144,46,8,38,98,76,22
"2011","E00020326","E00020326","Total",129,44,9,35,85,72,13
"2011","E00019923","E00019923","Total",288,62,15,47,226,175,51
"2011","E00019924","E00019924","Total",97,37,9,28,60,51,9
"2011","E00019937","E00019937","Total",165,38,20,18,127,95,32
"2011","E00019942","E00019942","Total",108,38,24,14,70,51,19
"2011","E00019943","E00019943","Total",170,34,13,21,136,109,27
"2011","E00019945","E00019945","Total",123,25,9,16,98,78,20
"2011","E00019947","E00019947","Total",124,51,14,37,73,65,8
"2011","E00019949","E00019949","Total",119,28,13,15,91,76,15
"2011","E00019950","E00019950","Total",143,52,11,41,91,79,12
"2011","E00019953","E00019953","Total",133,51,15,36,82,70,12
"2011","E00019955","E00019955","Total",92,29,10,19,63,52,11
"2011","E00019957","E00019957","Total",229,71,28,43,158,128,30
"2011","E00020102","E00020102","Total",106,30,10,20,76,59,17
"2011","E00020106","E00020106","Total",191,52,11,41,139,114,25
"2011","E00020110","E00020110","Total",152,36,8,28,116,95,21
"2011","E00020113","E00020113","Total",143,47,24,23,96,73,23
"2011","E00020115","E00020115","Total",154,53,25,28,101,84,17
"2011","E00019938","E00019938","Total",68,10,4,6,58,45,13
"2011","E00019944","E00019944","Total",69,20,7,13,49,41,8
"2011","E00019948","E00019948","Total",160,31,13,18,129,103,26
"2011","E00019960","E00019960","Total",155,39,16,23,116,85,31
"2011","E00019964","E00019964","Total",209,72,25,47,137,115,22
"2011","E00167981","E00167981","Total",141,32,7,25,109,88,21
"2011","E00167985","E00167985","Total",298,59,18,41,239,206,33
"2011","E00020023","E00020023","Total",116,37,15,22,79,70,9
"2011","E00020029","E00020029","Total",96,25,6,19,71,59,12
"2011","E00020030","E00020030","Total",108,36,13,23,72,58,14
"2011","E00020031","E00020031","Total",146,45,16,29,101,81,20
"2011","E00020032","E00020032","Total",146,44,10,34,102,80,22
"2011","E00020033","E00020033","Total",287,89,47,42,198,165,33
"2011","E00020336","E00020336","Total",179,37,13,24,142,117,25
"2011","E00020337","E00020337","Total",154,30,6,24,124,94,30
"2011","E00020347","E00020347","Total",196,39,21,18,157,135,22
"2011","E00020351","E00020351","Total",101,41,14,27,60,49,11
"2011","E00020369","E00020369","Total",179,45,11,34,134,106,28
"2011","E00020352","E00020352","Total",212,55,13,42,157,143,14
"2011","E00020353","E00020353","Total",164,40,11,29,124,111,13
"2011","E00020354","E00020354","Total",175,50,20,30,125,114,11
"2011","E00020357","E00020357","Total",106,33,11,22,73,63,10
"2011","E00020358","E00020358","Total",97,25,7,18,72,64,8
"2011","E00020341","E00020341","Total",116,27,6,21,89,67,22
"2011","E00020346","E00020346","Total",142,34,11,23,108,80,28
"2011","E00020349","E00020349","Total",128,40,11,29,88,76,12
"2011","E00020350","E00020350","Total",111,35,15,20,76,64,12
"2011","E00020359","E00020359","Total",132,39,11,28,93,82,11
"2011","E00020360","E00020360","Total",125,39,14,25,86,66,20
"2011","E00020362","E00020362","Total",107,37,16,21,70,56,14
"2011","E00020368","E00020368","Total",156,38,16,22,118,102,16
"2011","E00020371","E00020371","Total",112,25,5,20,87,69,18
"2011","E00020372","E00020372","Total",88,37,6,31,51,43,8
"2011","E00020373","E00020373","Total",126,35,14,21,91,79,12
"2011","E00020095","E00020095","Total",141,41,14,27,100,79,21
"2011","E00020124","E00020124","Total",88,26,7,19,62,54,8
"2011","E00020128","E00020128","Total",110,35,11,24,75,66,9
"2011","E00020129","E00020129","Total",113,36,13,23,77,65,12
"2011","E00020130","E00020130","Total",159,50,14,36,109,99,10
"2011","E00020103","E00020103","Total",73,25,8,17,48,38,10
"2011","E00020104","E00020104","Total",104,22,9,13,82,69,13
"2011","E00020105","E00020105","Total",106,29,10,19,77,64,13
"2011","E00020108","E00020108","Total",100,26,7,19,74,55,19
"2011","E00020109","E00020109","Total",146,44,16,28,102,80,22
"2011","E00020138","E00020138","Total",83,30,9,21,53,48,5
"2011","E00020139","E00020139","Total",109,23,11,12,86,70,16
"2011","E00020107","E00020107","Total",152,22,7,15,130,98,32
"2011","E00020111","E00020111","Total",142,32,6,26,110,88,22
"2011","E00020112","E00020112","Total",137,14,0,14,123,99,24
"2011","E00020114","E00020114","Total",190,47,14,33,143,108,35
"2011","E00020117","E00020117","Total",163,40,9,31,123,85,38
"2011","E00020116","E00020116","Total",96,20,9,11,76,71,5
"2011","E00020118","E00020118","Total",182,24,6,18,158,131,27
"2011","E00020121","E00020121","Total",191,45,15,30,146,102,44
"2011","E00020122","E00020122","Total",116,41,11,30,75,65,10
"2011","E00020127","E00020127","Total",198,55,17,38,143,122,21
"2011","E00020100","E00020100","Total",188,51,21,30,137,110,27
"2011","E00167478","E00167478","Total",104,26,5,21,78,57,21
"2011","E00167479","E00167479","Total",137,14,3,11,123,88,35
"2011","E00167480","E00167480","Total",242,31,7,24,211,153,58
"2011","E00167491","E00167491","Total",151,44,22,22,107,82,25
"2011","E00167492","E00167492","Total",121,23,3,20,98,77,21
"2011","E00020136","E00020136","Total",141,43,15,28,98,81,17
"2011","E00020137","E00020137","Total",114,20,5,15,94,74,20
"2011","E00167763","E00167763","Total",185,22,6,16,163,122,41
"2011","E00168001","E00168001","Total",135,45,16,29,90,74,16
"2011","E00019926","E00019926","Total",180,52,19,33,128,108,20
"2011","E00019930","E00019930","Total",130,48,11,37,82,71,11
"2011","E00019932","E00019932","Total",174,53,16,37,121,107,14
"2011","E00019933","E00019933","Total",155,52,18,34,103,79,24
"2011","E00019934","E00019934","Total",228,53,16,37,175,137,38
"2011","E00019935","E00019935","Total",89,31,11,20,58,44,14
"2011","E00019928","E00019928","Total",128,54,21,33,74,63,11
"2011","E00019931","E00019931","Total",150,38,17,21,112,94,18
"2011","E00019956","E00019956","Total",157,49,17,32,108,97,11
"2011","E00019959","E00019959","Total",188,61,25,36,127,105,22
"2011","E00019963","E00019963","Total",129,41,12,29,88,64,24
"2011","E00019965","E00019965","Total",97,32,10,22,65,52,13
"2011","E00019977","E00019977","Total",241,79,22,57,162,145,17
"2011","E00019984","E00019984","Total",123,49,14,35,74,66,8
"2011","E00019988","E00019988","Total",108,29,11,18,79,67,12
"2011","E00019990","E00019990","Total",90,27,8,19,63,57,6
"2011","E00019966","E00019966","Total",112,45,8,37,67,61,6
"2011","E00019969","E00019969","Total",131,44,15,29,87,77,10
"2011","E00019970","E00019970","Total",136,49,13,36,87,68,19
"2011","E00020001","E00020001","Total",137,62,20,42,75,70,5
"2011","E00020002","E00020002","Total",106,32,8,24,74,67,7
"2011","E00019971","E00019971","Total",78,11,4,7,67,64,3
"2011","E00019973","E00019973","Total",120,53,14,39,67,61,6
"2011","E00019976","E00019976","Total",74,20,6,14,54,46,8
"2011","E00019982","E00019982","Total",131,57,9,48,74,65,9
"2011","E00020007","E00020007","Total",107,46,10,36,61,54,7
"2011","E00019927","E00019927","Total",145,55,16,39,90,81,9
"2011","E00019929","E00019929","Total",107,36,8,28,71,59,12
"2011","E00019958","E00019958","Total",151,48,11,37,103,91,12
"2011","E00019961","E00019961","Total",160,52,20,32,108,90,18
"2011","E00019962","E00019962","Total",118,37,11,26,81,67,14
"2011","E00019985","E00019985","Total",160,40,10,30,120,98,22
"2011","E00019989","E00019989","Total",68,22,10,12,46,35,11
"2011","E00019991","E00019991","Total",119,39,8,31,80,70,10
"2011","E00019993","E00019993","Total",267,90,21,69,177,145,32
"2011","E00019996","E00019996","Total",101,44,14,30,57,50,7
"2011","E00019980","E00019980","Total",114,44,10,34,70,64,6
"2011","E00019981","E00019981","Total",104,36,8,28,68,64,4
"2011","E00019986","E00019986","Total",123,45,13,32,78,68,10
"2011","E00019987","E00019987","Total",124,35,11,24,89,77,12
"2011","E00019994","E00019994","Total",137,51,16,35,86,70,16
"2011","E00019972","E00019972","Total",115,15,6,9,100,83,17
"2011","E00019975","E00019975","Total",103,23,9,14,80,65,15
"2011","E00019998","E00019998","Total",171,56,12,44,115,90,25
"2011","E00019999","E00019999","Total",91,39,10,29,52,48,4
"2011","E00020000","E00020000","Total",203,70,14,56,133,119,14
"2011","E00020006","E00020006","Total",141,36,16,20,105,85,20
"2011","E00019968","E00019968","Total",102,33,10,23,69,62,7
"2011","E00019974","E00019974","Total",167,50,12,38,117,97,20
"2011","E00019979","E00019979","Total",143,25,8,17,118,100,18
"2011","E00020003","E00020003","Total",87,34,8,26,53,42,11
"2011","E00020004","E00020004","Total",107,33,12,21,74,66,8
"2011","E00020005","E00020005","Total",186,63,14,49,123,95,28
"2011","E00019722","E00019722","Total",161,40,15,25,121,88,33
"2011","E00019752","E00019752","Total",271,48,12,36,223,178,45
"2011","E00019753","E00019753","Total",147,43,11,32,104,92,12
"2011","E00019754","E00019754","Total",272,52,14,38,220,167,53
"2011","E00019755","E00019755","Total",120,28,10,18,92,78,14
"2011","E00019967","E00019967","Total",298,77,24,53,221,191,30
"2011","E00019978","E00019978","Total",128,38,14,24,90,73,17
"2011","E00019983","E00019983","Total",144,44,24,20,100,82,18
"2011","E00019992","E00019992","Total",131,36,12,24,95,76,19
"2011","E00019995","E00019995","Total",117,28,11,17,89,75,14
"2011","E00019997","E00019997","Total",210,44,23,21,166,132,34
"2011","E00020094","E00020094","Total",103,38,16,22,65,57,8
"2011","E00020096","E00020096","Total",78,24,9,15,54,42,12
"2011","E00020099","E00020099","Total",139,37,16,21,102,80,22
"2011","E00020125","E00020125","Total",105,37,6,31,68,57,11
"2011","E00020131","E00020131","Total",112,32,10,22,80,72,8
"2011","E00020097","E00020097","Total",123,47,18,29,76,67,9
"2011","E00020098","E00020098","Total",146,40,12,28,106,87,19
"2011","E00020132","E00020132","Total",157,48,19,29,109,91,18
"2011","E00020133","E00020133","Total",142,41,9,32,101,90,11
"2011","E00020134","E00020134","Total",170,55,15,40,115,97,18
"2011","E00020119","E00020119","Total",205,48,20,28,157,125,32
"2011","E00020120","E00020120","Total",118,35,12,23,83,71,12
"2011","E00020123","E00020123","Total",139,44,15,29,95,78,17
"2011","E00020126","E00020126","Total",157,40,13,27,117,89,28
"2011","E00020065","E00020065","Total",185,74,47,27,111,96,15
"2011","E00020070","E00020070","Total",133,50,18,32,83,75,8
"2011","E00020075","E00020075","Total",170,48,17,31,122,111,11
"2011","E00020077","E00020077","Total",110,45,16,29,65,56,9
"2011","E00020081","E00020081","Total",164,66,27,39,98,85,13
"2011","E00020053","E00020053","Total",118,32,10,22,86,72,14
"2011","E00020054","E00020054","Total",174,59,16,43,115,94,21
"2011","E00020064","E00020064","Total",242,84,33,51,158,141,17
"2011","E00020072","E00020072","Total",135,41,11,30,94,80,14
"2011","E00020074","E00020074","Total",170,49,13,36,121,101,20
"2011","E00020079","E00020079","Total",113,35,12,23,78,71,7
"2011","E00020060","E00020060","Total",104,31,10,21,73,61,12
"2011","E00020061","E00020061","Total",187,68,28,40,119,104,15
"2011","E00020063","E00020063","Total",164,61,15,46,103,85,18
"2011","E00020068","E00020068","Total",161,63,25,38,98,85,13
"2011","E00020073","E00020073","Total",163,67,15,52,96,88,8
"2011","E00020062","E00020062","Total",174,55,17,38,119,91,28
"2011","E00020066","E00020066","Total",135,37,13,24,98,82,16
"2011","E00020067","E00020067","Total",142,52,12,40,90,82,8
"2011","E00020069","E00020069","Total",105,51,17,34,54,48,6
"2011","E00020071","E00020071","Total",152,30,12,18,122,106,16
"2011","E00020080","E00020080","Total",164,40,15,25,124,113,11
"2011","E00020180","E00020180","Total",146,53,11,42,93,81,12
"2011","E00020182","E00020182","Total",85,30,8,22,55,52,3
"2011","E00020184","E00020184","Total",141,51,16,35,90,83,7
"2011","E00020188","E00020188","Total",115,51,16,35,64,59,5
"2011","E00019710","E00019710","Total",145,52,15,37,93,79,14
"2011","E00019713","E00019713","Total",167,56,21,35,111,96,15
"2011","E00019714","E00019714","Total",100,28,9,19,72,64,8
"2011","E00168015","E00168015","Total",153,59,19,40,94,80,14
"2011","E00020181","E00020181","Total",135,58,13,45,77,67,10
"2011","E00020191","E00020191","Total",253,79,16,63,174,161,13
"2011","E00020196","E00020196","Total",146,41,4,37,105,89,16
"2011","E00167510","E00167510","Total",113,31,10,21,82,64,18
"2011","E00167511","E00167511","Total",122,34,9,25,88,81,7
"2011","E00167752","E00167752","Total",88,28,8,20,60,48,12
"2011","E00020204","E00020204","Total",194,54,17,37,140,122,18
"2011","E00020206","E00020206","Total",106,30,6,24,76,59,17
"2011","E00167505","E00167505","Total",148,35,9,26,113,94,19
"2011","E00167506","E00167506","Total",138,25,11,14,113,89,24
"2011","E00167508","E00167508","Total",122,28,4,24,94,77,17
"2011","E00167513","E00167513","Total",148,35,8,27,113,85,28
"2011","E00167754","E00167754","Total",136,31,10,21,105,88,17
"2011","E00168017","E00168017","Total",87,27,9,18,60,50,10
"2011","E00168018","E00168018","Total",106,32,5,27,74,65,9
"2011","E00020193","E00020193","Total",125,39,10,29,86,77,9
"2011","E00020195","E00020195","Total",110,32,8,24,78,67,11
"2011","E00020199","E00020199","Total",180,62,15,47,118,100,18
"2011","E00020202","E00020202","Total",276,85,24,61,191,158,33
"2011","E00020178","E00020178","Total",220,51,10,41,169,142,27
"2011","E00020203","E00020203","Total",166,53,17,36,113,97,16
"2011","E00020207","E00020207","Total",224,66,14,52,158,135,23
"2011","E00020208","E00020208","Total",108,38,17,21,70,63,7
"2011","E00019716","E00019716","Total",244,75,20,55,169,140,29
"2011","E00019717","E00019717","Total",232,71,22,49,161,149,12
"2011","E00019719","E00019719","Total",197,60,16,44,137,108,29
"2011","E00019720","E00019720","Total",143,37,7,30,106,87,19
"2011","E00019721","E00019721","Total",137,44,12,32,93,71,22
"2011","E00019690","E00019690","Total",201,56,23,33,145,117,28
"2011","E00019705","E00019705","Total",256,54,14,40,202,162,40
"2011","E00019706","E00019706","Total",172,73,38,35,99,80,19
"2011","E00019709","E00019709","Total",141,45,13,32,96,80,16
"2011","E00167975","E00167975","Total",272,66,21,45,206,170,36
"2011","E00168013","E00168013","Total",75,24,9,15,51,45,6
"2011","E00019691","E00019691","Total",223,61,31,30,162,132,30
"2011","E00019692","E00019692","Total",207,41,11,30,166,135,31
"2011","E00019707","E00019707","Total",150,45,10,35,105,88,17
"2011","E00019711","E00019711","Total",91,23,7,16,68,54,14
"2011","E00019712","E00019712","Total",141,39,19,20,102,83,19
"2011","E00019718","E00019718","Total",105,35,9,26,70,63,7
"2011","E00019730","E00019730","Total",108,30,8,22,78,62,16
"2011","E00019732","E00019732","Total",156,58,19,39,98,87,11
"2011","E00019733","E00019733","Total",116,43,19,24,73,59,14
"2011","E00019736","E00019736","Total",152,42,12,30,110,91,19
"2011","E00019737","E00019737","Total",118,45,15,30,73,65,8
"2011","E00019728","E00019728","Total",127,47,12,35,80,68,12
"2011","E00019758","E00019758","Total",80,21,6,15,59,55,4
"2011","E00019763","E00019763","Total",100,45,17,28,55,50,5
"2011","E00019764","E00019764","Total",116,37,13,24,79,67,12
"2011","E00019765","E00019765","Total",148,42,13,29,106,91,15
"2011","E00019724","E00019724","Total",204,55,20,35,149,116,33
"2011","E00019739","E00019739","Total",220,58,16,42,162,132,30
"2011","E00019740","E00019740","Total",300,66,21,45,234,188,46
"2011","E00019743","E00019743","Total",213,53,19,34,160,122,38
"2011","E00019725","E00019725","Total",234,49,11,38,185,153,32
"2011","E00019727","E00019727","Total",169,49,21,28,120,104,16
"2011","E00019729","E00019729","Total",110,35,14,21,75,66,9
"2011","E00019731","E00019731","Total",139,41,13,28,98,83,15
"2011","E00019734","E00019734","Total",138,47,8,39,91,76,15
"2011","E00019738","E00019738","Total",133,43,13,30,90,74,16
"2011","E00019741","E00019741","Total",206,58,21,37,148,130,18
"2011","E00019742","E00019742","Total",127,38,9,29,89,78,11
"2011","E00019745","E00019745","Total",140,37,13,24,103,85,18
"2011","E00019746","E00019746","Total",84,30,5,25,54,46,8
"2011","E00019744","E00019744","Total",225,58,26,32,167,136,31
"2011","E00019747","E00019747","Total",110,34,14,20,76,66,10
"2011","E00019748","E00019748","Total",156,38,12,26,118,94,24
"2011","E00019749","E00019749","Total",139,50,12,38,89,75,14
"2011","E00019750","E00019750","Total",158,54,16,38,104,87,17
"2011","E00019751","E00019751","Total",131,47,10,37,84,67,17
"2011","E00019726","E00019726","Total",188,59,12,47,129,112,17
"2011","E00019735","E00019735","Total",110,44,13,31,66,59,7
"2011","E00019756","E00019756","Total",282,78,32,46,204,164,40
"2011","E00019757","E00019757","Total",167,70,21,49,97,74,23
"2011","E00019760","E00019760","Total",128,49,18,31,79,69,10
"2011","E00019723","E00019723","Total",121,34,9,25,87,75,12
"2011","E00019759","E00019759","Total",205,73,18,55,132,113,19
"2011","E00019761","E00019761","Total",158,44,11,33,114,102,12
"2011","E00019762","E00019762","Total",136,36,12,24,100,87,13
"2011","E00020176","E00020176","Total",172,61,18,43,111,90,21
"2011","E00020186","E00020186","Total",140,52,12,40,88,82,6
"2011","E00020194","E00020194","Total",192,60,14,46,132,116,16
"2011","E00020197","E00020197","Total",126,38,13,25,88,74,14
"2011","E00020201","E00020201","Total",249,71,24,47,178,150,28
"2011","E00020177","E00020177","Total",116,49,18,31,67,56,11
"2011","E00020190","E00020190","Total",116,22,4,18,94,63,31
"2011","E00020192","E00020192","Total",212,64,16,48,148,122,26
"2011","E00020198","E00020198","Total",259,84,25,59,175,144,31
"2011","E00020474","E00020474","Total",96,36,13,23,60,51,9
"2011","E00020476","E00020476","Total",212,67,17,50,145,128,17
"2011","E00020477","E00020477","Total",206,51,15,36,155,134,21
"2011","E00020480","E00020480","Total",156,44,13,31,112,91,21
"2011","E00167684","E00167684","Total",129,31,7,24,98,81,17
"2011","E00167685","E00167685","Total",218,56,16,40,162,150,12
"2011","E00020056","E00020056","Total",89,28,12,16,61,56,5
"2011","E00020083","E00020083","Total",109,38,8,30,71,61,10
"2011","E00020179","E00020179","Total",135,39,16,23,96,80,16
"2011","E00020183","E00020183","Total",168,55,16,39,113,96,17
"2011","E00020185","E00020185","Total",190,63,12,51,127,103,24
"2011","E00020200","E00020200","Total",146,31,9,22,115,99,16
"2011","E00020209","E00020209","Total",162,51,18,33,111,95,16
"2011","E00168012","E00168012","Total",78,25,5,20,53,43,10
"2011","E00020055","E00020055","Total",155,47,10,37,108,91,17
"2011","E00020076","E00020076","Total",127,45,18,27,82,68,14
"2011","E00020078","E00020078","Total",226,49,14,35,177,134,43
"2011","E00020082","E00020082","Total",260,65,25,40,195,169,26
"2011","E00020084","E00020084","Total",208,74,29,45,134,111,23
"2011","E00020141","E00020141","Total",152,60,15,45,92,77,15
"2011","E00020153","E00020153","Total",143,42,14,28,101,84,17
"2011","E00020154","E00020154","Total",163,47,11,36,116,93,23
"2011","E00020155","E00020155","Total",116,42,17,25,74,65,9
"2011","E00020156","E00020156","Total",176,56,21,35,120,101,19
"2011","E00020142","E00020142","Total",229,62,20,42,167,149,18
"2011","E00020143","E00020143","Total",269,72,21,51,197,162,35
"2011","E00020157","E00020157","Total",171,59,18,41,112,94,18
"2011","E00020160","E00020160","Total",245,57,15,42,188,163,25
"2011","E00167757","E00167757","Total",124,16,5,11,108,84,24
"2011","E00167765","E00167765","Total",118,45,21,24,73,64,9
"2011","E00168010","E00168010","Total",161,46,13,33,115,96,19
"2011","E00020158","E00020158","Total",210,52,14,38,158,129,29
"2011","E00020161","E00020161","Total",125,36,19,17,89,67,22
"2011","E00020163","E00020163","Total",178,55,20,35,123,96,27
"2011","E00020167","E00020167","Total",125,31,5,26,94,77,17
"2011","E00168009","E00168009","Total",132,37,10,27,95,79,16
"2011","E00168024","E00168024","Total",132,46,22,24,86,65,21
"2011","E00020144","E00020144","Total",164,56,22,34,108,93,15
"2011","E00020145","E00020145","Total",227,69,34,35,158,138,20
"2011","E00020165","E00020165","Total",204,57,28,29,147,124,23
"2011","E00020166","E00020166","Total",122,50,15,35,72,60,12
"2011","E00020168","E00020168","Total",245,63,22,41,182,148,34
"2011","E00019687","E00019687","Total",138,25,4,21,113,87,26
"2011","E00019694","E00019694","Total",321,85,18,67,236,191,45
"2011","E00019695","E00019695","Total",152,35,12,23,117,86,31
"2011","E00019698","E00019698","Total",232,50,17,33,182,133,49
"2011","E00019703","E00019703","Total",176,45,13,32,131,104,27
"2011","E00019685","E00019685","Total",225,62,19,43,163,116,47
"2011","E00019686","E00019686","Total",180,48,14,34,132,104,28
"2011","E00019689","E00019689","Total",210,58,19,39,152,128,24
"2011","E00019700","E00019700","Total",222,44,15,29,178,132,46
"2011","E00019701","E00019701","Total",169,38,18,20,131,98,33
"2011","E00019688","E00019688","Total",117,39,14,25,78,65,13
"2011","E00019696","E00019696","Total",165,30,8,22,135,94,41
"2011","E00019697","E00019697","Total",168,41,16,25,127,97,30
"2011","E00019699","E00019699","Total",144,42,7,35,102,86,16
"2011","E00019702","E00019702","Total",203,53,14,39,150,128,22
"2011","E00019704","E00019704","Total",167,64,21,43,103,89,14
"2011","E00020379","E00020379","Total",163,39,18,21,124,93,31
"2011","E00020380","E00020380","Total",183,25,11,14,158,114,44
"2011","E00020381","E00020381","Total",219,56,16,40,163,122,41
"2011","E00020382","E00020382","Total",181,29,15,14,152,106,46
"2011","E00020385","E00020385","Total",187,35,16,19,152,102,50
"2011","E00020377","E00020377","Total",206,36,10,26,170,114,56
"2011","E00020384","E00020384","Total",183,41,16,25,142,108,34
"2011","E00020388","E00020388","Total",117,28,9,19,89,73,16
"2011","E00020390","E00020390","Total",199,30,6,24,169,146,23
"2011","E00020408","E00020408","Total",358,52,16,36,306,233,73
"2011","E00020458","E00020458","Total",237,54,14,40,183,130,53
"2011","E00020483","E00020483","Total",186,43,16,27,143,105,38
"2011","E00020485","E00020485","Total",233,58,15,43,175,139,36
"2011","E00020490","E00020490","Total",195,47,16,31,148,114,34
"2011","E00020491","E00020491","Total",188,32,6,26,156,124,32
"2011","E00020460","E00020460","Total",148,32,12,20,116,92,24
"2011","E00020469","E00020469","Total",182,32,4,28,150,120,30
"2011","E00020486","E00020486","Total",224,62,22,40,162,137,25
"2011","E00020497","E00020497","Total",86,24,7,17,62,46,16
"2011","E00167682","E00167682","Total",164,39,12,27,125,101,24
"2011","E00167990","E00167990","Total",150,34,9,25,116,99,17
"2011","E00020457","E00020457","Total",229,34,16,18,195,147,48
"2011","E00020484","E00020484","Total",207,46,17,29,161,111,50
"2011","E00020493","E00020493","Total",221,43,12,31,178,147,31
"2011","E00020494","E00020494","Total",150,24,7,17,126,103,23
"2011","E00020495","E00020495","Total",127,40,18,22,87,77,10
"2011","E00020496","E00020496","Total",157,35,7,28,122,102,20
"2011","E00020461","E00020461","Total",186,40,13,27,146,112,34
"2011","E00020462","E00020462","Total",162,31,12,19,131,104,27
"2011","E00020464","E00020464","Total",174,31,10,21,143,118,25
"2011","E00020470","E00020470","Total",178,34,11,23,144,113,31
"2011","E00020471","E00020471","Total",192,24,8,16,168,130,38
"2011","E00020473","E00020473","Total",220,73,27,46,147,131,16
"2011","E00020475","E00020475","Total",181,45,24,21,136,113,23
"2011","E00020478","E00020478","Total",207,67,26,41,140,116,24
"2011","E00020479","E00020479","Total",183,46,18,28,137,111,26
"2011","E00020481","E00020481","Total",246,67,25,42,179,124,55
"2011","E00020164","E00020164","Total",160,47,21,26,113,94,19
"2011","E00020169","E00020169","Total",118,37,15,22,81,69,12
"2011","E00020170","E00020170","Total",161,48,14,34,113,95,18
"2011","E00020171","E00020171","Total",195,48,13,35,147,125,22
"2011","E00020173","E00020173","Total",132,30,5,25,102,88,14
"2011","E00020174","E00020174","Total",170,38,9,29,132,114,18
"2011","E00020140","E00020140","Total",161,56,19,37,105,84,21
"2011","E00020146","E00020146","Total",113,39,7,32,74,64,10
"2011","E00020148","E00020148","Total",203,57,18,39,146,119,27
"2011","E00020172","E00020172","Total",128,35,3,32,93,80,13
"2011","E00020175","E00020175","Total",78,34,11,23,44,38,6
"2011","E00020210","E00020210","Total",271,63,18,45,208,186,22
"2011","E00020234","E00020234","Total",176,39,11,28,137,117,20
"2011","E00020236","E00020236","Total",144,42,10,32,102,83,19
"2011","E00020238","E00020238","Total",194,56,20,36,138,125,13
"2011","E00167976","E00167976","Total",222,55,16,39,167,143,24
"2011","E00167978","E00167978","Total",174,31,9,22,143,114,29
"2011","E00020463","E00020463","Total",177,45,17,28,132,106,26
"2011","E00020465","E00020465","Total",126,48,15,33,78,70,8
"2011","E00020466","E00020466","Total",170,51,19,32,119,99,20
"2011","E00020468","E00020468","Total",154,39,9,30,115,96,19
"2011","E00020472","E00020472","Total",155,35,7,28,120,97,23
"2011","E00020488","E00020488","Total",97,26,11,15,71,54,17
"2011","E00020459","E00020459","Total",160,51,21,30,109,93,16
"2011","E00020482","E00020482","Total",212,58,16,42,154,133,21
"2011","E00020487","E00020487","Total",182,55,22,33,127,116,11
"2011","E00020489","E00020489","Total",154,40,8,32,114,92,22
"2011","E00020492","E00020492","Total",121,37,12,25,84,77,7
"2011","E00020391","E00020391","Total",183,52,17,35,131,108,23
"2011","E00020395","E00020395","Total",138,37,23,14,101,87,14
"2011","E00020398","E00020398","Total",128,41,10,31,87,82,5
"2011","E00020400","E00020400","Total",130,40,13,27,90,72,18
"2011","E00020404","E00020404","Total",106,37,7,30,69,63,6
"2011","E00020401","E00020401","Total",122,39,7,32,83,72,11
"2011","E00020405","E00020405","Total",118,34,5,29,84,76,8
"2011","E00020410","E00020410","Total",130,43,8,35,87,71,16
"2011","E00020411","E00020411","Total",111,38,14,24,73,63,10
"2011","E00020412","E00020412","Total",157,48,19,29,109,88,21
"2011","E00020375","E00020375","Total",136,32,7,25,104,86,18
"2011","E00020376","E00020376","Total",269,32,5,27,237,200,37
"2011","E00020406","E00020406","Total",178,28,5,23,150,105,45
"2011","E00020409","E00020409","Total",143,42,12,30,101,89,12
"2011","E00020413","E00020413","Total",159,42,9,33,117,87,30
"2011","E00020394","E00020394","Total",173,35,10,25,138,121,17
"2011","E00020399","E00020399","Total",121,40,9,31,81,74,7
"2011","E00020403","E00020403","Total",184,55,20,35,129,118,11
"2011","E00167514","E00167514","Total",187,76,51,25,111,90,21
"2011","E00168020","E00168020","Total",45,17,3,14,28,25,3
"2011","E00020383","E00020383","Total",116,20,4,16,96,67,29
"2011","E00020386","E00020386","Total",180,37,12,25,143,114,29
"2011","E00020387","E00020387","Total",142,19,5,14,123,102,21
"2011","E00020389","E00020389","Total",205,31,9,22,174,132,42
"2011","E00020396","E00020396","Total",160,30,11,19,130,104,26
"2011","E00019898","E00019898","Total",198,42,11,31,156,121,35
"2011","E00019900","E00019900","Total",214,47,10,37,167,127,40
"2011","E00019901","E00019901","Total",179,23,7,16,156,119,37
"2011","E00019904","E00019904","Total",228,39,12,27,189,153,36
"2011","E00019906","E00019906","Total",158,28,12,16,130,100,30
"2011","E00167687","E00167687","Total",212,34,15,19,178,135,43
"2011","E00168021","E00168021","Total",144,8,0,8,136,110,26
"2011","E00019908","E00019908","Total",184,35,7,28,149,120,29
"2011","E00019911","E00019911","Total",155,31,8,23,124,101,23
"2011","E00019912","E00019912","Total",243,43,15,28,200,157,43
"2011","E00019914","E00019914","Total",201,32,11,21,169,145,24
"2011","E00019915","E00019915","Total",76,19,6,13,57,50,7
"2011","E00019917","E00019917","Total",215,37,9,28,178,139,39
"2011","E00020212","E00020212","Total",137,32,14,18,105,80,25
"2011","E00020217","E00020217","Total",243,33,13,20,210,148,62
"2011","E00020220","E00020220","Total",196,50,12,38,146,111,35
"2011","E00020221","E00020221","Total",153,30,13,17,123,99,24
"2011","E00020226","E00020226","Total",170,40,8,32,130,98,32
"2011","E00020216","E00020216","Total",211,31,14,17,180,135,45
"2011","E00020239","E00020239","Total",217,39,15,24,178,141,37
"2011","E00020240","E00020240","Total",201,36,5,31,165,130,35
"2011","E00020241","E00020241","Total",323,57,18,39,266,208,58
"2011","E00020243","E00020243","Total",248,51,12,39,197,144,53
"2011","E00020247","E00020247","Total",196,27,6,21,169,133,36
"2011","E00020392","E00020392","Total",183,45,16,29,138,110,28
"2011","E00020393","E00020393","Total",155,28,13,15,127,97,30
"2011","E00020397","E00020397","Total",238,36,14,22,202,150,52
"2011","E00020402","E00020402","Total",146,26,8,18,120,94,26
"2011","E00020407","E00020407","Total",207,34,16,18,173,133,40
"2011","E00020147","E00020147","Total",156,39,11,28,117,99,18
"2011","E00020149","E00020149","Total",225,46,9,37,179,146,33
"2011","E00020150","E00020150","Total",172,49,19,30,123,104,19
"2011","E00020151","E00020151","Total",122,33,9,24,89,76,13
"2011","E00020152","E00020152","Total",184,47,13,34,137,110,27
"2011","E00020211","E00020211","Total",169,34,7,27,135,109,26
"2011","E00020213","E00020213","Total",177,46,12,34,131,103,28
"2011","E00020214","E00020214","Total",142,29,9,20,113,96,17
"2011","E00020215","E00020215","Total",141,33,13,20,108,86,22
"2011","E00020218","E00020218","Total",141,39,11,28,102,82,20
"2011","E00020219","E00020219","Total",145,49,14,35,96,83,13
"2011","E00020246","E00020246","Total",257,67,21,46,190,155,35
"2011","E00020222","E00020222","Total",133,33,12,21,100,74,26
"2011","E00020224","E00020224","Total",164,47,10,37,117,90,27
"2011","E00020227","E00020227","Total",119,29,8,21,90,69,21
"2011","E00020229","E00020229","Total",281,59,17,42,222,181,41
"2011","E00020233","E00020233","Total",156,28,5,23,128,97,31
"2011","E00020235","E00020235","Total",153,41,4,37,112,85,27
"2011","E00020242","E00020242","Total",186,54,17,37,132,105,27
"2011","E00020244","E00020244","Total",129,43,18,25,86,70,16
"2011","E00020245","E00020245","Total",149,50,18,32,99,86,13
"2011","E00020248","E00020248","Total",140,33,9,24,107,91,16
"2011","E00019888","E00019888","Total",176,24,4,20,152,123,29
"2011","E00019902","E00019902","Total",240,50,16,34,190,149,41
"2011","E00019903","E00019903","Total",192,35,9,26,157,111,46
"2011","E00019905","E00019905","Total",142,30,14,16,112,69,43
"2011","E00019913","E00019913","Total",231,38,12,26,193,150,43
"2011","E00019907","E00019907","Total",181,47,15,32,134,104,30
"2011","E00019909","E00019909","Total",200,49,16,33,151,118,33
"2011","E00019910","E00019910","Total",190,40,8,32,150,118,32
"2011","E00019916","E00019916","Total",172,34,13,21,138,105,33
"2011","E00019920","E00019920","Total",188,38,7,31,150,114,36
"2011","E00019886","E00019886","Total",195,30,9,21,165,135,30
"2011","E00019889","E00019889","Total",219,48,13,35,171,136,35
"2011","E00019890","E00019890","Total",224,41,14,27,183,143,40
"2011","E00019891","E00019891","Total",201,30,11,19,171,138,33
"2011","E00019918","E00019918","Total",191,32,7,25,159,110,49
"2011","E00020504","E00020504","Total",181,26,11,15,155,105,50
"2011","E00020506","E00020506","Total",237,55,20,35,182,137,45
"2011","E00020508","E00020508","Total",142,31,9,22,111,92,19
"2011","E00020509","E00020509","Total",143,25,9,16,118,86,32
"2011","E00020511","E00020511","Total",129,33,5,28,96,72,24
"2011","E00020512","E00020512","Total",175,38,13,25,137,102,35
"2011","E00020521","E00020521","Total",180,36,18,18,144,107,37
"2011","E00020522","E00020522","Total",172,36,13,23,136,81,55
"2011","E00020526","E00020526","Total",212,44,12,32,168,112,56
"2011","E00020527","E00020527","Total",205,49,16,33,156,107,49
"2011","E00020498","E00020498","Total",152,42,22,20,110,70,40
"2011","E00020499","E00020499","Total",144,37,16,21,107,61,46
"2011","E00020501","E00020501","Total",239,54,19,35,185,128,57
"2011","E00020503","E00020503","Total",175,52,22,30,123,68,55
"2011","E00020505","E00020505","Total",215,66,19,47,149,120,29
"2011","E00020507","E00020507","Total",211,50,22,28,161,116,45
"2011","E00020516","E00020516","Total",222,44,20,24,178,124,54
"2011","E00020517","E00020517","Total",250,60,26,34,190,127,63
"2011","E00020519","E00020519","Total",163,38,13,25,125,73,52
"2011","E00020510","E00020510","Total",195,37,15,22,158,123,35
"2011","E00020513","E00020513","Total",191,36,18,18,155,114,41
"2011","E00020514","E00020514","Total",254,44,21,23,210,143,67
"2011","E00020515","E00020515","Total",215,44,16,28,171,126,45
"2011","E00020520","E00020520","Total",214,54,16,38,160,118,42
"2011","E00020518","E00020518","Total",225,49,13,36,176,118,58
"2011","E00020523","E00020523","Total",216,58,22,36,158,108,50
"2011","E00020524","E00020524","Total",300,77,32,45,223,131,92
"2011","E00020529","E00020529","Total",192,46,16,30,146,83,63
"2011","E00020500","E00020500","Total",170,42,8,34,128,86,42
"2011","E00020502","E00020502","Total",178,47,21,26,131,74,57
"2011","E00020525","E00020525","Total",167,35,17,18,132,82,50
"2011","E00020528","E00020528","Total",198,48,14,34,150,77,73
"2011","E00020530","E00020530","Total",195,41,13,28,154,101,53
"2011","E00019849","E00019849","Total",182,44,15,29,138,104,34
"2011","E00019850","E00019850","Total",204,48,12,36,156,111,45
"2011","E00019851","E00019851","Total",190,32,10,22,158,118,40
"2011","E00019866","E00019866","Total",213,44,14,30,169,123,46
"2011","E00167762","E00167762","Total",188,27,5,22,161,123,38
"2011","E00167996","E00167996","Total",153,22,10,12,131,95,36
"2011","E00019864","E00019864","Total",143,46,12,34,97,88,9
"2011","E00019865","E00019865","Total",182,46,18,28,136,110,26
"2011","E00019867","E00019867","Total",257,61,22,39,196,160,36
"2011","E00019869","E00019869","Total",154,54,20,34,100,86,14
"2011","E00019870","E00019870","Total",129,43,19,24,86,71,15
"2011","E00019887","E00019887","Total",190,48,15,33,142,106,36
"2011","E00019893","E00019893","Total",209,38,10,28,171,128,43
"2011","E00019919","E00019919","Total",204,36,13,23,168,145,23
"2011","E00019921","E00019921","Total",158,41,16,25,117,95,22
"2011","E00019922","E00019922","Total",229,42,13,29,187,150,37
"2011","E00019892","E00019892","Total",218,49,19,30,169,140,29
"2011","E00019894","E00019894","Total",207,46,17,29,161,123,38
"2011","E00019895","E00019895","Total",100,29,12,17,71,52,19
"2011","E00019896","E00019896","Total",208,51,14,37,157,115,42
"2011","E00019897","E00019897","Total",208,48,18,30,160,123,37
"2011","E00020223","E00020223","Total",190,44,17,27,146,116,30
"2011","E00020225","E00020225","Total",198,52,12,40,146,118,28
"2011","E00020228","E00020228","Total",192,37,13,24,155,122,33
"2011","E00020230","E00020230","Total",172,31,7,24,141,106,35
"2011","E00020231","E00020231","Total",177,38,11,27,139,112,27
"2011","E00020232","E00020232","Total",191,30,10,20,161,127,34
"2011","E00019852","E00019852","Total",148,49,12,37,99,85,14
"2011","E00019853","E00019853","Total",154,35,13,22,119,70,49
"2011","E00019854","E00019854","Total",170,34,15,19,136,95,41
"2011","E00019872","E00019872","Total",264,41,18,23,223,177,46
"2011","E00019878","E00019878","Total",189,48,16,32,141,105,36
"2011","E00019855","E00019855","Total",126,36,16,20,90,76,14
"2011","E00019856","E00019856","Total",131,29,11,18,102,74,28
"2011","E00019857","E00019857","Total",121,25,8,17,96,72,24
"2011","E00019876","E00019876","Total",130,30,3,27,100,74,26
"2011","E00019879","E00019879","Total",165,53,21,32,112,73,39
"2011","E00019885","E00019885","Total",135,25,8,17,110,88,22
"2011","E00019880","E00019880","Total",121,37,11,26,84,66,18
"2011","E00019881","E00019881","Total",91,23,6,17,68,60,8
"2011","E00019882","E00019882","Total",146,47,15,32,99,85,14
"2011","E00019883","E00019883","Total",102,26,15,11,76,64,12
"2011","E00019884","E00019884","Total",117,45,15,30,72,63,9
"2011","E00019858","E00019858","Total",156,45,13,32,111,91,20
"2011","E00019859","E00019859","Total",131,20,8,12,111,81,30
"2011","E00019860","E00019860","Total",166,28,6,22,138,110,28
"2011","E00019861","E00019861","Total",112,24,8,16,88,69,19
"2011","E00019862","E00019862","Total",163,38,9,29,125,102,23
"2011","E00019863","E00019863","Total",155,32,12,20,123,109,14
"2011","E00019871","E00019871","Total",143,43,14,29,100,75,25
"2011","E00019873","E00019873","Total",146,37,21,16,109,63,46
"2011","E00019874","E00019874","Total",111,26,5,21,85,62,23
"2011","E00019875","E00019875","Total",138,30,9,21,108,85,23
"2011","E00019877","E00019877","Total",159,45,18,27,114,60,54
"2011","E00019796","E00019796","Total",109,31,9,22,78,68,10
"2011","E00019803","E00019803","Total",134,27,10,17,107,86,21
"2011","E00019807","E00019807","Total",169,24,12,12,145,89,56
"2011","E00167482","E00167482","Total",148,97,68,29,51,41,10
"2011","E00167503","E00167503","Total",61,21,5,16,40,34,6
"2011","E00019767","E00019767","Total",123,40,9,31,83,71,12
"2011","E00019769","E00019769","Total",127,36,13,23,91,72,19
"2011","E00019770","E00019770","Total",111,28,12,16,83,68,15
"2011","E00019801","E00019801","Total",151,39,14,25,112,87,25
"2011","E00019806","E00019806","Total",218,62,17,45,156,123,33
"2011","E00019766","E00019766","Total",127,26,10,16,101,80,21
"2011","E00019768","E00019768","Total",161,25,9,16,136,78,58
"2011","E00019772","E00019772","Total",147,42,8,34,105,88,17
"2011","E00167760","E00167760","Total",137,20,12,8,117,95,22
"2011","E00167998","E00167998","Total",215,116,68,48,99,73,26
"2011","E00019787","E00019787","Total",126,22,4,18,104,72,32
"2011","E00019788","E00019788","Total",150,31,11,20,119,94,25
"2011","E00019790","E00019790","Total",222,94,52,42,128,100,28
"2011","E00019793","E00019793","Total",212,22,8,14,190,123,67
"2011","E00165809","E00165809","Total",145,30,7,23,115,89,26
"2011","E00019800","E00019800","Total",138,23,7,16,115,79,36
"2011","E00019802","E00019802","Total",139,40,16,24,99,80,19
"2011","E00019804","E00019804","Total",128,37,10,27,91,77,14
"2011","E00019805","E00019805","Total",156,20,6,14,136,93,43
"2011","E00165808","E00165808","Total",120,34,7,27,86,73,13
"2011","E00021260","E00021260","Total",120,33,14,19,87,67,20
"2011","E00021273","E00021273","Total",112,39,11,28,73,63,10
"2011","E00021274","E00021274","Total",158,60,17,43,98,83,15
"2011","E00021279","E00021279","Total",141,46,13,33,95,81,14
"2011","E00021280","E00021280","Total",143,41,11,30,102,87,15
"2011","E00167202","E00167202","Total",67,22,6,16,45,34,11
"2011","E00167246","E00167246","Total",77,16,6,10,61,51,10
"2011","E00167247","E00167247","Total",113,13,7,6,100,74,26
"2011","E00021266","E00021266","Total",176,42,18,24,134,100,34
"2011","E00021267","E00021267","Total",139,43,9,34,96,79,17
"2011","E00021268","E00021268","Total",126,40,14,26,86,71,15
"2011","E00021271","E00021271","Total",176,34,12,22,142,116,26
"2011","E00021275","E00021275","Total",96,25,8,17,71,58,13
"2011","E00167197","E00167197","Total",119,28,7,21,91,76,15
"2011","E00167201","E00167201","Total",104,35,7,28,69,61,8
"2011","E00021272","E00021272","Total",93,29,9,20,64,54,10
"2011","E00021277","E00021277","Total",93,27,10,17,66,55,11
"2011","E00021278","E00021278","Total",67,14,4,10,53,43,10
"2011","E00021282","E00021282","Total",202,33,10,23,169,128,41
"2011","E00167198","E00167198","Total",205,69,27,42,136,114,22
"2011","E00167199","E00167199","Total",124,16,5,11,108,86,22
"2011","E00167200","E00167200","Total",166,27,4,23,139,95,44
"2011","E00021262","E00021262","Total",111,55,14,41,56,51,5
"2011","E00021281","E00021281","Total",289,88,24,64,201,163,38
"2011","E00021286","E00021286","Total",157,29,12,17,128,91,37
"2011","E00021289","E00021289","Total",103,45,17,28,58,50,8
"2011","E00021290","E00021290","Total",115,43,8,35,72,61,11
"2011","E00021145","E00021145","Total",140,33,8,25,107,89,18
"2011","E00021170","E00021170","Total",180,72,21,51,108,90,18
"2011","E00021171","E00021171","Total",252,85,27,58,167,133,34
"2011","E00021176","E00021176","Total",163,52,15,37,111,92,19
"2011","E00167172","E00167172","Total",151,26,6,20,125,98,27
"2011","E00167242","E00167242","Total",115,36,10,26,79,64,15
"2011","E00167244","E00167244","Total",195,33,13,20,162,121,41
"2011","E00021141","E00021141","Total",88,38,11,27,50,39,11
"2011","E00021148","E00021148","Total",137,28,10,18,109,87,22
"2011","E00021150","E00021150","Total",131,37,6,31,94,81,13
"2011","E00021156","E00021156","Total",102,35,10,25,67,53,14
"2011","E00021162","E00021162","Total",183,57,14,43,126,100,26
"2011","E00021149","E00021149","Total",116,35,10,25,81,62,19
"2011","E00021151","E00021151","Total",91,41,13,28,50,44,6
"2011","E00021157","E00021157","Total",121,54,16,38,67,60,7
"2011","E00021158","E00021158","Total",91,42,10,32,49,46,3
"2011","E00021165","E00021165","Total",134,34,14,20,100,85,15
"2011","E00021143","E00021143","Total",145,38,11,27,107,92,15
"2011","E00021147","E00021147","Total",104,24,6,18,80,69,11
"2011","E00021172","E00021172","Total",138,49,15,34,89,68,21
"2011","E00021173","E00021173","Total",177,42,11,31,135,112,23
"2011","E00021175","E00021175","Total",179,49,18,31,130,107,23
"2011","E00021297","E00021297","Total",220,33,11,22,187,149,38
"2011","E00021298","E00021298","Total",274,38,8,30,236,174,62
"2011","E00021318","E00021318","Total",155,38,8,30,117,101,16
"2011","E00021320","E00021320","Total",146,45,15,30,101,75,26
"2011","E00021327","E00021327","Total",229,49,18,31,180,139,41
"2011","E00021304","E00021304","Total",175,55,21,34,120,95,25
"2011","E00021319","E00021319","Total",140,39,13,26,101,78,23
"2011","E00021321","E00021321","Total",151,34,16,18,117,90,27
"2011","E00021322","E00021322","Total",124,41,14,27,83,71,12
"2011","E00021324","E00021324","Total",209,20,5,15,189,150,39
"2011","E00021325","E00021325","Total",180,37,8,29,143,108,35
"2011","E00021300","E00021300","Total",306,51,19,32,255,176,79
"2011","E00021305","E00021305","Total",158,34,13,21,124,90,34
"2011","E00021307","E00021307","Total",309,63,26,37,246,197,49
"2011","E00021308","E00021308","Total",206,55,26,29,151,122,29
"2011","E00021294","E00021294","Total",163,67,24,43,96,81,15
"2011","E00021309","E00021309","Total",159,18,3,15,141,109,32
"2011","E00021310","E00021310","Total",108,34,13,21,74,66,8
"2011","E00021311","E00021311","Total",131,49,12,37,82,65,17
"2011","E00021315","E00021315","Total",35,12,7,5,23,21,2
"2011","E00021316","E00021316","Total",123,43,12,31,80,72,8
"2011","E00021295","E00021295","Total",212,46,14,32,166,129,37
"2011","E00021296","E00021296","Total",226,33,11,22,193,141,52
"2011","E00021312","E00021312","Total",156,38,13,25,118,98,20
"2011","E00021313","E00021313","Total",272,60,28,32,212,170,42
"2011","E00021314","E00021314","Total",225,55,13,42,170,129,41
"2011","E00021317","E00021317","Total",190,37,13,24,153,101,52
"2011","E00021263","E00021263","Total",228,49,11,38,179,147,32
"2011","E00021285","E00021285","Total",94,9,2,7,85,67,18
"2011","E00021287","E00021287","Total",251,26,8,18,225,159,66
"2011","E00021288","E00021288","Total",203,12,8,4,191,139,52
"2011","E00021291","E00021291","Total",326,30,9,21,296,205,91
"2011","E00167091","E00167091","Total",203,33,7,26,170,122,48
"2011","E00167186","E00167186","Total",190,24,10,14,166,113,53
"2011","E00167195","E00167195","Total",127,17,3,14,110,81,29
"2011","E00021299","E00021299","Total",239,60,18,42,179,139,40
"2011","E00021303","E00021303","Total",140,58,18,40,82,74,8
"2011","E00021306","E00021306","Total",162,26,11,15,136,98,38
"2011","E00021326","E00021326","Total",156,71,27,44,85,69,16
"2011","E00021301","E00021301","Total",144,58,11,47,86,72,14
"2011","E00021302","E00021302","Total",231,63,26,37,168,133,35
"2011","E00021323","E00021323","Total",128,61,24,37,67,57,10
"2011","E00021328","E00021328","Total",182,75,26,49,107,92,15
"2011","E00167088","E00167088","Total",157,20,10,10,137,89,48
"2011","E00167089","E00167089","Total",115,27,9,18,88,72,16
"2011","E00167090","E00167090","Total",121,19,6,13,102,81,21
"2011","E00167184","E00167184","Total",100,21,10,11,79,60,19
"2011","E00167185","E00167185","Total",88,31,9,22,57,50,7
"2011","E00167188","E00167188","Total",249,24,12,12,225,161,64
"2011","E00167092","E00167092","Total",174,34,9,25,140,101,39
"2011","E00167189","E00167189","Total",169,34,18,16,135,95,40
"2011","E00167190","E00167190","Total",140,22,8,14,118,84,34
"2011","E00167193","E00167193","Total",83,27,10,17,56,48,8
"2011","E00167194","E00167194","Total",149,20,10,10,129,101,28
"2011","E00167196","E00167196","Total",69,17,6,11,52,45,7
"2011","E00021261","E00021261","Total",124,23,9,14,101,81,20
"2011","E00021292","E00021292","Total",105,36,10,26,69,59,10
"2011","E00167187","E00167187","Total",166,31,19,12,135,110,25
"2011","E00167191","E00167191","Total",189,11,5,6,178,137,41
"2011","E00167192","E00167192","Total",157,25,12,13,132,102,30
"2011","E00167263","E00167263","Total",155,21,14,7,134,85,49
"2011","E00021146","E00021146","Total",253,72,47,25,181,131,50
"2011","E00021153","E00021153","Total",269,39,19,20,230,161,69
"2011","E00021154","E00021154","Total",125,56,21,35,69,56,13
"2011","E00021155","E00021155","Total",278,51,21,30,227,176,51
"2011","E00021169","E00021169","Total",262,42,9,33,220,172,48
"2011","E00021174","E00021174","Total",199,30,4,26,169,129,40
"2011","E00021177","E00021177","Total",140,51,15,36,89,72,17
"2011","E00167243","E00167243","Total",230,44,22,22,186,129,57
"2011","E00167245","E00167245","Total",173,41,15,26,132,100,32
"2011","E00021160","E00021160","Total",121,43,13,30,78,71,7
"2011","E00021161","E00021161","Total",203,49,17,32,154,121,33
"2011","E00021166","E00021166","Total",176,46,15,31,130,106,24
"2011","E00021167","E00021167","Total",154,34,12,22,120,99,21
"2011","E00021168","E00021168","Total",319,42,15,27,277,202,75
"2011","E00021152","E00021152","Total",131,49,11,38,82,77,5
"2011","E00021159","E00021159","Total",249,58,17,41,191,169,22
"2011","E00021163","E00021163","Total",110,32,5,27,78,67,11
"2011","E00021164","E00021164","Total",104,34,7,27,70,59,11
"2011","E00021699","E00021699","Total",174,51,19,32,123,102,21
"2011","E00021703","E00021703","Total",144,34,9,25,110,91,19
"2011","E00021728","E00021728","Total",97,22,12,10,75,58,17
"2011","E00021729","E00021729","Total",82,26,5,21,56,41,15
"2011","E00021730","E00021730","Total",154,47,18,29,107,90,17
"2011","E00021698","E00021698","Total",204,38,16,22,166,112,54
"2011","E00021724","E00021724","Total",178,39,10,29,139,90,49
"2011","E00021725","E00021725","Total",146,18,6,12,128,83,45
"2011","E00021732","E00021732","Total",142,37,14,23,105,68,37
"2011","E00021700","E00021700","Total",306,63,21,42,243,148,95
"2011","E00021708","E00021708","Total",149,39,18,21,110,89,21
"2011","E00021710","E00021710","Total",130,35,14,21,95,79,16
"2011","E00021712","E00021712","Total",202,39,12,27,163,123,40
"2011","E00021714","E00021714","Total",100,39,13,26,61,49,12
"2011","E00021697","E00021697","Total",149,44,10,34,105,84,21
"2011","E00021722","E00021722","Total",204,76,26,50,128,109,19
"2011","E00021723","E00021723","Total",137,29,6,23,108,84,24
"2011","E00021726","E00021726","Total",92,36,11,25,56,49,7
"2011","E00021727","E00021727","Total",84,33,8,25,51,43,8
"2011","E00021458","E00021458","Total",210,54,24,30,156,120,36
"2011","E00021459","E00021459","Total",183,25,9,16,158,128,30
"2011","E00021460","E00021460","Total",222,54,20,34,168,125,43
"2011","E00021461","E00021461","Total",127,27,8,19,100,84,16
"2011","E00021464","E00021464","Total",136,31,6,25,105,89,16
"2011","E00021468","E00021468","Total",136,32,8,24,104,90,14
"2011","E00021462","E00021462","Total",129,42,16,26,87,65,22
"2011","E00021463","E00021463","Total",159,45,10,35,114,98,16
"2011","E00021465","E00021465","Total",150,54,16,38,96,75,21
"2011","E00167206","E00167206","Total",146,66,14,52,80,67,13
"2011","E00167207","E00167207","Total",159,31,9,22,128,95,33
"2011","E00021442","E00021442","Total",139,37,14,23,102,81,21
"2011","E00021443","E00021443","Total",112,29,13,16,83,73,10
"2011","E00021469","E00021469","Total",161,65,16,49,96,86,10
"2011","E00021471","E00021471","Total",131,55,15,40,76,62,14
"2011","E00021441","E00021441","Total",185,41,5,36,144,112,32
"2011","E00021449","E00021449","Total",186,47,9,38,139,105,34
"2011","E00021450","E00021450","Total",105,23,9,14,82,60,22
"2011","E00021453","E00021453","Total",153,30,9,21,123,100,23
"2011","E00021454","E00021454","Total",143,55,20,35,88,79,9
"2011","E00021349","E00021349","Total",144,61,23,38,83,72,11
"2011","E00021351","E00021351","Total",131,69,19,50,62,51,11
"2011","E00021352","E00021352","Total",131,48,16,32,83,70,13
"2011","E00021353","E00021353","Total",95,41,15,26,54,47,7
"2011","E00021350","E00021350","Total",117,41,15,26,76,68,8
"2011","E00021354","E00021354","Total",168,61,19,42,107,93,14
"2011","E00021357","E00021357","Total",102,44,11,33,58,48,10
"2011","E00021360","E00021360","Total",141,71,30,41,70,61,9
"2011","E00021331","E00021331","Total",101,38,18,20,63,55,8
"2011","E00021355","E00021355","Total",174,19,4,15,155,128,27
"2011","E00021361","E00021361","Total",109,39,16,23,70,60,10
"2011","E00167264","E00167264","Total",137,41,18,23,96,81,15
"2011","E00021338","E00021338","Total",130,68,23,45,62,54,8
"2011","E00021340","E00021340","Total",202,38,12,26,164,129,35
"2011","E00167084","E00167084","Total",153,30,9,21,123,100,23
"2011","E00167213","E00167213","Total",107,52,18,34,55,48,7
"2011","E00167214","E00167214","Total",162,45,9,36,117,105,12
"2011","E00167215","E00167215","Total",180,35,4,31,145,125,20
"2011","E00167217","E00167217","Total",91,34,7,27,57,52,5
"2011","E00167218","E00167218","Total",158,26,6,20,132,108,24
"2011","E00021334","E00021334","Total",153,52,13,39,101,90,11
"2011","E00021335","E00021335","Total",197,72,21,51,125,105,20
"2011","E00021337","E00021337","Total",114,58,16,42,56,52,4
"2011","E00021359","E00021359","Total",131,45,10,35,86,75,11
"2011","E00021706","E00021706","Total",135,42,18,24,93,71,22
"2011","E00021707","E00021707","Total",178,62,18,44,116,103,13
"2011","E00021709","E00021709","Total",150,56,11,45,94,86,8
"2011","E00021713","E00021713","Total",109,30,7,23,79,72,7
"2011","E00021716","E00021716","Total",108,25,7,18,83,70,13
"2011","E00021702","E00021702","Total",115,29,5,24,86,73,13
"2011","E00021704","E00021704","Total",190,40,9,31,150,114,36
"2011","E00021705","E00021705","Total",205,48,10,38,157,128,29
"2011","E00021711","E00021711","Total",265,53,22,31,212,156,56
"2011","E00021731","E00021731","Total",158,46,10,36,112,91,21
"2011","E00021715","E00021715","Total",149,56,24,32,93,78,15
"2011","E00021717","E00021717","Total",114,26,7,19,88,71,17
"2011","E00021718","E00021718","Total",230,48,22,26,182,129,53
"2011","E00021719","E00021719","Total",72,19,4,15,53,42,11
"2011","E00021695","E00021695","Total",233,38,11,27,195,131,64
"2011","E00021696","E00021696","Total",252,65,24,41,187,126,61
"2011","E00021701","E00021701","Total",277,46,14,32,231,163,68
"2011","E00167093","E00167093","Total",133,15,4,11,118,73,45
"2011","E00167176","E00167176","Total",230,47,19,28,183,132,51
"2011","E00167177","E00167177","Total",208,23,4,19,185,117,68
"2011","E00167178","E00167178","Total",177,30,10,20,147,97,50
"2011","E00167179","E00167179","Total",192,36,11,25,156,112,44
"2011","E00021445","E00021445","Total",135,85,39,46,50,46,4
"2011","E00021467","E00021467","Total",119,79,31,48,40,38,2
"2011","E00021473","E00021473","Total",105,52,23,29,53,44,9
"2011","E00167251","E00167251","Total",193,164,118,46,29,23,6
"2011","E00167254","E00167254","Total",68,29,13,16,39,36,3
"2011","E00021444","E00021444","Total",132,46,17,29,86,67,19
"2011","E00021466","E00021466","Total",193,119,62,57,74,59,15
"2011","E00021470","E00021470","Total",102,34,15,19,68,60,8
"2011","E00021475","E00021475","Total",164,76,33,43,88,70,18
"2011","E00021439","E00021439","Total",59,28,13,15,31,30,1
"2011","E00021440","E00021440","Total",165,77,32,45,88,81,7
"2011","E00021446","E00021446","Total",120,57,17,40,63,50,13
"2011","E00021474","E00021474","Total",151,76,17,59,75,68,7
"2011","E00167204","E00167204","Total",201,13,7,6,188,128,60
"2011","E00167205","E00167205","Total",107,35,7,28,72,59,13
"2011","E00167208","E00167208","Total",218,19,5,14,199,150,49
"2011","E00167209","E00167209","Total",219,33,8,25,186,148,38
"2011","E00167210","E00167210","Total",106,7,0,7,99,65,34
"2011","E00021447","E00021447","Total",185,25,14,11,160,126,34
"2011","E00021448","E00021448","Total",141,49,13,36,92,80,12
"2011","E00021451","E00021451","Total",146,52,10,42,94,82,12
"2011","E00021452","E00021452","Total",111,36,12,24,75,60,15
"2011","E00021455","E00021455","Total",121,47,10,37,74,64,10
"2011","E00021185","E00021185","Total",166,51,11,40,115,87,28
"2011","E00021188","E00021188","Total",114,43,19,24,71,59,12
"2011","E00021208","E00021208","Total",100,40,8,32,60,55,5
"2011","E00021214","E00021214","Total",182,62,23,39,120,98,22
"2011","E00021187","E00021187","Total",87,36,10,26,51,42,9
"2011","E00021195","E00021195","Total",150,44,10,34,106,91,15
"2011","E00021199","E00021199","Total",78,23,10,13,55,46,9
"2011","E00021206","E00021206","Total",67,34,6,28,33,28,5
"2011","E00021209","E00021209","Total",96,36,12,24,60,53,7
"2011","E00021184","E00021184","Total",96,14,3,11,82,64,18
"2011","E00021197","E00021197","Total",245,47,14,33,198,139,59
"2011","E00021200","E00021200","Total",126,49,12,37,77,68,9
"2011","E00021203","E00021203","Total",100,36,11,25,64,59,5
"2011","E00021217","E00021217","Total",150,59,20,39,91,71,20
"2011","E00021196","E00021196","Total",111,49,14,35,62,49,13
"2011","E00021198","E00021198","Total",110,34,6,28,76,59,17
"2011","E00021201","E00021201","Total",136,37,10,27,99,82,17
"2011","E00021202","E00021202","Total",85,33,9,24,52,41,11
"2011","E00021205","E00021205","Total",110,47,16,31,63,57,6
"2011","E00021210","E00021210","Total",121,52,21,31,69,65,4
"2011","E00021211","E00021211","Total",194,60,24,36,134,110,24
"2011","E00021212","E00021212","Total",92,49,15,34,43,37,6
"2011","E00021332","E00021332","Total",142,80,22,58,62,49,13
"2011","E00021333","E00021333","Total",116,41,8,33,75,69,6
"2011","E00021336","E00021336","Total",100,41,15,26,59,44,15
"2011","E00021339","E00021339","Total",165,33,11,22,132,113,19
"2011","E00021342","E00021342","Total",107,33,7,26,74,62,12
"2011","E00021329","E00021329","Total",147,62,28,34,85,73,12
"2011","E00021344","E00021344","Total",154,71,21,50,83,78,5
"2011","E00021345","E00021345","Total",126,55,14,41,71,62,9
"2011","E00021346","E00021346","Total",106,48,19,29,58,53,5
"2011","E00021330","E00021330","Total",135,42,14,28,93,85,8
"2011","E00021347","E00021347","Total",133,62,17,45,71,59,12
"2011","E00167082","E00167082","Total",185,23,8,15,162,125,37
"2011","E00167083","E00167083","Total",144,31,14,17,113,87,26
"2011","E00167211","E00167211","Total",147,57,18,39,90,75,15
"2011","E00167212","E00167212","Total",102,44,10,34,58,52,6
"2011","E00167216","E00167216","Total",96,32,6,26,64,52,12
"2011","E00021477","E00021477","Total",241,55,26,29,186,143,43
"2011","E00021480","E00021480","Total",195,37,17,20,158,116,42
"2011","E00021499","E00021499","Total",188,40,13,27,148,97,51
"2011","E00021500","E00021500","Total",188,38,13,25,150,114,36
"2011","E00021502","E00021502","Total",100,41,11,30,59,54,5
"2011","E00021501","E00021501","Total",115,28,5,23,87,64,23
"2011","E00021503","E00021503","Total",124,64,15,49,60,53,7
"2011","E00021504","E00021504","Total",150,51,12,39,99,84,15
"2011","E00021505","E00021505","Total",90,27,8,19,63,59,4
"2011","E00021507","E00021507","Total",177,32,14,18,145,113,32
"2011","E00021180","E00021180","Total",179,64,21,43,115,95,20
"2011","E00021194","E00021194","Total",197,84,26,58,113,95,18
"2011","E00021213","E00021213","Total",140,72,20,52,68,55,13
"2011","E00167171","E00167171","Total",78,42,15,27,36,31,5
"2011","E00167173","E00167173","Total",147,67,10,57,80,69,11
"2011","E00021186","E00021186","Total",145,57,8,49,88,75,13
"2011","E00021189","E00021189","Total",144,46,21,25,98,86,12
"2011","E00021192","E00021192","Total",116,49,16,33,67,61,6
"2011","E00021216","E00021216","Total",128,57,18,39,71,59,12
"2011","E00021179","E00021179","Total",186,37,15,22,149,111,38
"2011","E00021190","E00021190","Total",257,62,14,48,195,157,38
"2011","E00021191","E00021191","Total",163,56,11,45,107,91,16
"2011","E00021193","E00021193","Total",246,26,11,15,220,152,68
"2011","E00021215","E00021215","Total",233,60,22,38,173,125,48
"2011","E00021181","E00021181","Total",133,36,14,22,97,74,23
"2011","E00021182","E00021182","Total",239,41,13,28,198,150,48
"2011","E00021183","E00021183","Total",179,30,8,22,149,111,38
"2011","E00021204","E00021204","Total",163,58,23,35,105,86,19
"2011","E00021207","E00021207","Total",189,22,5,17,167,125,42
"2011","E00021478","E00021478","Total",158,35,11,24,123,97,26
"2011","E00021481","E00021481","Total",136,53,18,35,83,71,12
"2011","E00021506","E00021506","Total",140,45,13,32,95,79,16
"2011","E00021508","E00021508","Total",168,58,16,42,110,84,26
"2011","E00021509","E00021509","Total",197,86,24,62,111,101,10
"2011","E00021476","E00021476","Total",151,61,15,46,90,79,11
"2011","E00021479","E00021479","Total",230,76,40,36,154,109,45
"2011","E00021482","E00021482","Total",231,64,29,35,167,142,25
"2011","E00021483","E00021483","Total",333,69,17,52,264,193,71
"2011","E00021484","E00021484","Total",204,49,22,27,155,121,34
"2011","E00021485","E00021485","Total",133,57,20,37,76,70,6
"2011","E00021486","E00021486","Total",143,53,14,39,90,76,14
"2011","E00021487","E00021487","Total",73,31,8,23,42,33,9
"2011","E00021489","E00021489","Total",111,38,10,28,73,66,7
"2011","E00021490","E00021490","Total",82,37,9,28,45,38,7
"2011","E00021488","E00021488","Total",173,64,22,42,109,87,22
"2011","E00021491","E00021491","Total",92,55,22,33,37,32,5
"2011","E00021492","E00021492","Total",120,57,13,44,63,60,3
"2011","E00021493","E00021493","Total",137,58,19,39,79,75,4
"2011","E00021497","E00021497","Total",135,63,17,46,72,63,9
"2011","E00021494","E00021494","Total",206,82,36,46,124,103,21
"2011","E00021495","E00021495","Total",213,78,21,57,135,115,20
"2011","E00021496","E00021496","Total",75,36,12,24,39,36,3
"2011","E00021498","E00021498","Total",117,61,20,41,56,47,9
"2011","E00021672","E00021672","Total",190,42,13,29,148,104,44
"2011","E00021680","E00021680","Total",283,55,27,28,228,129,99
"2011","E00021687","E00021687","Total",296,34,12,22,262,165,97
"2011","E00021694","E00021694","Total",198,63,16,47,135,109,26
"2011","E00021676","E00021676","Total",231,24,11,13,207,119,88
"2011","E00021681","E00021681","Total",191,16,5,11,175,98,77
"2011","E00021686","E00021686","Total",244,55,32,23,189,110,79
"2011","E00021689","E00021689","Total",241,38,14,24,203,110,93
"2011","E00021692","E00021692","Total",202,21,6,15,181,92,89
"2011","E00021693","E00021693","Total",258,57,12,45,201,132,69
"2011","E00021677","E00021677","Total",147,56,19,37,91,76,15
"2011","E00021678","E00021678","Total",233,50,21,29,183,147,36
"2011","E00021679","E00021679","Total",87,14,5,9,73,55,18
"2011","E00021682","E00021682","Total",211,82,29,53,129,112,17
"2011","E00021675","E00021675","Total",161,82,23,59,79,70,9
"2011","E00021683","E00021683","Total",192,86,32,54,106,79,27
"2011","E00021685","E00021685","Total",286,70,27,43,216,149,67
"2011","E00167078","E00167078","Total",226,81,47,34,145,98,47
"2011","E00167095","E00167095","Total",133,37,13,24,96,75,21
"2011","E00167169","E00167169","Total",139,40,18,22,99,76,23
"2011","E00021673","E00021673","Total",128,46,17,29,82,57,25
"2011","E00021674","E00021674","Total",217,58,22,36,159,123,36
"2011","E00021688","E00021688","Total",183,57,22,35,126,98,28
"2011","E00021690","E00021690","Total",275,61,25,36,214,157,57
"2011","E00021691","E00021691","Total",146,50,13,37,96,68,28
"2011","E00021562","E00021562","Total",185,47,17,30,138,112,26
"2011","E00021572","E00021572","Total",172,73,28,45,99,83,16
"2011","E00021574","E00021574","Total",118,45,15,30,73,64,9
"2011","E00021577","E00021577","Total",108,42,22,20,66,53,13
"2011","E00167241","E00167241","Total",111,59,14,45,52,44,8
"2011","E00167260","E00167260","Total",156,60,18,42,96,88,8
"2011","E00021586","E00021586","Total",163,80,24,56,83,74,9
"2011","E00021588","E00021588","Total",106,51,15,36,55,46,9
"2011","E00021590","E00021590","Total",115,49,19,30,66,56,10
"2011","E00021593","E00021593","Total",73,23,5,18,50,43,7
"2011","E00167252","E00167252","Total",167,42,14,28,125,105,20
"2011","E00167261","E00167261","Total",205,55,20,35,150,108,42
"2011","E00021564","E00021564","Total",118,40,14,26,78,69,9
"2011","E00021566","E00021566","Total",192,58,26,32,134,105,29
"2011","E00021583","E00021583","Total",137,61,22,39,76,64,12
"2011","E00021592","E00021592","Total",131,39,9,30,92,69,23
"2011","E00021594","E00021594","Total",140,49,15,34,91,76,15
"2011","E00021561","E00021561","Total",165,46,24,22,119,100,19
"2011","E00021567","E00021567","Total",193,57,26,31,136,97,39
"2011","E00021569","E00021569","Total",173,50,20,30,123,89,34
"2011","E00167265","E00167265","Total",131,50,22,28,81,65,16
"2011","E00021753","E00021753","Total",96,44,21,23,52,44,8
"2011","E00021754","E00021754","Total",68,23,10,13,45,36,9
"2011","E00021756","E00021756","Total",119,22,8,14,97,75,22
"2011","E00021757","E00021757","Total",83,32,9,23,51,43,8
"2011","E00021761","E00021761","Total",136,20,12,8,116,92,24
"2011","E00021737","E00021737","Total",129,34,6,28,95,68,27
"2011","E00021758","E00021758","Total",157,48,18,30,109,93,16
"2011","E00021763","E00021763","Total",156,60,21,39,96,78,18
"2011","E00021764","E00021764","Total",243,69,32,37,174,142,32
"2011","E00021736","E00021736","Total",158,64,17,47,94,78,16
"2011","E00021755","E00021755","Total",193,60,25,35,133,106,27
"2011","E00021759","E00021759","Total",138,67,21,46,71,61,10
"2011","E00021760","E00021760","Total",111,53,13,40,58,49,9
"2011","E00021739","E00021739","Total",176,31,11,20,145,106,39
"2011","E00021740","E00021740","Total",169,57,16,41,112,94,18
"2011","E00021745","E00021745","Total",89,33,7,26,56,49,7
"2011","E00021762","E00021762","Total",140,50,21,29,90,78,12
"2011","E00021767","E00021767","Total",120,31,14,17,89,74,15
"2011","E00021369","E00021369","Total",69,32,9,23,37,32,5
"2011","E00021370","E00021370","Total",171,72,21,51,99,86,13
"2011","E00021371","E00021371","Total",45,26,6,20,19,17,2
"2011","E00021391","E00021391","Total",132,50,9,41,82,75,7
"2011","E00021364","E00021364","Total",204,74,19,55,130,117,13
"2011","E00021372","E00021372","Total",161,42,10,32,119,98,21
"2011","E00021384","E00021384","Total",171,20,8,12,151,103,48
"2011","E00021385","E00021385","Total",207,45,10,35,162,131,31
"2011","E00021392","E00021392","Total",185,56,16,40,129,112,17
"2011","E00021381","E00021381","Total",125,48,13,35,77,60,17
"2011","E00021382","E00021382","Total",111,58,16,42,53,46,7
"2011","E00021383","E00021383","Total",150,50,18,32,100,87,13
"2011","E00021365","E00021365","Total",135,38,13,25,97,80,17
"2011","E00021386","E00021386","Total",120,48,11,37,72,64,8
"2011","E00021388","E00021388","Total",119,44,13,31,75,59,16
"2011","E00021393","E00021393","Total",132,69,22,47,63,57,6
"2011","E00167128","E00167128","Total",94,34,8,26,60,47,13
"2011","E00167234","E00167234","Total",127,41,9,32,86,75,11
"2011","E00167253","E00167253","Total",173,38,10,28,135,119,16
"2011","E00167255","E00167255","Total",135,35,16,19,100,82,18
"2011","E00167256","E00167256","Total",179,24,6,18,155,131,24
"2011","E00167257","E00167257","Total",222,44,6,38,178,143,35
"2011","E00167258","E00167258","Total",98,52,19,33,46,44,2
"2011","E00167259","E00167259","Total",69,30,3,27,39,37,2
"2011","E00167266","E00167266","Total",156,33,15,18,123,97,26
"2011","E00021579","E00021579","Total",128,62,16,46,66,51,15
"2011","E00021580","E00021580","Total",118,65,14,51,53,48,5
"2011","E00021585","E00021585","Total",180,78,30,48,102,92,10
"2011","E00167235","E00167235","Total",146,70,24,46,76,68,8
"2011","E00167240","E00167240","Total",124,55,17,38,69,63,6
"2011","E00021559","E00021559","Total",166,33,11,22,133,98,35
"2011","E00021563","E00021563","Total",153,40,16,24,113,86,27
"2011","E00021565","E00021565","Total",78,24,8,16,54,48,6
"2011","E00021582","E00021582","Total",122,50,18,32,72,64,8
"2011","E00167105","E00167105","Total",142,58,16,42,84,73,11
"2011","E00167238","E00167238","Total",129,46,13,33,83,68,15
"2011","E00167239","E00167239","Total",70,15,3,12,55,47,8
"2011","E00021560","E00021560","Total",176,49,15,34,127,101,26
"2011","E00021584","E00021584","Total",124,31,11,20,93,72,21
"2011","E00021587","E00021587","Total",139,55,12,43,84,79,5
"2011","E00021591","E00021591","Total",94,54,15,39,40,37,3
"2011","E00021368","E00021368","Total",143,63,19,44,80,70,10
"2011","E00021374","E00021374","Total",120,64,23,41,56,49,7
"2011","E00021376","E00021376","Total",110,54,20,34,56,48,8
"2011","E00021377","E00021377","Total",234,72,25,47,162,136,26
"2011","E00021367","E00021367","Total",104,35,12,23,69,56,13
"2011","E00021375","E00021375","Total",121,58,18,40,63,52,11
"2011","E00021379","E00021379","Total",116,33,9,24,83,72,11
"2011","E00021380","E00021380","Total",98,22,7,15,76,58,18
"2011","E00021397","E00021397","Total",154,67,19,48,87,72,15
"2011","E00021363","E00021363","Total",120,52,20,32,68,60,8
"2011","E00021366","E00021366","Total",121,62,20,42,59,51,8
"2011","E00021378","E00021378","Total",173,61,18,43,112,97,15
"2011","E00167136","E00167136","Total",70,23,6,17,47,42,5
"2011","E00167161","E00167161","Total",99,23,7,16,76,67,9
"2011","E00167231","E00167231","Total",117,25,11,14,92,72,20
"2011","E00021387","E00021387","Total",256,71,20,51,185,159,26
"2011","E00021394","E00021394","Total",108,45,12,33,63,56,7
"2011","E00021395","E00021395","Total",90,36,11,25,54,46,8
"2011","E00021396","E00021396","Total",120,52,15,37,68,58,10
"2011","E00167228","E00167228","Total",139,43,14,29,96,80,16
"2011","E00167229","E00167229","Total",111,36,5,31,75,63,12
"2011","E00021735","E00021735","Total",158,64,21,43,94,80,14
"2011","E00021748","E00021748","Total",274,83,39,44,191,137,54
"2011","E00021750","E00021750","Total",139,71,19,52,68,53,15
"2011","E00021752","E00021752","Total",149,50,18,32,99,84,15
"2011","E00021733","E00021733","Total",332,70,22,48,262,200,62
"2011","E00021734","E00021734","Total",191,72,28,44,119,96,23
"2011","E00021738","E00021738","Total",125,50,18,32,75,53,22
"2011","E00021743","E00021743","Total",136,54,23,31,82,58,24
"2011","E00021741","E00021741","Total",196,9,3,6,187,113,74
"2011","E00021742","E00021742","Total",252,59,18,41,193,128,65
"2011","E00021766","E00021766","Total",158,39,13,26,119,87,32
"2011","E00167094","E00167094","Total",200,23,14,9,177,121,56
"2011","E00167166","E00167166","Total",342,33,13,20,309,232,77
"2011","E00167167","E00167167","Total",226,23,8,15,203,137,66
"2011","E00167168","E00167168","Total",190,16,7,9,174,104,70
"2011","E00021746","E00021746","Total",193,26,8,18,167,110,57
"2011","E00167096","E00167096","Total",105,15,8,7,90,56,34
"2011","E00167097","E00167097","Total",163,18,8,10,145,84,61
"2011","E00167102","E00167102","Total",156,50,17,33,106,68,38
"2011","E00167203","E00167203","Total",182,42,12,30,140,88,52
"2011","E00021744","E00021744","Total",368,37,15,22,331,198,133
"2011","E00167098","E00167098","Total",117,6,2,4,111,49,62
"2011","E00167099","E00167099","Total",92,10,3,7,82,39,43
"2011","E00167100","E00167100","Total",438,30,12,18,408,225,183
"2011","E00167101","E00167101","Total",205,9,4,5,196,102,94
"2011","E00021641","E00021641","Total",162,53,18,35,109,85,24
"2011","E00021646","E00021646","Total",162,70,16,54,92,79,13
"2011","E00021661","E00021661","Total",232,57,26,31,175,136,39
"2011","E00021663","E00021663","Total",100,32,19,13,68,61,7
"2011","E00021640","E00021640","Total",147,65,24,41,82,68,14
"2011","E00021643","E00021643","Total",97,36,20,16,61,42,19
"2011","E00021644","E00021644","Total",127,42,13,29,85,67,18
"2011","E00021654","E00021654","Total",126,52,19,33,74,57,17
"2011","E00021637","E00021637","Total",188,58,14,44,130,104,26
"2011","E00021639","E00021639","Total",103,43,19,24,60,48,12
"2011","E00021659","E00021659","Total",135,36,17,19,99,80,19
"2011","E00021660","E00021660","Total",121,29,11,18,92,71,21
"2011","E00021669","E00021669","Total",125,65,12,53,60,56,4
"2011","E00021662","E00021662","Total",227,89,28,61,138,111,27
"2011","E00021665","E00021665","Total",126,65,20,45,61,50,11
"2011","E00021668","E00021668","Total",245,56,31,25,189,134,55
"2011","E00021670","E00021670","Total",117,54,12,42,63,52,11
"2011","E00021430","E00021430","Total",104,37,11,26,67,52,15
"2011","E00021431","E00021431","Total",120,44,17,27,76,66,10
"2011","E00021432","E00021432","Total",121,48,9,39,73,64,9
"2011","E00021433","E00021433","Total",304,84,31,53,220,169,51
"2011","E00021434","E00021434","Total",159,75,19,56,84,67,17
"2011","E00021404","E00021404","Total",203,18,5,13,185,110,75
"2011","E00021409","E00021409","Total",219,11,4,7,208,126,82
"2011","E00021418","E00021418","Total",165,11,5,6,154,84,70
"2011","E00021424","E00021424","Total",170,15,4,11,155,93,62
"2011","E00167086","E00167086","Total",188,46,17,29,142,104,38
"2011","E00167087","E00167087","Total",219,16,7,9,203,138,65
"2011","E00167154","E00167154","Total",166,15,3,12,151,99,52
"2011","E00167155","E00167155","Total",224,25,13,12,199,134,65
"2011","E00021408","E00021408","Total",241,30,7,23,211,139,72
"2011","E00021413","E00021413","Total",141,59,13,46,82,67,15
"2011","E00021421","E00021421","Total",174,55,15,40,119,103,16
"2011","E00021423","E00021423","Total",136,59,10,49,77,67,10
"2011","E00021399","E00021399","Total",192,21,9,12,171,99,72
"2011","E00021411","E00021411","Total",179,47,15,32,132,111,21
"2011","E00021420","E00021420","Total",144,22,6,16,122,75,47
"2011","E00021425","E00021425","Total",191,19,8,11,172,98,74
"2011","E00021427","E00021427","Total",178,21,11,10,157,73,84
"2011","E00021428","E00021428","Total",160,59,17,42,101,85,16
"2011","E00021429","E00021429","Total",72,20,8,12,52,42,10
"2011","E00021437","E00021437","Total",115,35,14,21,80,67,13
"2011","E00167085","E00167085","Total",132,27,9,18,105,86,19
"2011","E00167156","E00167156","Total",111,39,9,30,72,62,10
"2011","E00167219","E00167219","Total",79,32,10,22,47,36,11
"2011","E00167227","E00167227","Total",165,39,11,28,126,91,35
"2011","E00167230","E00167230","Total",163,14,3,11,149,98,51
"2011","E00167232","E00167232","Total",141,21,10,11,120,89,31
"2011","E00167233","E00167233","Total",118,23,4,19,95,79,16
"2011","E00021402","E00021402","Total",119,40,7,33,79,66,13
"2011","E00021405","E00021405","Total",195,68,18,50,127,106,21
"2011","E00021406","E00021406","Total",142,52,14,38,90,75,15
"2011","E00021407","E00021407","Total",149,68,22,46,81,70,11
"2011","E00021412","E00021412","Total",183,55,14,41,128,110,18
"2011","E00021438","E00021438","Total",68,35,9,26,33,27,6
"2011","E00021398","E00021398","Total",198,68,25,43,130,111,19
"2011","E00021414","E00021414","Total",122,59,14,45,63,55,8
"2011","E00021416","E00021416","Total",150,46,13,33,104,88,16
"2011","E00021417","E00021417","Total",122,36,11,25,86,75,11
"2011","E00021422","E00021422","Total",73,36,8,28,37,34,3
"2011","E00021400","E00021400","Total",147,46,10,36,101,86,15
"2011","E00021410","E00021410","Total",155,51,22,29,104,82,22
"2011","E00021415","E00021415","Total",136,61,16,45,75,66,9
"2011","E00021419","E00021419","Total",122,52,9,43,70,62,8
"2011","E00021426","E00021426","Total",103,41,12,29,62,57,5
"2011","E00021649","E00021649","Total",161,68,24,44,93,79,14
"2011","E00021650","E00021650","Total",157,24,8,16,133,83,50
"2011","E00021655","E00021655","Total",74,31,9,22,43,37,6
"2011","E00021671","E00021671","Total",105,40,13,27,65,55,10
"2011","E00021653","E00021653","Total",190,90,28,62,100,81,19
"2011","E00021667","E00021667","Total",146,80,22,58,66,54,12
"2011","E00167222","E00167222","Total",108,45,10,35,63,54,9
"2011","E00167225","E00167225","Total",102,47,11,36,55,47,8
"2011","E00167226","E00167226","Total",184,15,4,11,169,136,33
"2011","E00021642","E00021642","Total",109,56,17,39,53,39,14
"2011","E00021648","E00021648","Total",164,25,6,19,139,91,48
"2011","E00021652","E00021652","Total",204,7,2,5,197,105,92
"2011","E00021656","E00021656","Total",159,53,28,25,106,84,22
"2011","E00167221","E00167221","Total",171,54,15,39,117,86,31
"2011","E00167223","E00167223","Total",144,48,16,32,96,80,16
"2011","E00167224","E00167224","Total",117,37,7,30,80,60,20
"2011","E00021658","E00021658","Total",129,11,4,7,118,62,56
"2011","E00167103","E00167103","Total",179,8,3,5,171,99,72
"2011","E00167106","E00167106","Total",232,21,13,8,211,129,82
"2011","E00167107","E00167107","Total",136,20,3,17,116,68,48
"2011","E00167236","E00167236","Total",148,13,7,6,135,68,67
"2011","E00167237","E00167237","Total",150,11,8,3,139,78,61
"2011","E00021651","E00021651","Total",181,16,6,10,165,100,65
"2011","E00021657","E00021657","Total",164,11,7,4,153,94,59
"2011","E00021666","E00021666","Total",268,67,21,46,201,128,73
"2011","E00167104","E00167104","Total",179,10,3,7,169,90,79
"2011","E00021598","E00021598","Total",190,23,14,9,167,114,53
"2011","E00021599","E00021599","Total",249,27,9,18,222,148,74
"2011","E00021600","E00021600","Total",216,25,10,15,191,126,65
"2011","E00021602","E00021602","Total",235,44,17,27,191,113,78
"2011","E00021622","E00021622","Total",202,17,6,11,185,105,80
"2011","E00021632","E00021632","Total",193,15,7,8,178,103,75
"2011","E00021595","E00021595","Total",154,46,19,27,108,86,22
"2011","E00021617","E00021617","Total",152,21,10,11,131,90,41
"2011","E00021620","E00021620","Total",132,31,7,24,101,72,29
"2011","E00021623","E00021623","Total",67,26,5,21,41,30,11
"2011","E00021624","E00021624","Total",226,22,8,14,204,133,71
"2011","E00021625","E00021625","Total",362,35,17,18,327,194,133
"2011","E00021616","E00021616","Total",148,59,17,42,89,70,19
"2011","E00021618","E00021618","Total",84,34,12,22,50,40,10
"2011","E00021619","E00021619","Total",175,69,13,56,106,86,20
"2011","E00021621","E00021621","Total",108,51,11,40,57,49,8
"2011","E00021597","E00021597","Total",169,59,16,43,110,96,14
"2011","E00021607","E00021607","Total",83,32,12,20,51,39,12
"2011","E00021627","E00021627","Total",286,25,10,15,261,176,85
"2011","E00021630","E00021630","Total",137,33,11,22,104,85,19
"2011","E00021636","E00021636","Total",128,44,12,32,84,68,16
"2011","E00021604","E00021604","Total",184,36,14,22,148,121,27
"2011","E00021606","E00021606","Total",198,18,9,9,180,94,86
"2011","E00021610","E00021610","Total",179,22,5,17,157,95,62
"2011","E00021612","E00021612","Total",167,13,3,10,154,82,72
"2011","E00021613","E00021613","Total",165,10,5,5,155,94,61
"2011","E00021614","E00021614","Total",214,21,8,13,193,115,78
"2011","E00021615","E00021615","Total",174,7,1,6,167,113,54
"2011","E00021605","E00021605","Total",210,21,6,15,189,132,57
"2011","E00021608","E00021608","Total",162,20,5,15,142,104,38
"2011","E00021611","E00021611","Total",223,36,14,22,187,124,63
"2011","E00021626","E00021626","Total",234,14,6,8,220,129,91
"2011","E00021628","E00021628","Total",143,17,4,13,126,84,42
"2011","E00021635","E00021635","Total",172,11,2,9,161,103,58
"2011","E00167174","E00167174","Total",182,21,7,14,161,86,75
"2011","E00167175","E00167175","Total",142,16,3,13,126,56,70
"2011","E00021596","E00021596","Total",204,42,15,27,162,117,45
"2011","E00021601","E00021601","Total",160,22,4,18,138,84,54
"2011","E00021603","E00021603","Total",147,14,3,11,133,71,62
"2011","E00021629","E00021629","Total",181,25,11,14,156,101,55
"2011","E00021631","E00021631","Total",230,23,8,15,207,146,61
"2011","E00021633","E00021633","Total",168,20,5,15,148,72,76
"2011","E00021634","E00021634","Total",190,23,5,18,167,105,62
"2011","E00021224","E00021224","Total",217,49,17,32,168,132,36
"2011","E00021245","E00021245","Total",94,20,5,15,74,64,10
"2011","E00021251","E00021251","Total",121,30,10,20,91,75,16
"2011","E00167108","E00167108","Total",170,41,13,28,129,105,24
"2011","E00167109","E00167109","Total",152,18,7,11,134,87,47
"2011","E00167110","E00167110","Total",161,23,9,14,138,95,43
"2011","E00167111","E00167111","Total",218,19,9,10,199,127,72
"2011","E00167153","E00167153","Total",115,40,14,26,75,47,28
"2011","E00167170","E00167170","Total",123,11,6,5,112,62,50
"2011","E00021235","E00021235","Total",86,48,17,31,38,35,3
"2011","E00021236","E00021236","Total",155,43,14,29,112,92,20
"2011","E00167143","E00167143","Total",150,44,17,27,106,92,14
"2011","E00167144","E00167144","Total",118,50,16,34,68,59,9
"2011","E00167150","E00167150","Total",276,31,8,23,245,190,55
"2011","E00167180","E00167180","Total",130,36,13,23,94,79,15
"2011","E00167181","E00167181","Total",94,20,6,14,74,55,19
"2011","E00021223","E00021223","Total",291,32,16,16,259,186,73
"2011","E00021240","E00021240","Total",245,22,8,14,223,157,66
"2011","E00021241","E00021241","Total",206,43,10,33,163,127,36
"2011","E00021243","E00021243","Total",148,36,9,27,112,95,17
"2011","E00021246","E00021246","Total",218,53,14,39,165,137,28
"2011","E00167120","E00167120","Total",176,28,9,19,148,108,40
"2011","E00167139","E00167139","Total",208,17,10,7,191,94,97
"2011","E00167146","E00167146","Total",222,13,3,10,209,152,57
"2011","E00167148","E00167148","Total",157,5,2,3,152,79,73
"2011","E00167123","E00167123","Total",145,49,15,34,96,86,10
"2011","E00167124","E00167124","Total",178,32,13,19,146,101,45
"2011","E00167125","E00167125","Total",118,4,1,3,114,80,34
"2011","E00167141","E00167141","Total",250,13,4,9,237,162,75
"2011","E00167126","E00167126","Total",264,24,7,17,240,165,75
"2011","E00167127","E00167127","Total",174,17,9,8,157,102,55
"2011","E00167138","E00167138","Total",139,17,3,14,122,80,42
"2011","E00167140","E00167140","Total",144,23,9,14,121,92,29
"2011","E00167137","E00167137","Total",172,9,5,4,163,89,74
"2011","E00167147","E00167147","Total",101,38,15,23,63,49,14
"2011","E00167149","E00167149","Total",108,9,3,6,99,67,32
"2011","E00167151","E00167151","Total",317,19,5,14,298,159,139
"2011","E00021238","E00021238","Total",288,20,8,12,268,173,95
"2011","E00021239","E00021239","Total",209,15,9,6,194,135,59
"2011","E00167142","E00167142","Total",342,24,8,16,318,196,122
"2011","E00167145","E00167145","Total",146,16,6,10,130,76,54
"2011","E00021244","E00021244","Total",75,28,10,18,47,39,8
"2011","E00021247","E00021247","Total",128,60,22,38,68,58,10
"2011","E00021248","E00021248","Total",134,58,13,45,76,57,19
"2011","E00021249","E00021249","Total",122,43,9,34,79,66,13
"2011","E00021253","E00021253","Total",123,29,11,18,94,77,17
"2011","E00021225","E00021225","Total",138,27,2,25,111,92,19
"2011","E00021252","E00021252","Total",207,31,15,16,176,128,48
"2011","E00021254","E00021254","Total",163,16,6,10,147,107,40
"2011","E00021255","E00021255","Total",163,16,8,8,147,104,43
"2011","E00021256","E00021256","Total",155,20,7,13,135,102,33
"2011","E00021258","E00021258","Total",126,43,15,28,83,67,16
"2011","E00021219","E00021219","Total",134,37,15,22,97,80,17
"2011","E00021220","E00021220","Total",226,24,6,18,202,156,46
"2011","E00021227","E00021227","Total",156,33,8,25,123,101,22
"2011","E00021228","E00021228","Total",158,45,10,35,113,93,20
"2011","E00021229","E00021229","Total",112,41,8,33,71,58,13
"2011","E00021231","E00021231","Total",107,20,3,17,87,61,26
"2011","E00021218","E00021218","Total",287,46,16,30,241,186,55
"2011","E00021230","E00021230","Total",140,19,4,15,121,90,31
"2011","E00021257","E00021257","Total",153,25,7,18,128,95,33
"2011","E00021259","E00021259","Total",163,44,11,33,119,102,17
"2011","E00167081","E00167081","Total",183,26,15,11,157,108,49
"2011","E00167262","E00167262","Total",63,7,3,4,56,40,16
"2011","E00021522","E00021522","Total",159,46,17,29,113,94,19
"2011","E00021524","E00021524","Total",257,70,23,47,187,147,40
"2011","E00021531","E00021531","Total",208,58,14,44,150,129,21
"2011","E00021532","E00021532","Total",220,19,8,11,201,140,61
"2011","E00021519","E00021519","Total",304,46,29,17,258,179,79
"2011","E00021521","E00021521","Total",126,35,10,25,91,70,21
"2011","E00021528","E00021528","Total",115,33,10,23,82,65,17
"2011","E00021535","E00021535","Total",168,38,14,24,130,99,31
"2011","E00167079","E00167079","Total",175,11,4,7,164,123,41
"2011","E00167080","E00167080","Total",169,44,12,32,125,102,23
"2011","E00021533","E00021533","Total",198,19,9,10,179,130,49
"2011","E00021534","E00021534","Total",180,17,7,10,163,119,44
"2011","E00021536","E00021536","Total",206,23,6,17,183,132,51
"2011","E00021537","E00021537","Total",254,19,12,7,235,136,99
"2011","E00021538","E00021538","Total",505,57,21,36,448,299,149
"2011","E00021539","E00021539","Total",206,23,10,13,183,124,59
"2011","E00021517","E00021517","Total",177,36,6,30,141,113,28
"2011","E00021520","E00021520","Total",146,25,11,14,121,85,36
"2011","E00021525","E00021525","Total",184,25,3,22,159,126,33
"2011","E00021527","E00021527","Total",203,23,7,16,180,139,41
"2011","E00021556","E00021556","Total",213,15,6,9,198,138,60
"2011","E00021557","E00021557","Total",243,25,5,20,218,155,63
"2011","E00167118","E00167118","Total",183,14,4,10,169,101,68
"2011","E00167119","E00167119","Total",170,33,9,24,137,90,47
"2011","E00167134","E00167134","Total",180,16,10,6,164,113,51
"2011","E00167162","E00167162","Total",255,15,7,8,240,164,76
"2011","E00021516","E00021516","Total",151,27,5,22,124,106,18
"2011","E00021518","E00021518","Total",186,40,10,30,146,107,39
"2011","E00021526","E00021526","Total",250,18,11,7,232,159,73
"2011","E00021529","E00021529","Total",73,14,5,9,59,39,20
"2011","E00167163","E00167163","Total",205,26,12,14,179,146,33
"2011","E00021552","E00021552","Total",98,37,20,17,61,45,16
"2011","E00021553","E00021553","Total",111,43,12,31,68,53,15
"2011","E00021554","E00021554","Total",162,24,5,19,138,113,25
"2011","E00021555","E00021555","Total",170,43,8,35,127,89,38
"2011","E00167133","E00167133","Total",92,21,3,18,71,54,17
"2011","E00167135","E00167135","Total",196,9,4,5,187,113,74
"2011","E00167183","E00167183","Total",105,5,4,1,100,57,43
"2011","E00167112","E00167112","Total",525,51,26,25,474,309,165
"2011","E00167117","E00167117","Total",92,4,2,2,88,65,23
"2011","E00167131","E00167131","Total",48,16,8,8,32,26,6
"2011","E00167164","E00167164","Total",58,12,2,10,46,37,9
"2011","E00021547","E00021547","Total",121,33,15,18,88,71,17
"2011","E00167114","E00167114","Total",170,55,24,31,115,92,23
"2011","E00167132","E00167132","Total",300,20,6,14,280,160,120
"2011","E00167115","E00167115","Total",407,48,12,36,359,248,111
"2011","E00167130","E00167130","Total",525,59,26,33,466,307,159
"2011","E00021550","E00021550","Total",148,52,22,30,96,80,16
"2011","E00167116","E00167116","Total",111,34,8,26,77,58,19
"2011","E00167129","E00167129","Total",392,44,14,30,348,200,148
"2011","E00021510","E00021510","Total",154,9,3,6,145,58,87
"2011","E00021511","E00021511","Total",142,10,5,5,132,39,93
"2011","E00021541","E00021541","Total",171,10,6,4,161,99,62
"2011","E00021542","E00021542","Total",145,18,2,16,127,94,33
"2011","E00021543","E00021543","Total",211,18,8,10,193,109,84
"2011","E00167158","E00167158","Total",201,13,6,7,188,83,105
"2011","E00167159","E00167159","Total",165,19,10,9,146,70,76
"2011","E00167113","E00167113","Total",169,39,14,25,130,88,42
"2011","E00167121","E00167121","Total",194,9,4,5,185,70,115
"2011","E00167122","E00167122","Total",140,12,8,4,128,73,55
"2011","E00167152","E00167152","Total",121,3,0,3,118,68,50
"2011","E00021544","E00021544","Total",143,7,4,3,136,69,67
"2011","E00021546","E00021546","Total",147,5,1,4,142,69,73
"2011","E00021549","E00021549","Total",156,47,15,32,109,89,20
"2011","E00167157","E00167157","Total",272,18,10,8,254,133,121
"2011","E00167165","E00167165","Total",202,12,4,8,190,122,68
"2011","E00167220","E00167220","Total",188,18,7,11,170,113,57
"2011","E00167160","E00167160","Total",145,41,11,30,104,76,28
"2011","E00167182","E00167182","Total",53,19,10,9,34,22,12
"2011","E00167248","E00167248","Total",281,21,8,13,260,141,119
"2011","E00167249","E00167249","Total",251,12,6,6,239,111,128
"2011","E00167250","E00167250","Total",87,43,11,32,44,36,8
"2011","E00022952","E00022952","Total",146,15,3,12,131,77,54
"2011","E00022958","E00022958","Total",187,28,13,15,159,125,34
"2011","E00022959","E00022959","Total",188,33,9,24,155,133,22
"2011","E00022992","E00022992","Total",296,37,21,16,259,158,101
"2011","E00022995","E00022995","Total",193,18,8,10,175,103,72
"2011","E00022998","E00022998","Total",153,28,9,19,125,75,50
"2011","E00022999","E00022999","Total",134,32,14,18,102,54,48
"2011","E00022977","E00022977","Total",169,25,7,18,144,79,65
"2011","E00022978","E00022978","Total",173,31,9,22,142,97,45
"2011","E00022979","E00022979","Total",111,14,5,9,97,67,30
"2011","E00022983","E00022983","Total",213,27,13,14,186,113,73
"2011","E00022984","E00022984","Total",196,31,10,21,165,112,53
"2011","E00022987","E00022987","Total",176,32,16,16,144,91,53
"2011","E00023052","E00023052","Total",164,24,7,17,140,77,63
"2011","E00023055","E00023055","Total",204,31,7,24,173,115,58
"2011","E00023057","E00023057","Total",203,35,10,25,168,122,46
"2011","E00023060","E00023060","Total",192,36,13,23,156,125,31
"2011","E00023068","E00023068","Total",190,42,12,30,148,117,31
"2011","E00170942","E00170942","Total",149,32,19,13,117,73,44
"2011","E00171061","E00171061","Total",177,33,13,20,144,76,68
"2011","E00023047","E00023047","Total",127,26,12,14,101,46,55
"2011","E00023053","E00023053","Total",205,33,10,23,172,124,48
"2011","E00023054","E00023054","Total",185,26,9,17,159,126,33
"2011","E00023056","E00023056","Total",136,28,10,18,108,77,31
"2011","E00023059","E00023059","Total",178,16,4,12,162,103,59
"2011","E00023061","E00023061","Total",187,37,15,22,150,123,27
"2011","E00022954","E00022954","Total",130,28,6,22,102,83,19
"2011","E00022974","E00022974","Total",256,44,14,30,212,138,74
"2011","E00022990","E00022990","Total",110,31,14,17,79,67,12
"2011","E00022991","E00022991","Total",111,30,8,22,81,71,10
"2011","E00022996","E00022996","Total",107,21,11,10,86,74,12
"2011","E00022997","E00022997","Total",183,41,11,30,142,121,21
"2011","E00022953","E00022953","Total",180,63,16,47,117,100,17
"2011","E00022955","E00022955","Total",131,35,9,26,96,79,17
"2011","E00022957","E00022957","Total",162,47,11,36,115,102,13
"2011","E00023000","E00023000","Total",192,51,19,32,141,114,27
"2011","E00170960","E00170960","Total",105,22,9,13,83,66,17
"2011","E00171063","E00171063","Total",250,17,8,9,233,131,102
"2011","E00022956","E00022956","Total",194,21,5,16,173,131,42
"2011","E00022960","E00022960","Total",234,24,11,13,210,141,69
"2011","E00022962","E00022962","Total",171,29,3,26,142,104,38
"2011","E00022963","E00022963","Total",168,21,9,12,147,103,44
"2011","E00022964","E00022964","Total",214,36,16,20,178,137,41
"2011","E00022966","E00022966","Total",239,49,25,24,190,139,51
"2011","E00022976","E00022976","Total",218,65,18,47,153,134,19
"2011","E00022980","E00022980","Total",128,41,9,32,87,79,8
"2011","E00022985","E00022985","Total",109,32,5,27,77,62,15
"2011","E00022988","E00022988","Total",109,30,10,20,79,67,12
"2011","E00022993","E00022993","Total",123,41,11,30,82,72,10
"2011","E00171046","E00171046","Total",109,26,7,19,83,61,22
"2011","E00171066","E00171066","Total",102,12,3,9,90,75,15
"2011","E00171068","E00171068","Total",216,26,11,15,190,125,65
"2011","E00170943","E00170943","Total",136,23,14,9,113,67,46
"2011","E00171043","E00171043","Total",136,19,9,10,117,50,67
"2011","E00171044","E00171044","Total",118,13,6,7,105,62,43
"2011","E00171047","E00171047","Total",187,16,4,12,171,112,59
"2011","E00171080","E00171080","Total",65,8,3,5,57,30,27
"2011","E00022975","E00022975","Total",194,24,8,16,170,121,49
"2011","E00022982","E00022982","Total",149,45,12,33,104,85,19
"2011","E00022989","E00022989","Total",84,16,3,13,68,57,11
"2011","E00022994","E00022994","Total",201,51,14,37,150,122,28
"2011","E00170946","E00170946","Total",151,23,13,10,128,96,32
"2011","E00022972","E00022972","Total",141,44,20,24,97,80,17
"2011","E00022981","E00022981","Total",138,27,8,19,111,83,28
"2011","E00170968","E00170968","Total",117,14,7,7,103,70,33
"2011","E00171041","E00171041","Total",256,26,8,18,230,157,73
"2011","E00022812","E00022812","Total",198,55,15,40,143,116,27
"2011","E00022844","E00022844","Total",109,33,7,26,76,62,14
"2011","E00022846","E00022846","Total",88,29,2,27,59,52,7
"2011","E00022847","E00022847","Total",102,36,8,28,66,59,7
"2011","E00022848","E00022848","Total",143,44,19,25,99,88,11
"2011","E00022852","E00022852","Total",103,30,3,27,73,59,14
"2011","E00022855","E00022855","Total",146,38,12,26,108,87,21
"2011","E00022845","E00022845","Total",169,34,18,16,135,90,45
"2011","E00022849","E00022849","Total",232,58,15,43,174,141,33
"2011","E00022850","E00022850","Total",127,29,10,19,98,64,34
"2011","E00022851","E00022851","Total",141,32,7,25,109,92,17
"2011","E00022853","E00022853","Total",235,27,8,19,208,138,70
"2011","E00022854","E00022854","Total",155,35,9,26,120,80,40
"2011","E00022856","E00022856","Total",120,23,9,14,97,77,20
"2011","E00023044","E00023044","Total",151,18,6,12,133,81,52
"2011","E00023048","E00023048","Total",144,24,12,12,120,76,44
"2011","E00023065","E00023065","Total",196,40,10,30,156,114,42
"2011","E00023066","E00023066","Total",275,50,18,32,225,166,59
"2011","E00023074","E00023074","Total",247,35,11,24,212,132,80
"2011","E00023076","E00023076","Total",166,25,11,14,141,78,63
"2011","E00023058","E00023058","Total",139,38,17,21,101,94,7
"2011","E00023062","E00023062","Total",114,32,12,20,82,68,14
"2011","E00023064","E00023064","Total",148,40,16,24,108,87,21
"2011","E00023069","E00023069","Total",166,63,22,41,103,87,16
"2011","E00023070","E00023070","Total",116,32,9,23,84,67,17
"2011","E00023073","E00023073","Total",173,43,15,28,130,83,47
"2011","E00023075","E00023075","Total",141,30,6,24,111,69,42
"2011","E00023081","E00023081","Total",134,22,3,19,112,81,31
"2011","E00023083","E00023083","Total",150,30,11,19,120,96,24
"2011","E00023086","E00023086","Total",137,21,9,12,116,98,18
"2011","E00023089","E00023089","Total",208,24,9,15,184,137,47
"2011","E00023045","E00023045","Total",238,30,13,17,208,141,67
"2011","E00023079","E00023079","Total",178,30,8,22,148,97,51
"2011","E00023080","E00023080","Total",187,26,5,21,161,120,41
"2011","E00023082","E00023082","Total",221,30,8,22,191,147,44
"2011","E00023087","E00023087","Total",131,26,9,17,105,82,23
"2011","E00023088","E00023088","Total",169,27,9,18,142,105,37
"2011","E00023091","E00023091","Total",186,24,9,15,162,124,38
"2011","E00023063","E00023063","Total",169,26,8,18,143,95,48
"2011","E00023067","E00023067","Total",231,47,19,28,184,146,38
"2011","E00023071","E00023071","Total",209,59,16,43,150,119,31
"2011","E00023072","E00023072","Total",153,26,8,18,127,87,40
"2011","E00023077","E00023077","Total",198,21,9,12,177,132,45
"2011","E00023084","E00023084","Total",191,30,11,19,161,112,49
"2011","E00023046","E00023046","Total",123,26,6,20,97,73,24
"2011","E00023078","E00023078","Total",201,27,7,20,174,120,54
"2011","E00170945","E00170945","Total",170,50,13,37,120,92,28
"2011","E00171079","E00171079","Total",133,13,5,8,120,82,38
"2011","E00170949","E00170949","Total",176,18,3,15,158,99,59
"2011","E00171071","E00171071","Total",165,27,9,18,138,85,53
"2011","E00171082","E00171082","Total",238,18,4,14,220,121,99
"2011","E00171083","E00171083","Total",165,21,6,15,144,93,51
"2011","E00171085","E00171085","Total",156,20,10,10,136,86,50
"2011","E00023085","E00023085","Total",121,27,11,16,94,81,13
"2011","E00171069","E00171069","Total",177,24,7,17,153,99,54
"2011","E00171072","E00171072","Total",198,17,6,11,181,119,62
"2011","E00171074","E00171074","Total",192,14,3,11,178,107,71
"2011","E00171075","E00171075","Total",169,16,6,10,153,98,55
"2011","E00022961","E00022961","Total",157,29,11,18,128,99,29
"2011","E00022965","E00022965","Total",199,24,9,15,175,122,53
"2011","E00022967","E00022967","Total",203,17,8,9,186,115,71
"2011","E00022968","E00022968","Total",209,23,8,15,186,135,51
"2011","E00022969","E00022969","Total",192,20,6,14,172,118,54
"2011","E00022970","E00022970","Total",193,27,7,20,166,129,37
"2011","E00023092","E00023092","Total",146,34,13,21,112,91,21
"2011","E00023112","E00023112","Total",169,32,10,22,137,99,38
"2011","E00023113","E00023113","Total",183,30,10,20,153,114,39
"2011","E00023114","E00023114","Total",147,21,4,17,126,95,31
"2011","E00023117","E00023117","Total",143,27,11,16,116,82,34
"2011","E00023118","E00023118","Total",137,29,10,19,108,89,19
"2011","E00023124","E00023124","Total",141,25,9,16,116,94,22
"2011","E00023127","E00023127","Total",187,38,17,21,149,132,17
"2011","E00023128","E00023128","Total",196,25,6,19,171,118,53
"2011","E00023130","E00023130","Total",185,24,14,10,161,125,36
"2011","E00023131","E00023131","Total",272,22,7,15,250,178,72
"2011","E00023134","E00023134","Total",183,26,10,16,157,123,34
"2011","E00023093","E00023093","Total",165,27,6,21,138,112,26
"2011","E00023115","E00023115","Total",149,21,4,17,128,77,51
"2011","E00023119","E00023119","Total",150,20,5,15,130,99,31
"2011","E00023120","E00023120","Total",159,26,12,14,133,105,28
"2011","E00023121","E00023121","Total",143,21,5,16,122,93,29
"2011","E00023123","E00023123","Total",163,28,8,20,135,84,51
"2011","E00023191","E00023191","Total",212,41,16,25,171,113,58
"2011","E00023218","E00023218","Total",140,28,10,18,112,70,42
"2011","E00023220","E00023220","Total",173,42,17,25,131,80,51
"2011","E00023222","E00023222","Total",177,42,12,30,135,75,60
"2011","E00023232","E00023232","Total",184,43,15,28,141,84,57
"2011","E00023209","E00023209","Total",164,35,9,26,129,112,17
"2011","E00023210","E00023210","Total",125,21,5,16,104,79,25
"2011","E00023211","E00023211","Total",150,37,13,24,113,67,46
"2011","E00023213","E00023213","Total",183,33,9,24,150,108,42
"2011","E00023216","E00023216","Total",193,31,13,18,162,107,55
"2011","E00023219","E00023219","Total",156,25,10,15,131,88,43
"2011","E00023212","E00023212","Total",178,22,10,12,156,104,52
"2011","E00023214","E00023214","Total",160,20,5,15,140,88,52
"2011","E00023215","E00023215","Total",213,34,15,19,179,120,59
"2011","E00023217","E00023217","Total",202,30,12,18,172,111,61
"2011","E00023221","E00023221","Total",239,21,8,13,218,156,62
"2011","E00023228","E00023228","Total",189,28,9,19,161,108,53
"2011","E00023190","E00023190","Total",211,42,13,29,169,106,63
"2011","E00023192","E00023192","Total",152,23,12,11,129,84,45
"2011","E00023197","E00023197","Total",196,20,6,14,176,115,61
"2011","E00023227","E00023227","Total",149,25,10,15,124,64,60
"2011","E00023231","E00023231","Total",144,16,7,9,128,77,51
"2011","E00023233","E00023233","Total",163,36,16,20,127,97,30
"2011","E00023189","E00023189","Total",263,33,8,25,230,159,71
"2011","E00023223","E00023223","Total",179,22,6,16,157,117,40
"2011","E00023224","E00023224","Total",194,19,5,14,175,121,54
"2011","E00023225","E00023225","Total",152,23,8,15,129,98,31
"2011","E00023226","E00023226","Total",129,17,8,9,112,78,34
"2011","E00023229","E00023229","Total",161,15,2,13,146,107,39
"2011","E00022824","E00022824","Total",127,51,16,35,76,64,12
"2011","E00022826","E00022826","Total",124,43,10,33,81,74,7
"2011","E00022827","E00022827","Total",133,44,15,29,89,76,13
"2011","E00022830","E00022830","Total",158,43,11,32,115,106,9
"2011","E00022833","E00022833","Total",154,44,12,32,110,93,17
"2011","E00022831","E00022831","Total",101,35,7,28,66,56,10
"2011","E00022834","E00022834","Total",122,37,11,26,85,63,22
"2011","E00022835","E00022835","Total",156,37,12,25,119,98,21
"2011","E00022836","E00022836","Total",179,42,10,32,137,119,18
"2011","E00022838","E00022838","Total",163,40,10,30,123,101,22
"2011","E00022840","E00022840","Total",169,20,9,11,149,119,30
"2011","E00022839","E00022839","Total",195,50,13,37,145,128,17
"2011","E00022841","E00022841","Total",103,26,5,21,77,58,19
"2011","E00022842","E00022842","Total",273,40,13,27,233,173,60
"2011","E00022843","E00022843","Total",200,57,15,42,143,113,30
"2011","E00170948","E00170948","Total",111,39,10,29,72,66,6
"2011","E00171077","E00171077","Total",188,23,4,19,165,141,24
"2011","E00022815","E00022815","Total",179,48,10,38,131,111,20
"2011","E00022816","E00022816","Total",105,15,6,9,90,75,15
"2011","E00022817","E00022817","Total",140,21,5,16,119,105,14
"2011","E00022818","E00022818","Total",109,36,7,29,73,60,13
"2011","E00022820","E00022820","Total",80,21,5,16,59,49,10
"2011","E00022822","E00022822","Total",117,26,6,20,91,78,13
"2011","E00022813","E00022813","Total",293,35,11,24,258,184,74
"2011","E00022814","E00022814","Total",233,38,21,17,195,128,67
"2011","E00022819","E00022819","Total",288,32,12,20,256,181,75
"2011","E00022857","E00022857","Total",295,39,11,28,256,169,87
"2011","E00022858","E00022858","Total",200,23,11,12,177,126,51
"2011","E00022821","E00022821","Total",296,51,12,39,245,201,44
"2011","E00022823","E00022823","Total",126,33,7,26,93,82,11
"2011","E00022825","E00022825","Total",195,31,13,18,164,134,30
"2011","E00022828","E00022828","Total",239,48,19,29,191,152,39
"2011","E00022829","E00022829","Total",134,13,2,11,121,93,28
"2011","E00022832","E00022832","Total",250,25,10,15,225,176,49
"2011","E00022914","E00022914","Total",386,38,17,21,348,237,111
"2011","E00022916","E00022916","Total",255,26,9,17,229,159,70
"2011","E00022919","E00022919","Total",248,30,8,22,218,159,59
"2011","E00022921","E00022921","Total",175,16,6,10,159,110,49
"2011","E00022922","E00022922","Total",252,21,9,12,231,158,73
"2011","E00022924","E00022924","Total",267,21,6,15,246,165,81
"2011","E00023116","E00023116","Total",148,33,7,26,115,85,30
"2011","E00023122","E00023122","Total",229,28,8,20,201,144,57
"2011","E00023125","E00023125","Total",188,18,9,9,170,109,61
"2011","E00023126","E00023126","Total",211,37,11,26,174,112,62
"2011","E00023129","E00023129","Total",321,29,9,20,292,224,68
"2011","E00023132","E00023132","Total",204,12,7,5,192,140,52
"2011","E00023096","E00023096","Total",346,37,17,20,309,239,70
"2011","E00023098","E00023098","Total",192,16,6,10,176,114,62
"2011","E00023100","E00023100","Total",253,23,4,19,230,147,83
"2011","E00023107","E00023107","Total",179,14,8,6,165,104,61
"2011","E00023110","E00023110","Total",203,13,7,6,190,119,71
"2011","E00023133","E00023133","Total",235,31,15,16,204,137,67
"2011","E00022920","E00022920","Total",183,20,7,13,163,102,61
"2011","E00022925","E00022925","Total",182,16,6,10,166,113,53
"2011","E00022928","E00022928","Total",265,38,13,25,227,142,85
"2011","E00022929","E00022929","Total",208,23,8,15,185,119,66
"2011","E00022932","E00022932","Total",221,36,12,24,185,116,69
"2011","E00022931","E00022931","Total",233,45,16,29,188,97,91
"2011","E00022933","E00022933","Total",233,45,10,35,188,103,85
"2011","E00022936","E00022936","Total",224,49,19,30,175,98,77
"2011","E00022938","E00022938","Total",236,31,11,20,205,122,83
"2011","E00023094","E00023094","Total",229,24,7,17,205,128,77
"2011","E00023101","E00023101","Total",270,27,10,17,243,147,96
"2011","E00023106","E00023106","Total",234,13,5,8,221,152,69
"2011","E00023108","E00023108","Total",194,15,5,10,179,135,44
"2011","E00023111","E00023111","Total",259,28,10,18,231,153,78
"2011","E00023138","E00023138","Total",189,22,3,19,167,119,48
"2011","E00023097","E00023097","Total",176,20,6,14,156,106,50
"2011","E00023103","E00023103","Total",173,11,3,8,162,99,63
"2011","E00023104","E00023104","Total",231,25,7,18,206,126,80
"2011","E00023109","E00023109","Total",204,17,6,11,187,124,63
"2011","E00023136","E00023136","Total",239,25,7,18,214,155,59
"2011","E00023137","E00023137","Total",177,21,6,15,156,109,47
"2011","E00023095","E00023095","Total",282,32,9,23,250,152,98
"2011","E00023099","E00023099","Total",194,26,11,15,168,103,65
"2011","E00023102","E00023102","Total",160,21,3,18,139,73,66
"2011","E00023105","E00023105","Total",210,33,13,20,177,111,66
"2011","E00023135","E00023135","Total",335,31,7,24,304,225,79
"2011","E00022681","E00022681","Total",111,16,3,13,95,77,18
"2011","E00022686","E00022686","Total",170,16,6,10,154,106,48
"2011","E00022687","E00022687","Total",106,19,8,11,87,75,12
"2011","E00022692","E00022692","Total",214,25,10,15,189,139,50
"2011","E00022710","E00022710","Total",272,25,12,13,247,168,79
"2011","E00022715","E00022715","Total",242,20,9,11,222,162,60
"2011","E00171051","E00171051","Total",177,11,4,7,166,113,53
"2011","E00171052","E00171052","Total",179,17,10,7,162,91,71
"2011","E00171058","E00171058","Total",168,10,7,3,158,95,63
"2011","E00022680","E00022680","Total",182,13,3,10,169,120,49
"2011","E00022688","E00022688","Total",210,24,7,17,186,138,48
"2011","E00022693","E00022693","Total",216,22,7,15,194,127,67
"2011","E00022696","E00022696","Total",188,20,9,11,168,123,45
"2011","E00022698","E00022698","Total",218,27,7,20,191,127,64
"2011","E00022723","E00022723","Total",208,27,6,21,181,136,45
"2011","E00023193","E00023193","Total",233,33,8,25,200,144,56
"2011","E00023198","E00023198","Total",222,32,11,21,190,133,57
"2011","E00023200","E00023200","Total",165,21,11,10,144,96,48
"2011","E00023201","E00023201","Total",250,30,12,18,220,152,68
"2011","E00023206","E00023206","Total",269,19,6,13,250,147,103
"2011","E00023196","E00023196","Total",265,20,9,11,245,185,60
"2011","E00023199","E00023199","Total",163,28,7,21,135,81,54
"2011","E00023202","E00023202","Total",257,43,15,28,214,146,68
"2011","E00023203","E00023203","Total",226,18,8,10,208,149,59
"2011","E00023205","E00023205","Total",248,30,10,20,218,155,63
"2011","E00170900","E00170900","Total",213,20,6,14,193,128,65
"2011","E00171086","E00171086","Total",171,14,7,7,157,108,49
"2011","E00023230","E00023230","Total",321,65,27,38,256,158,98
"2011","E00170901","E00170901","Total",185,21,8,13,164,100,64
"2011","E00170902","E00170902","Total",234,17,7,10,217,158,59
"2011","E00171054","E00171054","Total",193,16,7,9,177,108,69
"2011","E00171060","E00171060","Total",158,21,7,14,137,79,58
"2011","E00023204","E00023204","Total",218,29,5,24,189,131,58
"2011","E00023207","E00023207","Total",274,27,11,16,247,178,69
"2011","E00023208","E00023208","Total",259,27,8,19,232,164,68
"2011","E00022626","E00022626","Total",200,17,6,11,183,126,57
"2011","E00022631","E00022631","Total",250,31,15,16,219,156,63
"2011","E00022667","E00022667","Total",341,40,17,23,301,195,106
"2011","E00022668","E00022668","Total",174,12,4,8,162,114,48
"2011","E00022669","E00022669","Total",162,11,4,7,151,93,58
"2011","E00022674","E00022674","Total",163,25,6,19,138,107,31
"2011","E00023370","E00023370","Total",169,41,20,21,128,62,66
"2011","E00023371","E00023371","Total",189,41,20,21,148,82,66
"2011","E00023373","E00023373","Total",147,41,15,26,106,71,35
"2011","E00023378","E00023378","Total",205,42,17,25,163,90,73
"2011","E00023375","E00023375","Total",153,21,6,15,132,92,40
"2011","E00023395","E00023395","Total",143,18,6,12,125,96,29
"2011","E00023397","E00023397","Total",152,37,14,23,115,88,27
"2011","E00023398","E00023398","Total",202,29,15,14,173,143,30
"2011","E00023400","E00023400","Total",191,30,11,19,161,106,55
"2011","E00023409","E00023409","Total",196,45,20,25,151,96,55
"2011","E00023368","E00023368","Total",176,24,13,11,152,94,58
"2011","E00023401","E00023401","Total",170,21,6,15,149,113,36
"2011","E00023403","E00023403","Total",195,36,18,18,159,110,49
"2011","E00023404","E00023404","Total",200,26,7,19,174,128,46
"2011","E00023405","E00023405","Total",224,25,12,13,199,146,53
"2011","E00023410","E00023410","Total",133,38,15,23,95,49,46
"2011","E00023396","E00023396","Total",159,35,14,21,124,86,38
"2011","E00023399","E00023399","Total",143,39,9,30,104,80,24
"2011","E00023402","E00023402","Total",127,20,7,13,107,72,35
"2011","E00023406","E00023406","Total",200,46,14,32,154,125,29
"2011","E00023407","E00023407","Total",227,55,21,34,172,131,41
"2011","E00023408","E00023408","Total",146,45,21,24,101,73,28
"2011","E00022679","E00022679","Total",251,17,4,13,234,174,60
"2011","E00022712","E00022712","Total",223,25,4,21,198,137,61
"2011","E00022713","E00022713","Total",193,23,7,16,170,114,56
"2011","E00022714","E00022714","Total",296,18,5,13,278,200,78
"2011","E00022718","E00022718","Total",210,31,6,25,179,115,64
"2011","E00022722","E00022722","Total",259,26,9,17,233,160,73
"2011","E00022685","E00022685","Total",254,21,8,13,233,157,76
"2011","E00022690","E00022690","Total",197,27,11,16,170,101,69
"2011","E00022694","E00022694","Total",187,16,2,14,171,129,42
"2011","E00022717","E00022717","Total",166,23,4,19,143,110,33
"2011","E00022720","E00022720","Total",401,36,10,26,365,256,109
"2011","E00022721","E00022721","Total",221,36,17,19,185,124,61
"2011","E00022684","E00022684","Total",226,29,9,20,197,119,78
"2011","E00022689","E00022689","Total",184,37,16,21,147,100,47
"2011","E00022691","E00022691","Total",206,27,7,20,179,131,48
"2011","E00022695","E00022695","Total",205,24,9,15,181,136,45
"2011","E00022709","E00022709","Total",144,11,3,8,133,78,55
"2011","E00022719","E00022719","Total",220,19,5,14,201,113,88
"2011","E00022678","E00022678","Total",257,23,11,12,234,188,46
"2011","E00022711","E00022711","Total",291,33,13,20,258,192,66
"2011","E00022716","E00022716","Total",110,36,7,29,74,59,15
"2011","E00170951","E00170951","Total",132,19,6,13,113,80,33
"2011","E00170953","E00170953","Total",127,16,7,9,111,87,24
"2011","E00171049","E00171049","Total",220,28,12,16,192,147,45
"2011","E00022910","E00022910","Total",318,30,10,20,288,201,87
"2011","E00022911","E00022911","Total",231,20,6,14,211,165,46
"2011","E00022912","E00022912","Total",179,20,7,13,159,123,36
"2011","E00022918","E00022918","Total",163,37,16,21,126,111,15
"2011","E00171055","E00171055","Total",224,14,3,11,210,149,61
"2011","E00171057","E00171057","Total",129,25,10,15,104,89,15
"2011","E00023008","E00023008","Total",149,48,20,28,101,77,24
"2011","E00023009","E00023009","Total",129,48,10,38,81,72,9
"2011","E00170903","E00170903","Total",227,190,146,44,37,27,10
"2011","E00170904","E00170904","Total",95,45,21,24,50,44,6
"2011","E00023004","E00023004","Total",94,36,17,19,58,50,8
"2011","E00023038","E00023038","Total",145,53,20,33,92,79,13
"2011","E00023039","E00023039","Total",132,43,7,36,89,79,10
"2011","E00023040","E00023040","Total",127,48,14,34,79,68,11
"2011","E00023041","E00023041","Total",168,92,52,40,76,67,9
"2011","E00023032","E00023032","Total",212,108,69,39,104,88,16
"2011","E00023033","E00023033","Total",168,57,16,41,111,96,15
"2011","E00023034","E00023034","Total",107,28,13,15,79,67,12
"2011","E00023035","E00023035","Total",136,38,13,25,98,76,22
"2011","E00023036","E00023036","Total",163,51,17,34,112,95,17
"2011","E00023002","E00023002","Total",122,35,11,24,87,67,20
"2011","E00023003","E00023003","Total",126,22,9,13,104,58,46
"2011","E00023037","E00023037","Total",159,59,20,39,100,89,11
"2011","E00023042","E00023042","Total",175,75,29,46,100,85,15
"2011","E00023043","E00023043","Total",113,27,7,20,86,74,12
"2011","E00022630","E00022630","Total",164,22,7,15,142,101,41
"2011","E00022634","E00022634","Total",260,30,10,20,230,188,42
"2011","E00022642","E00022642","Total",163,31,9,22,132,109,23
"2011","E00022644","E00022644","Total",174,15,4,11,159,120,39
"2011","E00022649","E00022649","Total",132,19,10,9,113,74,39
"2011","E00022653","E00022653","Total",172,23,7,16,149,98,51
"2011","E00022629","E00022629","Total",166,23,7,16,143,110,33
"2011","E00022636","E00022636","Total",179,26,5,21,153,113,40
"2011","E00022639","E00022639","Total",208,43,9,34,165,134,31
"2011","E00022672","E00022672","Total",158,34,10,24,124,79,45
"2011","E00022675","E00022675","Total",216,32,10,22,184,151,33
"2011","E00022632","E00022632","Total",159,24,12,12,135,114,21
"2011","E00022645","E00022645","Total",171,17,7,10,154,109,45
"2011","E00022648","E00022648","Total",178,22,8,14,156,113,43
"2011","E00022651","E00022651","Total",193,36,18,18,157,105,52
"2011","E00022652","E00022652","Total",127,32,8,24,95,70,25
"2011","E00022654","E00022654","Total",172,16,4,12,156,103,53
"2011","E00022657","E00022657","Total",214,26,6,20,188,145,43
"2011","E00022658","E00022658","Total",187,25,13,12,162,125,37
"2011","E00022660","E00022660","Total",168,29,11,18,139,92,47
"2011","E00022661","E00022661","Total",145,12,2,10,133,104,29
"2011","E00022665","E00022665","Total",171,27,6,21,144,118,26
"2011","E00022666","E00022666","Total",150,27,9,18,123,93,30
"2011","E00022627","E00022627","Total",164,12,7,5,152,109,43
"2011","E00022633","E00022633","Total",167,21,3,18,146,118,28
"2011","E00022638","E00022638","Total",140,26,10,16,114,79,35
"2011","E00022670","E00022670","Total",150,27,13,14,123,94,29
"2011","E00022671","E00022671","Total",172,14,5,9,158,119,39
"2011","E00022676","E00022676","Total",165,24,11,13,141,104,37
"2011","E00022677","E00022677","Total",324,31,10,21,293,206,87
"2011","E00022915","E00022915","Total",187,16,3,13,171,112,59
"2011","E00022917","E00022917","Total",179,23,3,20,156,99,57
"2011","E00022923","E00022923","Total",195,14,2,12,181,132,49
"2011","E00022926","E00022926","Total",199,19,10,9,180,113,67
"2011","E00022927","E00022927","Total",233,25,3,22,208,132,76
"2011","E00022935","E00022935","Total",141,16,4,12,125,75,50
"2011","E00022939","E00022939","Total",199,33,9,24,166,95,71
"2011","E00022940","E00022940","Total",152,24,8,16,128,72,56
"2011","E00022944","E00022944","Total",200,38,15,23,162,96,66
"2011","E00022945","E00022945","Total",165,25,12,13,140,91,49
"2011","E00022946","E00022946","Total",218,29,8,21,189,131,58
"2011","E00022937","E00022937","Total",210,30,9,21,180,100,80
"2011","E00022942","E00022942","Total",248,30,11,19,218,133,85
"2011","E00022947","E00022947","Total",164,20,6,14,144,109,35
"2011","E00022948","E00022948","Total",180,42,16,26,138,92,46
"2011","E00022949","E00022949","Total",210,20,3,17,190,123,67
"2011","E00022907","E00022907","Total",146,29,10,19,117,77,40
"2011","E00022909","E00022909","Total",158,24,8,16,134,76,58
"2011","E00022950","E00022950","Total",238,47,14,33,191,116,75
"2011","E00022951","E00022951","Total",199,36,14,22,163,88,75
"2011","E00023278","E00023278","Total",205,22,5,17,183,122,61
"2011","E00023280","E00023280","Total",170,26,5,21,144,100,44
"2011","E00023286","E00023286","Total",214,48,20,28,166,90,76
"2011","E00023294","E00023294","Total",166,33,11,22,133,84,49
"2011","E00023011","E00023011","Total",255,52,20,32,203,144,59
"2011","E00023014","E00023014","Total",168,63,29,34,105,96,9
"2011","E00023017","E00023017","Total",164,38,17,21,126,64,62
"2011","E00023021","E00023021","Total",127,48,15,33,79,66,13
"2011","E00023026","E00023026","Total",139,46,11,35,93,80,13
"2011","E00023369","E00023369","Total",159,32,10,22,127,105,22
"2011","E00023372","E00023372","Total",167,44,15,29,123,100,23
"2011","E00023374","E00023374","Total",158,33,8,25,125,85,40
"2011","E00023376","E00023376","Total",93,36,15,21,57,51,6
"2011","E00023377","E00023377","Total",144,80,46,34,64,58,6
"2011","E00023411","E00023411","Total",152,35,16,19,117,91,26
"2011","E00023384","E00023384","Total",178,35,19,16,143,90,53
"2011","E00023386","E00023386","Total",164,22,7,15,142,102,40
"2011","E00023387","E00023387","Total",162,61,21,40,101,87,14
"2011","E00023388","E00023388","Total",193,61,14,47,132,111,21
"2011","E00023390","E00023390","Total",149,32,9,23,117,89,28
"2011","E00023392","E00023392","Total",166,40,16,24,126,107,19
"2011","E00023379","E00023379","Total",141,23,7,16,118,89,29
"2011","E00023380","E00023380","Total",123,35,9,26,88,66,22
"2011","E00023381","E00023381","Total",138,30,10,20,108,81,27
"2011","E00023394","E00023394","Total",125,47,19,28,78,59,19
"2011","E00170907","E00170907","Total",100,26,8,18,74,51,23
"2011","E00170908","E00170908","Total",169,22,13,9,147,111,36
"2011","E00170909","E00170909","Total",136,24,10,14,112,64,48
"2011","E00023382","E00023382","Total",143,30,9,21,113,87,26
"2011","E00023383","E00023383","Total",139,50,15,35,89,77,12
"2011","E00023385","E00023385","Total",168,33,16,17,135,117,18
"2011","E00023389","E00023389","Total",143,49,19,30,94,78,16
"2011","E00023391","E00023391","Total",169,43,20,23,126,105,21
"2011","E00023393","E00023393","Total",138,33,15,18,105,75,30
"2011","E00022487","E00022487","Total",231,35,13,22,196,122,74
"2011","E00022508","E00022508","Total",266,33,14,19,233,143,90
"2011","E00022509","E00022509","Total",167,29,9,20,138,80,58
"2011","E00022513","E00022513","Total",67,12,7,5,55,30,25
"2011","E00022516","E00022516","Total",169,26,10,16,143,74,69
"2011","E00022507","E00022507","Total",199,32,16,16,167,92,75
"2011","E00022510","E00022510","Total",244,39,17,22,205,121,84
"2011","E00022511","E00022511","Total",194,33,10,23,161,96,65
"2011","E00022514","E00022514","Total",176,27,12,15,149,93,56
"2011","E00022491","E00022491","Total",200,26,9,17,174,114,60
"2011","E00022518","E00022518","Total",148,35,17,18,113,65,48
"2011","E00022524","E00022524","Total",163,25,13,12,138,106,32
"2011","E00022525","E00022525","Total",186,32,15,17,154,93,61
"2011","E00022527","E00022527","Total",173,29,11,18,144,84,60
"2011","E00022861","E00022861","Total",95,33,15,18,62,37,25
"2011","E00022898","E00022898","Total",270,35,14,21,235,158,77
"2011","E00022899","E00022899","Total",14,1,0,1,13,11,2
"2011","E00022900","E00022900","Total",154,24,4,20,130,67,63
"2011","E00022901","E00022901","Total",166,25,8,17,141,103,38
"2011","E00022902","E00022902","Total",56,39,18,21,17,14,3
"2011","E00022908","E00022908","Total",149,29,6,23,120,62,58
"2011","E00022930","E00022930","Total",170,21,7,14,149,98,51
"2011","E00022934","E00022934","Total",197,44,17,27,153,92,61
"2011","E00022941","E00022941","Total",207,24,10,14,183,111,72
"2011","E00022943","E00022943","Total",163,28,10,18,135,88,47
"2011","E00022581","E00022581","Total",187,31,10,21,156,113,43
"2011","E00022612","E00022612","Total",192,37,14,23,155,123,32
"2011","E00022613","E00022613","Total",220,29,7,22,191,148,43
"2011","E00022614","E00022614","Total",169,29,9,20,140,102,38
"2011","E00022615","E00022615","Total",276,37,10,27,239,173,66
"2011","E00022699","E00022699","Total",208,18,5,13,190,148,42
"2011","E00022700","E00022700","Total",209,21,6,15,188,138,50
"2011","E00022704","E00022704","Total",122,44,10,34,78,63,15
"2011","E00022706","E00022706","Total",194,36,10,26,158,120,38
"2011","E00022707","E00022707","Total",163,33,10,23,130,110,20
"2011","E00022708","E00022708","Total",211,65,18,47,146,117,29
"2011","E00023149","E00023149","Total",131,37,14,23,94,78,16
"2011","E00023151","E00023151","Total",78,31,11,20,47,42,5
"2011","E00023152","E00023152","Total",139,43,6,37,96,83,13
"2011","E00023153","E00023153","Total",151,55,18,37,96,79,17
"2011","E00170917","E00170917","Total",181,17,6,11,164,128,36
"2011","E00170918","E00170918","Total",200,20,6,14,180,139,41
"2011","E00170919","E00170919","Total",173,27,8,19,146,120,26
"2011","E00023139","E00023139","Total",272,50,16,34,222,175,47
"2011","E00023155","E00023155","Total",121,28,12,16,93,75,18
"2011","E00023156","E00023156","Total",135,19,5,14,116,85,31
"2011","E00023157","E00023157","Total",149,20,6,14,129,98,31
"2011","E00023158","E00023158","Total",230,55,16,39,175,133,42
"2011","E00170920","E00170920","Total",172,42,11,31,130,105,25
"2011","E00170921","E00170921","Total",238,22,11,11,216,161,55
"2011","E00022616","E00022616","Total",151,23,6,17,128,99,29
"2011","E00022618","E00022618","Total",150,34,7,27,116,79,37
"2011","E00022619","E00022619","Total",255,27,6,21,228,175,53
"2011","E00022620","E00022620","Total",193,26,12,14,167,110,57
"2011","E00022621","E00022621","Total",230,31,10,21,199,141,58
"2011","E00170914","E00170914","Total",103,8,3,5,95,71,24
"2011","E00170915","E00170915","Total",92,13,6,7,79,64,15
"2011","E00022697","E00022697","Total",170,23,13,10,147,83,64
"2011","E00022701","E00022701","Total",174,38,21,17,136,85,51
"2011","E00022702","E00022702","Total",165,31,14,17,134,93,41
"2011","E00022703","E00022703","Total",180,34,13,21,146,98,48
"2011","E00022705","E00022705","Total",171,24,11,13,147,91,56
"2011","E00023284","E00023284","Total",202,33,13,20,169,129,40
"2011","E00023313","E00023313","Total",128,20,5,15,108,74,34
"2011","E00023315","E00023315","Total",106,24,11,13,82,44,38
"2011","E00023317","E00023317","Total",140,15,3,12,125,81,44
"2011","E00023318","E00023318","Total",159,32,9,23,127,88,39
"2011","E00023319","E00023319","Total",223,34,7,27,189,122,67
"2011","E00023283","E00023283","Total",233,40,12,28,193,123,70
"2011","E00023288","E00023288","Total",205,45,15,30,160,130,30
"2011","E00023305","E00023305","Total",170,29,8,21,141,105,36
"2011","E00023314","E00023314","Total",156,34,11,23,122,64,58
"2011","E00023316","E00023316","Total",234,26,11,15,208,144,64
"2011","E00023279","E00023279","Total",200,23,10,13,177,106,71
"2011","E00023281","E00023281","Total",209,29,10,19,180,123,57
"2011","E00023282","E00023282","Total",158,37,12,25,121,85,36
"2011","E00023287","E00023287","Total",187,36,11,25,151,103,48
"2011","E00023291","E00023291","Total",275,49,20,29,226,154,72
"2011","E00023306","E00023306","Total",202,32,11,21,170,127,43
"2011","E00023307","E00023307","Total",182,29,9,20,153,80,73
"2011","E00023309","E00023309","Total",204,34,13,21,170,109,61
"2011","E00023310","E00023310","Total",153,30,16,14,123,91,32
"2011","E00023311","E00023311","Total",160,38,8,30,122,70,52
"2011","E00022635","E00022635","Total",164,15,4,11,149,96,53
"2011","E00022637","E00022637","Total",201,20,8,12,181,128,53
"2011","E00022640","E00022640","Total",200,31,16,15,169,118,51
"2011","E00022641","E00022641","Total",114,30,7,23,84,69,15
"2011","E00022647","E00022647","Total",152,16,8,8,136,106,30
"2011","E00022673","E00022673","Total",219,30,10,20,189,126,63
"2011","E00022643","E00022643","Total",236,32,13,19,204,160,44
"2011","E00022646","E00022646","Total",194,31,10,21,163,116,47
"2011","E00022655","E00022655","Total",207,34,16,18,173,108,65
"2011","E00022656","E00022656","Total",205,40,19,21,165,117,48
"2011","E00022659","E00022659","Total",170,45,17,28,125,73,52
"2011","E00022628","E00022628","Total",154,61,24,37,93,75,18
"2011","E00022650","E00022650","Total",181,37,9,28,144,92,52
"2011","E00022662","E00022662","Total",192,26,9,17,166,113,53
"2011","E00022663","E00022663","Total",172,40,15,25,132,96,36
"2011","E00022664","E00022664","Total",144,22,6,16,122,83,39
"2011","E00023161","E00023161","Total",184,40,12,28,144,96,48
"2011","E00023163","E00023163","Total",158,43,14,29,115,84,31
"2011","E00023166","E00023166","Total",171,43,15,28,128,89,39
"2011","E00023169","E00023169","Total",182,35,12,23,147,114,33
"2011","E00023170","E00023170","Total",234,39,15,24,195,161,34
"2011","E00023173","E00023173","Total",230,48,20,28,182,118,64
"2011","E00023174","E00023174","Total",183,36,10,26,147,104,43
"2011","E00023178","E00023178","Total",199,26,4,22,173,125,48
"2011","E00023180","E00023180","Total",175,37,10,27,138,91,47
"2011","E00023181","E00023181","Total",180,38,13,25,142,99,43
"2011","E00023338","E00023338","Total",184,64,17,47,120,91,29
"2011","E00023344","E00023344","Total",274,59,25,34,215,137,78
"2011","E00023355","E00023355","Total",176,28,9,19,148,106,42
"2011","E00023356","E00023356","Total",196,32,7,25,164,130,34
"2011","E00022488","E00022488","Total",299,37,11,26,262,174,88
"2011","E00022492","E00022492","Total",180,27,10,17,153,125,28
"2011","E00022493","E00022493","Total",211,36,16,20,175,110,65
"2011","E00022522","E00022522","Total",194,18,7,11,176,118,58
"2011","E00022529","E00022529","Total",241,33,11,22,208,135,73
"2011","E00022495","E00022495","Total",164,34,10,24,130,106,24
"2011","E00022496","E00022496","Total",330,44,14,30,286,201,85
"2011","E00022499","E00022499","Total",306,30,9,21,276,209,67
"2011","E00022500","E00022500","Total",248,27,12,15,221,160,61
"2011","E00022502","E00022502","Total",346,25,8,17,321,258,63
"2011","E00022512","E00022512","Total",180,22,6,16,158,111,47
"2011","E00022515","E00022515","Total",146,10,2,8,136,89,47
"2011","E00022517","E00022517","Total",265,35,12,23,230,134,96
"2011","E00022519","E00022519","Total",190,33,13,20,157,111,46
"2011","E00022521","E00022521","Total",198,16,6,10,182,139,43
"2011","E00022530","E00022530","Total",157,31,14,17,126,107,19
"2011","E00022863","E00022863","Total",207,38,13,25,169,108,61
"2011","E00022867","E00022867","Total",191,31,10,21,160,109,51
"2011","E00022868","E00022868","Total",233,27,8,19,206,130,76
"2011","E00022903","E00022903","Total",139,20,4,16,119,78,41
"2011","E00022905","E00022905","Total",207,26,10,16,181,118,63
"2011","E00022862","E00022862","Total",200,35,18,17,165,111,54
"2011","E00022864","E00022864","Total",193,27,11,16,166,104,62
"2011","E00022865","E00022865","Total",217,28,8,20,189,128,61
"2011","E00022866","E00022866","Total",137,26,6,20,111,88,23
"2011","E00022904","E00022904","Total",155,34,12,22,121,71,50
"2011","E00023324","E00023324","Total",268,72,13,59,196,165,31
"2011","E00023337","E00023337","Total",176,62,17,45,114,96,18
"2011","E00170910","E00170910","Total",216,13,3,10,203,147,56
"2011","E00170911","E00170911","Total",170,35,15,20,135,90,45
"2011","E00170912","E00170912","Total",235,20,6,14,215,149,66
"2011","E00170913","E00170913","Total",191,16,7,9,175,136,39
"2011","E00023339","E00023339","Total",163,60,12,48,103,86,17
"2011","E00023340","E00023340","Total",146,35,6,29,111,87,24
"2011","E00023342","E00023342","Total",133,38,8,30,95,80,15
"2011","E00023343","E00023343","Total",182,53,12,41,129,101,28
"2011","E00023347","E00023347","Total",160,41,19,22,119,90,29
"2011","E00023341","E00023341","Total",159,33,12,21,126,101,25
"2011","E00023349","E00023349","Total",136,28,10,18,108,88,20
"2011","E00023350","E00023350","Total",187,49,22,27,138,117,21
"2011","E00023351","E00023351","Total",159,23,7,16,136,112,24
"2011","E00023358","E00023358","Total",169,23,11,12,146,112,34
"2011","E00023345","E00023345","Total",178,57,20,37,121,102,19
"2011","E00023346","E00023346","Total",130,43,12,31,87,69,18
"2011","E00023348","E00023348","Total",156,49,17,32,107,90,17
"2011","E00023352","E00023352","Total",167,44,13,31,123,102,21
"2011","E00023353","E00023353","Total",171,40,9,31,131,113,18
"2011","E00023005","E00023005","Total",245,97,46,51,148,123,25
"2011","E00023007","E00023007","Total",160,47,25,22,113,73,40
"2011","E00023010","E00023010","Total",151,65,26,39,86,78,8
"2011","E00023013","E00023013","Total",171,24,10,14,147,112,35
"2011","E00170905","E00170905","Total",89,25,12,13,64,60,4
"2011","E00170906","E00170906","Total",226,175,128,47,51,44,7
"2011","E00023015","E00023015","Total",180,101,43,58,79,73,6
"2011","E00023019","E00023019","Total",199,95,42,53,104,90,14
"2011","E00023020","E00023020","Total",126,66,32,34,60,54,6
"2011","E00023022","E00023022","Total",115,43,14,29,72,59,13
"2011","E00023025","E00023025","Total",175,72,26,46,103,90,13
"2011","E00023016","E00023016","Total",115,34,11,23,81,69,12
"2011","E00023018","E00023018","Total",192,96,45,51,96,77,19
"2011","E00023023","E00023023","Total",180,77,27,50,103,90,13
"2011","E00023024","E00023024","Total",128,43,17,26,85,74,11
"2011","E00023028","E00023028","Total",152,51,21,30,101,85,16
"2011","E00023001","E00023001","Total",213,64,19,45,149,116,33
"2011","E00023027","E00023027","Total",109,28,10,18,81,67,14
"2011","E00023029","E00023029","Total",128,37,10,27,91,82,9
"2011","E00023030","E00023030","Total",173,40,14,26,133,105,28
"2011","E00023031","E00023031","Total",183,54,15,39,129,112,17
"2011","E00022583","E00022583","Total",230,66,22,44,164,143,21
"2011","E00022622","E00022622","Total",162,75,26,49,87,70,17
"2011","E00022624","E00022624","Total",180,8,4,4,172,120,52
"2011","E00022625","E00022625","Total",208,33,12,21,175,128,47
"2011","E00022586","E00022586","Total",144,12,6,6,132,111,21
"2011","E00022587","E00022587","Total",179,15,9,6,164,114,50
"2011","E00022588","E00022588","Total",158,13,1,12,145,113,32
"2011","E00022589","E00022589","Total",348,36,10,26,312,232,80
"2011","E00022623","E00022623","Total",266,29,9,20,237,171,66
"2011","E00170916","E00170916","Total",174,24,4,20,150,102,48
"2011","E00170923","E00170923","Total",199,14,4,10,185,128,57
"2011","E00022582","E00022582","Total",183,37,19,18,146,106,40
"2011","E00022585","E00022585","Total",180,32,12,20,148,104,44
"2011","E00022591","E00022591","Total",216,23,2,21,193,142,51
"2011","E00022592","E00022592","Total",197,57,16,41,140,111,29
"2011","E00023285","E00023285","Total",177,22,8,14,155,111,44
"2011","E00023289","E00023289","Total",345,60,20,40,285,219,66
"2011","E00023308","E00023308","Total",144,26,9,17,118,92,26
"2011","E00023312","E00023312","Total",130,25,2,23,105,89,16
"2011","E00023290","E00023290","Total",232,54,20,34,178,140,38
"2011","E00023292","E00023292","Total",175,35,10,25,140,105,35
"2011","E00023298","E00023298","Total",221,27,11,16,194,139,55
"2011","E00023300","E00023300","Total",163,25,7,18,138,107,31
"2011","E00023301","E00023301","Total",153,31,12,19,122,88,34
"2011","E00023140","E00023140","Total",191,32,12,20,159,113,46
"2011","E00023159","E00023159","Total",160,28,9,19,132,114,18
"2011","E00023160","E00023160","Total",193,26,11,15,167,134,33
"2011","E00023162","E00023162","Total",254,42,9,33,212,168,44
"2011","E00023164","E00023164","Total",192,40,15,25,152,117,35
"2011","E00023165","E00023165","Total",226,33,11,22,193,144,49
"2011","E00023141","E00023141","Total",199,32,10,22,167,132,35
"2011","E00023167","E00023167","Total",189,23,9,14,166,133,33
"2011","E00023168","E00023168","Total",147,22,7,15,125,100,25
"2011","E00023171","E00023171","Total",222,45,13,32,177,150,27
"2011","E00023172","E00023172","Total",188,24,10,14,164,131,33
"2011","E00023176","E00023176","Total",205,25,8,17,180,140,40
"2011","E00023175","E00023175","Total",88,31,17,14,57,47,10
"2011","E00023177","E00023177","Total",207,31,12,19,176,138,38
"2011","E00023179","E00023179","Total",194,38,11,27,156,112,44
"2011","E00023184","E00023184","Total",202,32,15,17,170,109,61
"2011","E00023185","E00023185","Total",190,25,10,15,165,127,38
"2011","E00023188","E00023188","Total",200,43,16,27,157,104,53
"2011","E00023142","E00023142","Total",226,34,11,23,192,142,50
"2011","E00023145","E00023145","Total",175,20,5,15,155,117,38
"2011","E00023147","E00023147","Total",248,33,13,20,215,158,57
"2011","E00023182","E00023182","Total",218,15,5,10,203,150,53
"2011","E00023183","E00023183","Total",265,27,10,17,238,187,51
"2011","E00023186","E00023186","Total",189,14,6,8,175,116,59
"2011","E00023143","E00023143","Total",146,29,5,24,117,80,37
"2011","E00023144","E00023144","Total",188,45,16,29,143,98,45
"2011","E00023146","E00023146","Total",153,30,8,22,123,77,46
"2011","E00023148","E00023148","Total",178,32,11,21,146,94,52
"2011","E00023187","E00023187","Total",189,42,17,25,147,93,54
"2011","E00022490","E00022490","Total",252,14,5,9,238,161,77
"2011","E00022494","E00022494","Total",260,34,14,20,226,172,54
"2011","E00022497","E00022497","Total",262,32,10,22,230,162,68
"2011","E00022498","E00022498","Total",214,21,6,15,193,139,54
"2011","E00022501","E00022501","Total",152,30,11,19,122,87,35
"2011","E00022489","E00022489","Total",175,26,8,18,149,122,27
"2011","E00022503","E00022503","Total",200,27,9,18,173,118,55
"2011","E00022504","E00022504","Total",159,22,5,17,137,96,41
"2011","E00022505","E00022505","Total",205,25,7,18,180,123,57
"2011","E00022506","E00022506","Total",208,19,6,13,189,148,41
"2011","E00022520","E00022520","Total",207,15,7,8,192,128,64
"2011","E00022523","E00022523","Total",229,23,9,14,206,144,62
"2011","E00022526","E00022526","Total",250,24,10,14,226,147,79
"2011","E00022528","E00022528","Total",275,15,7,8,260,186,74
"2011","E00022531","E00022531","Total",240,21,9,12,219,163,56
"2011","E00022536","E00022536","Total",208,23,6,17,185,141,44
"2011","E00022537","E00022537","Total",231,24,10,14,207,147,60
"2011","E00022577","E00022577","Total",184,32,8,24,152,121,31
"2011","E00022579","E00022579","Total",275,28,5,23,247,196,51
"2011","E00170956","E00170956","Total",216,18,9,9,198,144,54
"2011","E00170963","E00170963","Total",178,17,2,15,161,130,31
"2011","E00170965","E00170965","Total",169,13,1,12,156,132,24
"2011","E00022538","E00022538","Total",213,22,7,15,191,143,48
"2011","E00022539","E00022539","Total",222,29,6,23,193,138,55
"2011","E00022543","E00022543","Total",222,39,17,22,183,148,35
"2011","E00022545","E00022545","Total",162,17,5,12,145,111,34
"2011","E00022549","E00022549","Total",207,29,11,18,178,141,37
"2011","E00022550","E00022550","Total",181,11,2,9,170,133,37
"2011","E00022551","E00022551","Total",77,7,3,4,70,56,14
"2011","E00022553","E00022553","Total",194,18,12,6,176,128,48
"2011","E00022556","E00022556","Total",208,20,8,12,188,140,48
"2011","E00022561","E00022561","Total",137,18,7,11,119,93,26
"2011","E00022562","E00022562","Total",198,23,5,18,175,119,56
"2011","E00022871","E00022871","Total",258,45,17,28,213,129,84
"2011","E00022872","E00022872","Total",215,35,14,21,180,118,62
"2011","E00022873","E00022873","Total",131,17,7,10,114,67,47
"2011","E00022874","E00022874","Total",136,20,5,15,116,86,30
"2011","E00022875","E00022875","Total",238,30,12,18,208,130,78
"2011","E00022906","E00022906","Total",111,20,2,18,91,51,40
"2011","E00022869","E00022869","Total",147,11,4,7,136,99,37
"2011","E00022876","E00022876","Total",155,16,7,9,139,94,45
"2011","E00022881","E00022881","Total",214,26,7,19,188,144,44
"2011","E00170954","E00170954","Total",290,21,6,15,269,193,76
"2011","E00170971","E00170971","Total",127,12,1,11,115,89,26
"2011","E00171037","E00171037","Total",144,19,5,14,125,97,28
"2011","E00171040","E00171040","Total",143,11,5,6,132,106,26
"2011","E00022878","E00022878","Total",162,8,2,6,154,116,38
"2011","E00022879","E00022879","Total",181,24,7,17,157,107,50
"2011","E00022880","E00022880","Total",168,25,15,10,143,105,38
"2011","E00022885","E00022885","Total",166,29,10,19,137,92,45
"2011","E00022887","E00022887","Total",172,31,7,24,141,95,46
"2011","E00022888","E00022888","Total",181,19,4,15,162,113,49
"2011","E00022889","E00022889","Total",125,29,11,18,96,53,43
"2011","E00022890","E00022890","Total",240,26,7,19,214,159,55
"2011","E00022892","E00022892","Total",146,31,11,20,115,86,29
"2011","E00022893","E00022893","Total",185,21,6,15,164,108,56
"2011","E00022896","E00022896","Total",243,34,12,22,209,143,66
"2011","E00023293","E00023293","Total",185,45,19,26,140,98,42
"2011","E00023295","E00023295","Total",165,45,16,29,120,80,40
"2011","E00023297","E00023297","Total",149,49,20,29,100,48,52
"2011","E00023299","E00023299","Total",161,43,17,26,118,81,37
"2011","E00023277","E00023277","Total",175,22,12,10,153,105,48
"2011","E00023296","E00023296","Total",160,31,12,19,129,93,36
"2011","E00023302","E00023302","Total",222,36,14,22,186,112,74
"2011","E00023303","E00023303","Total",204,27,7,20,177,135,42
"2011","E00023304","E00023304","Total",284,45,23,22,239,175,64
"2011","E00023320","E00023320","Total",174,40,13,27,134,101,33
"2011","E00023327","E00023327","Total",176,42,17,25,134,85,49
"2011","E00023329","E00023329","Total",138,27,5,22,111,80,31
"2011","E00023359","E00023359","Total",198,35,14,21,163,131,32
"2011","E00023361","E00023361","Total",173,36,8,28,137,109,28
"2011","E00023321","E00023321","Total",186,21,9,12,165,127,38
"2011","E00023331","E00023331","Total",139,29,8,21,110,79,31
"2011","E00023360","E00023360","Total",188,34,15,19,154,109,45
"2011","E00023362","E00023362","Total",226,24,5,19,202,155,47
"2011","E00023365","E00023365","Total",166,34,7,27,132,110,22
"2011","E00023354","E00023354","Total",206,41,14,27,165,123,42
"2011","E00023357","E00023357","Total",208,50,13,37,158,134,24
"2011","E00023363","E00023363","Total",169,34,10,24,135,118,17
"2011","E00023364","E00023364","Total",180,22,4,18,158,125,33
"2011","E00023366","E00023366","Total",164,45,16,29,119,100,19
"2011","E00023323","E00023323","Total",157,35,8,27,122,72,50
"2011","E00023325","E00023325","Total",149,33,11,22,116,90,26
"2011","E00023328","E00023328","Total",160,30,12,18,130,100,30
"2011","E00023332","E00023332","Total",165,40,9,31,125,103,22
"2011","E00023333","E00023333","Total",181,28,13,15,153,110,43
"2011","E00023322","E00023322","Total",119,40,12,28,79,60,19
"2011","E00023326","E00023326","Total",126,20,7,13,106,80,26
"2011","E00023330","E00023330","Total",177,36,14,22,141,112,29
"2011","E00023334","E00023334","Total",163,39,11,28,124,101,23
"2011","E00023335","E00023335","Total",189,25,7,18,164,120,44
"2011","E00022563","E00022563","Total",216,39,14,25,177,133,44
"2011","E00022568","E00022568","Total",176,30,13,17,146,115,31
"2011","E00022569","E00022569","Total",240,25,10,15,215,165,50
"2011","E00022570","E00022570","Total",130,31,13,18,99,75,24
"2011","E00022571","E00022571","Total",207,25,7,18,182,143,39
"2011","E00022572","E00022572","Total",192,25,8,17,167,132,35
"2011","E00022533","E00022533","Total",179,19,8,11,160,121,39
"2011","E00022552","E00022552","Total",170,41,11,30,129,79,50
"2011","E00022557","E00022557","Total",125,29,4,25,96,74,22
"2011","E00022558","E00022558","Total",188,29,10,19,159,120,39
"2011","E00022559","E00022559","Total",168,28,9,19,140,96,44
"2011","E00022877","E00022877","Total",128,40,20,20,88,74,14
"2011","E00022882","E00022882","Total",171,29,13,16,142,109,33
"2011","E00022884","E00022884","Total",127,25,9,16,102,69,33
"2011","E00022886","E00022886","Total",185,34,13,21,151,98,53
"2011","E00022891","E00022891","Total",128,32,11,21,96,65,31
"2011","E00022894","E00022894","Total",262,45,15,30,217,195,22
"2011","E00022895","E00022895","Total",121,28,12,16,93,74,19
"2011","E00022897","E00022897","Total",109,19,5,14,90,67,23
"2011","E00170957","E00170957","Total",140,19,6,13,121,89,32
"2011","E00170959","E00170959","Total",200,26,9,17,174,131,43
"2011","E00170967","E00170967","Total",135,15,3,12,120,97,23
"2011","E00171038","E00171038","Total",248,28,5,23,220,165,55
"2011","E00171065","E00171065","Total",132,19,5,14,113,80,33
"2011","E00022532","E00022532","Total",146,18,6,12,128,105,23
"2011","E00022573","E00022573","Total",133,19,8,11,114,90,24
"2011","E00022574","E00022574","Total",242,43,13,30,199,165,34
"2011","E00022575","E00022575","Total",205,43,14,29,162,132,30
"2011","E00022576","E00022576","Total",200,35,15,20,165,137,28
"2011","E00022540","E00022540","Total",149,18,5,13,131,109,22
"2011","E00022541","E00022541","Total",304,24,11,13,280,215,65
"2011","E00022542","E00022542","Total",229,39,10,29,190,138,52
"2011","E00022546","E00022546","Total",199,44,13,31,155,108,47
"2011","E00022547","E00022547","Total",137,18,8,10,119,89,30
"2011","E00022534","E00022534","Total",132,15,5,10,117,84,33
"2011","E00022535","E00022535","Total",166,30,4,26,136,93,43
"2011","E00022544","E00022544","Total",220,24,7,17,196,142,54
"2011","E00022548","E00022548","Total",137,30,10,20,107,81,26
"2011","E00022554","E00022554","Total",121,20,7,13,101,72,29
"2011","E00022555","E00022555","Total",158,21,7,14,137,100,37
"2011","E00022560","E00022560","Total",167,29,4,25,138,82,56
"2011","E00022564","E00022564","Total",164,30,11,19,134,91,43
"2011","E00022565","E00022565","Total",146,29,9,20,117,78,39
"2011","E00022566","E00022566","Total",156,26,5,21,130,84,46
"2011","E00022567","E00022567","Total",197,36,13,23,161,105,56
"2011","E00022599","E00022599","Total",173,37,17,20,136,94,42
"2011","E00022601","E00022601","Total",197,24,11,13,173,128,45
"2011","E00022603","E00022603","Total",214,33,6,27,181,134,47
"2011","E00022604","E00022604","Total",212,27,5,22,185,142,43
"2011","E00022605","E00022605","Total",181,19,3,16,162,108,54
"2011","E00022598","E00022598","Total",146,39,8,31,107,95,12
"2011","E00022606","E00022606","Total",161,47,22,25,114,93,21
"2011","E00022611","E00022611","Total",163,32,12,20,131,106,25
"2011","E00170925","E00170925","Total",190,42,35,7,148,112,36
"2011","E00170926","E00170926","Total",149,8,1,7,141,124,17
"2011","E00170928","E00170928","Total",113,19,8,11,94,88,6
"2011","E00170929","E00170929","Total",229,29,12,17,200,182,18
"2011","E00022580","E00022580","Total",228,54,22,32,174,138,36
"2011","E00022597","E00022597","Total",136,33,14,19,103,87,16
"2011","E00022607","E00022607","Total",195,18,2,16,177,137,40
"2011","E00022608","E00022608","Total",115,24,8,16,91,78,13
"2011","E00022609","E00022609","Total",210,31,9,22,179,120,59
"2011","E00022610","E00022610","Total",192,33,13,20,159,110,49
"2011","E00022590","E00022590","Total",151,13,3,10,138,102,36
"2011","E00022593","E00022593","Total",202,24,9,15,178,132,46
"2011","E00022594","E00022594","Total",210,18,6,12,192,136,56
"2011","E00022595","E00022595","Total",219,18,1,17,201,145,56
"2011","E00022596","E00022596","Total",215,40,21,19,175,130,45
"2011","E00022600","E00022600","Total",221,26,12,14,195,153,42
"2011","E00022773","E00022773","Total",182,31,8,23,151,120,31
"2011","E00022774","E00022774","Total",178,36,13,23,142,103,39
"2011","E00022803","E00022803","Total",203,31,6,25,172,130,42
"2011","E00022804","E00022804","Total",146,30,11,19,116,96,20
"2011","E00022806","E00022806","Total",135,45,11,34,90,74,16
"2011","E00023236","E00023236","Total",228,53,14,39,175,145,30
"2011","E00023258","E00023258","Total",235,58,13,45,177,142,35
"2011","E00023262","E00023262","Total",206,37,6,31,169,138,31
"2011","E00023267","E00023267","Total",183,37,8,29,146,113,33
"2011","E00023235","E00023235","Total",169,40,12,28,129,108,21
"2011","E00023237","E00023237","Total",210,46,15,31,164,135,29
"2011","E00023260","E00023260","Total",288,84,36,48,204,160,44
"2011","E00023264","E00023264","Total",201,43,12,31,158,135,23
"2011","E00023254","E00023254","Total",224,38,12,26,186,150,36
"2011","E00023255","E00023255","Total",217,38,9,29,179,133,46
"2011","E00023256","E00023256","Total",220,43,20,23,177,136,41
"2011","E00023257","E00023257","Total",220,49,20,29,171,128,43
"2011","E00022800","E00022800","Total",124,29,13,16,95,78,17
"2011","E00022801","E00022801","Total",92,29,8,21,63,52,11
"2011","E00022802","E00022802","Total",97,24,4,20,73,60,13
"2011","E00170931","E00170931","Total",215,49,18,31,166,138,28
"2011","E00170932","E00170932","Total",225,47,17,30,178,149,29
"2011","E00170934","E00170934","Total",74,16,5,11,58,49,9
"2011","E00022777","E00022777","Total",153,37,18,19,116,102,14
"2011","E00022778","E00022778","Total",140,29,7,22,111,93,18
"2011","E00022783","E00022783","Total",115,30,4,26,85,62,23
"2011","E00022807","E00022807","Total",151,35,11,24,116,97,19
"2011","E00022809","E00022809","Total",135,27,10,17,108,89,19
"2011","E00023240","E00023240","Total",268,56,25,31,212,172,40
"2011","E00023261","E00023261","Total",224,76,28,48,148,123,25
"2011","E00023269","E00023269","Total",204,54,15,39,150,123,27
"2011","E00023270","E00023270","Total",253,73,33,40,180,124,56
"2011","E00023238","E00023238","Total",189,58,27,31,131,99,32
"2011","E00023263","E00023263","Total",129,31,9,22,98,87,11
"2011","E00023268","E00023268","Total",112,33,3,30,79,66,13
"2011","E00023271","E00023271","Total",108,31,15,16,77,70,7
"2011","E00023275","E00023275","Total",167,50,15,35,117,99,18
"2011","E00023234","E00023234","Total",168,39,22,17,129,98,31
"2011","E00023239","E00023239","Total",211,64,31,33,147,125,22
"2011","E00023245","E00023245","Total",227,92,65,27,135,114,21
"2011","E00023272","E00023272","Total",174,39,13,26,135,109,26
"2011","E00023274","E00023274","Total",215,63,43,20,152,123,29
"2011","E00023276","E00023276","Total",159,35,16,19,124,105,19
"2011","E00023241","E00023241","Total",125,30,9,21,95,77,18
"2011","E00023246","E00023246","Total",149,36,21,15,113,92,21
"2011","E00023259","E00023259","Total",136,31,12,19,105,89,16
"2011","E00023265","E00023265","Total",118,40,5,35,78,70,8
"2011","E00023266","E00023266","Total",97,28,11,17,69,62,7
"2011","E00023273","E00023273","Total",111,35,8,27,76,65,11
"2011","E00023243","E00023243","Total",194,48,16,32,146,108,38
"2011","E00023244","E00023244","Total",272,63,24,39,209,160,49
"2011","E00023247","E00023247","Total",247,62,16,46,185,145,40
"2011","E00023249","E00023249","Total",260,56,21,35,204,162,42
"2011","E00023250","E00023250","Total",204,50,23,27,154,136,18
"2011","E00023242","E00023242","Total",253,48,20,28,205,172,33
"2011","E00023248","E00023248","Total",103,21,6,15,82,70,12
"2011","E00023251","E00023251","Total",149,54,24,30,95,84,11
"2011","E00023252","E00023252","Total",189,66,27,39,123,99,24
"2011","E00023253","E00023253","Total",160,51,18,33,109,94,15
"2011","E00022779","E00022779","Total",245,54,21,33,191,163,28
"2011","E00022784","E00022784","Total",171,37,14,23,134,105,29
"2011","E00022787","E00022787","Total",213,33,10,23,180,137,43
"2011","E00022805","E00022805","Total",171,54,21,33,117,103,14
"2011","E00022808","E00022808","Total",205,58,29,29,147,123,24
"2011","E00022768","E00022768","Total",202,31,9,22,171,145,26
"2011","E00022780","E00022780","Total",215,37,8,29,178,145,33
"2011","E00022781","E00022781","Total",241,49,16,33,192,151,41
"2011","E00022786","E00022786","Total",46,15,4,11,31,26,5
"2011","E00022789","E00022789","Total",226,49,12,37,177,164,13
"2011","E00022776","E00022776","Total",190,41,18,23,149,123,26
"2011","E00022782","E00022782","Total",109,33,9,24,76,63,13
"2011","E00022785","E00022785","Total",167,40,15,25,127,90,37
"2011","E00022810","E00022810","Total",167,46,19,27,121,99,22
"2011","E00022811","E00022811","Total",221,61,21,40,160,128,32
"2011","E00022775","E00022775","Total",276,75,14,61,201,162,39
"2011","E00022788","E00022788","Total",141,37,14,23,104,79,25
"2011","E00022790","E00022790","Total",153,46,21,25,107,90,17
"2011","E00022791","E00022791","Total",161,38,7,31,123,102,21
"2011","E00022769","E00022769","Total",149,32,12,20,117,92,25
"2011","E00022770","E00022770","Total",188,30,12,18,158,132,26
"2011","E00022771","E00022771","Total",217,52,12,40,165,145,20
"2011","E00022796","E00022796","Total",168,19,9,10,149,114,35
"2011","E00022799","E00022799","Total",147,40,7,33,107,91,16
"2011","E00170935","E00170935","Total",196,39,12,27,157,137,20
"2011","E00170937","E00170937","Total",207,27,7,20,180,150,30
"2011","E00022793","E00022793","Total",189,44,12,32,145,121,24
"2011","E00022794","E00022794","Total",229,45,15,30,184,141,43
"2011","E00022797","E00022797","Total",146,36,15,21,110,84,26
"2011","E00022798","E00022798","Total",203,40,17,23,163,131,32
"2011","E00170939","E00170939","Total",124,29,7,22,95,83,12
"2011","E00170940","E00170940","Total",171,32,10,22,139,116,23
"2011","E00022745","E00022745","Total",230,61,23,38,169,130,39
"2011","E00022747","E00022747","Total",168,51,11,40,117,87,30
"2011","E00022750","E00022750","Total",254,100,53,47,154,126,28
"2011","E00022752","E00022752","Total",184,69,29,40,115,96,19
"2011","E00022753","E00022753","Total",165,44,15,29,121,89,32
"2011","E00022755","E00022755","Total",181,53,24,29,128,105,23
"2011","E00022757","E00022757","Total",182,50,16,34,132,105,27
"2011","E00022761","E00022761","Total",201,61,19,42,140,114,26
"2011","E00022764","E00022764","Total",166,40,18,22,126,106,20
"2011","E00022727","E00022727","Total",162,42,16,26,120,101,19
"2011","E00022730","E00022730","Total",183,60,20,40,123,107,16
"2011","E00022744","E00022744","Total",175,41,9,32,134,106,28
"2011","E00022756","E00022756","Total",205,48,16,32,157,120,37
"2011","E00022758","E00022758","Total",127,29,7,22,98,81,17
"2011","E00022724","E00022724","Total",146,33,8,25,113,100,13
"2011","E00022759","E00022759","Total",178,54,16,38,124,107,17
"2011","E00022766","E00022766","Total",151,50,17,33,101,85,16
"2011","E00022767","E00022767","Total",140,39,19,20,101,82,19
"2011","E00022734","E00022734","Total",53,8,1,7,45,34,11
"2011","E00022735","E00022735","Total",73,7,0,7,66,55,11
"2011","E00022738","E00022738","Total",147,41,11,30,106,84,22
"2011","E00022741","E00022741","Total",179,44,14,30,135,101,34
"2011","E00022742","E00022742","Total",186,53,15,38,133,104,29
"2011","E00022754","E00022754","Total",170,38,12,26,132,102,30
"2011","E00022748","E00022748","Total",167,46,16,30,121,96,25
"2011","E00022749","E00022749","Total",178,40,10,30,138,111,27
"2011","E00022751","E00022751","Total",197,42,10,32,155,118,37
"2011","E00022760","E00022760","Total",251,67,19,48,184,152,32
"2011","E00022762","E00022762","Total",267,65,13,52,202,159,43
"2011","E00022728","E00022728","Total",206,59,16,43,147,125,22
"2011","E00022729","E00022729","Total",151,27,5,22,124,98,26
"2011","E00022765","E00022765","Total",219,51,16,35,168,141,27
"2011","E00170962","E00170962","Total",157,38,12,26,119,91,28
"2011","E00170970","E00170970","Total",145,37,10,27,108,83,25
"2011","E00171088","E00171088","Total",114,23,5,18,91,73,18
"2011","E00022726","E00022726","Total",175,56,22,34,119,101,18
"2011","E00022731","E00022731","Total",146,44,13,31,102,84,18
"2011","E00022732","E00022732","Total",186,50,12,38,136,114,22
"2011","E00022733","E00022733","Total",165,51,17,34,114,98,16
"2011","E00022763","E00022763","Total",161,36,7,29,125,104,21
"2011","E00022736","E00022736","Total",129,44,12,32,85,66,19
"2011","E00022737","E00022737","Total",126,32,11,21,94,80,14
"2011","E00022739","E00022739","Total",125,29,7,22,96,76,20
"2011","E00022740","E00022740","Total",51,15,3,12,36,34,2
"2011","E00022743","E00022743","Total",127,45,13,32,82,69,13
"2011","E00022746","E00022746","Total",131,35,10,25,96,81,15
"2011","E00023418","E00023418","Total",119,12,6,6,107,44,63
"2011","E00023436","E00023436","Total",150,37,15,22,113,63,50
"2011","E00023440","E00023440","Total",106,25,5,20,81,46,35
"2011","E00023442","E00023442","Total",125,16,4,12,109,53,56
"2011","E00023443","E00023443","Total",75,22,5,17,53,37,16
"2011","E00023446","E00023446","Total",91,18,7,11,73,52,21
"2011","E00023412","E00023412","Total",138,33,14,19,105,51,54
"2011","E00023432","E00023432","Total",93,15,4,11,78,38,40
"2011","E00023433","E00023433","Total",107,21,5,16,86,45,41
"2011","E00023437","E00023437","Total",211,19,6,13,192,75,117
"2011","E00023444","E00023444","Total",110,14,5,9,96,56,40
"2011","E00023449","E00023449","Total",129,29,10,19,100,47,53
"2011","E00023881","E00023881","Total",171,29,16,13,142,79,63
"2011","E00023886","E00023886","Total",120,27,13,14,93,57,36
"2011","E00023889","E00023889","Total",140,34,10,24,106,78,28
"2011","E00023890","E00023890","Total",138,16,4,12,122,80,42
"2011","E00023893","E00023893","Total",173,24,6,18,149,86,63
"2011","E00023894","E00023894","Total",148,34,21,13,114,59,55
"2011","E00023880","E00023880","Total",112,28,10,18,84,53,31
"2011","E00023885","E00023885","Total",134,33,10,23,101,55,46
"2011","E00023888","E00023888","Total",146,23,6,17,123,71,52
"2011","E00023922","E00023922","Total",129,23,8,15,106,56,50
"2011","E00023923","E00023923","Total",91,20,7,13,71,40,31
"2011","E00023924","E00023924","Total",94,20,9,11,74,43,31
"2011","E00023925","E00023925","Total",67,14,5,9,53,34,19
"2011","E00023434","E00023434","Total",131,31,10,21,100,70,30
"2011","E00023435","E00023435","Total",150,36,16,20,114,50,64
"2011","E00023438","E00023438","Total",139,24,7,17,115,56,59
"2011","E00023441","E00023441","Total",151,26,14,12,125,63,62
"2011","E00023445","E00023445","Total",93,25,13,12,68,30,38
"2011","E00023413","E00023413","Total",175,41,15,26,134,62,72
"2011","E00023415","E00023415","Total",194,39,20,19,155,101,54
"2011","E00023429","E00023429","Total",168,44,18,26,124,87,37
"2011","E00023439","E00023439","Total",301,39,15,24,262,166,96
"2011","E00023447","E00023447","Total",166,27,12,15,139,87,52
"2011","E00023448","E00023448","Total",224,28,16,12,196,118,78
"2011","E00023419","E00023419","Total",228,38,17,21,190,109,81
"2011","E00023422","E00023422","Total",233,48,18,30,185,85,100
"2011","E00023426","E00023426","Total",196,29,13,16,167,80,87
"2011","E00023427","E00023427","Total",116,22,5,17,94,41,53
"2011","E00023430","E00023430","Total",100,20,13,7,80,44,36
"2011","E00023431","E00023431","Total",190,31,10,21,159,81,78
"2011","E00023774","E00023774","Total",105,28,12,16,77,59,18
"2011","E00023787","E00023787","Total",112,22,8,14,90,83,7
"2011","E00023790","E00023790","Total",100,34,9,25,66,54,12
"2011","E00023791","E00023791","Total",118,48,9,39,70,57,13
"2011","E00023793","E00023793","Total",138,37,13,24,101,68,33
"2011","E00023788","E00023788","Total",143,38,11,27,105,85,20
"2011","E00023789","E00023789","Total",95,28,12,16,67,56,11
"2011","E00023792","E00023792","Total",137,32,5,27,105,72,33
"2011","E00023794","E00023794","Total",78,31,7,24,47,35,12
"2011","E00023795","E00023795","Total",140,36,8,28,104,76,28
"2011","E00023796","E00023796","Total",164,21,5,16,143,82,61
"2011","E00023414","E00023414","Total",94,10,6,4,84,49,35
"2011","E00023416","E00023416","Total",219,16,7,9,203,120,83
"2011","E00023421","E00023421","Total",175,31,10,21,144,100,44
"2011","E00023423","E00023423","Total",156,24,6,18,132,76,56
"2011","E00023424","E00023424","Total",132,14,6,8,118,67,51
"2011","E00023425","E00023425","Total",76,23,11,12,53,34,19
"2011","E00023428","E00023428","Total",132,20,7,13,112,67,45
"2011","E00175242","E00175242","Total",79,12,4,8,67,35,32
"2011","E00023882","E00023882","Total",78,16,6,10,62,32,30
"2011","E00023883","E00023883","Total",86,31,13,18,55,45,10
"2011","E00023892","E00023892","Total",99,25,6,19,74,57,17
"2011","E00023899","E00023899","Total",89,28,10,18,61,42,19
"2011","E00023900","E00023900","Total",28,9,3,6,19,16,3
"2011","E00023902","E00023902","Total",82,26,7,19,56,30,26
"2011","E00023903","E00023903","Total",70,19,7,12,51,32,19
"2011","E00023887","E00023887","Total",106,21,7,14,85,51,34
"2011","E00023891","E00023891","Total",123,21,10,11,102,66,36
"2011","E00023895","E00023895","Total",111,7,3,4,104,54,50
"2011","E00023896","E00023896","Total",133,14,7,7,119,72,47
"2011","E00023897","E00023897","Total",120,25,16,9,95,60,35
"2011","E00023898","E00023898","Total",143,24,8,16,119,65,54
"2011","E00023905","E00023905","Total",141,25,10,15,116,77,39
"2011","E00023907","E00023907","Total",140,24,10,14,116,71,45
"2011","E00023910","E00023910","Total",120,23,11,12,97,57,40
"2011","E00023912","E00023912","Total",91,15,6,9,76,57,19
"2011","E00023914","E00023914","Total",146,34,7,27,112,76,36
"2011","E00023917","E00023917","Total",88,25,9,16,63,45,18
"2011","E00023918","E00023918","Total",117,33,18,15,84,56,28
"2011","E00023901","E00023901","Total",81,21,7,14,60,40,20
"2011","E00023906","E00023906","Total",91,29,3,26,62,50,12
"2011","E00023908","E00023908","Total",84,20,10,10,64,53,11
"2011","E00023909","E00023909","Total",119,29,8,21,90,50,40
"2011","E00023911","E00023911","Total",20,8,4,4,12,7,5
"2011","E00023913","E00023913","Total",228,38,13,25,190,106,84
"2011","E00023849","E00023849","Total",222,70,18,52,152,123,29
"2011","E00023856","E00023856","Total",198,46,14,32,152,111,41
"2011","E00023858","E00023858","Total",145,36,8,28,109,88,21
"2011","E00023862","E00023862","Total",187,37,10,27,150,112,38
"2011","E00023864","E00023864","Total",159,50,20,30,109,95,14
"2011","E00023852","E00023852","Total",192,56,18,38,136,108,28
"2011","E00023857","E00023857","Total",122,38,11,27,84,61,23
"2011","E00023873","E00023873","Total",180,49,12,37,131,97,34
"2011","E00023876","E00023876","Total",174,56,17,39,118,97,21
"2011","E00023879","E00023879","Total",167,47,11,36,120,96,24
"2011","E00023854","E00023854","Total",158,37,10,27,121,96,25
"2011","E00023855","E00023855","Total",156,40,11,29,116,90,26
"2011","E00023874","E00023874","Total",138,35,11,24,103,84,19
"2011","E00023875","E00023875","Total",147,40,13,27,107,87,20
"2011","E00023877","E00023877","Total",201,75,26,49,126,102,24
"2011","E00023860","E00023860","Total",110,29,8,21,81,66,15
"2011","E00023861","E00023861","Total",126,37,16,21,89,71,18
"2011","E00023863","E00023863","Total",158,45,14,31,113,84,29
"2011","E00023865","E00023865","Total",146,51,13,38,95,74,21
"2011","E00023866","E00023866","Total",109,33,14,19,76,56,20
"2011","E00023867","E00023867","Total",152,54,15,39,98,82,16
"2011","E00023851","E00023851","Total",167,58,16,42,109,91,18
"2011","E00023853","E00023853","Total",172,41,14,27,131,111,20
"2011","E00023872","E00023872","Total",127,46,11,35,81,65,16
"2011","E00023878","E00023878","Total",101,48,19,29,53,48,5
"2011","E00175260","E00175260","Total",92,35,10,25,57,46,11
"2011","E00175261","E00175261","Total",96,43,14,29,53,43,10
"2011","E00175262","E00175262","Total",57,25,9,16,32,24,8
"2011","E00023585","E00023585","Total",133,49,12,37,84,70,14
"2011","E00023586","E00023586","Total",198,53,20,33,145,113,32
"2011","E00023597","E00023597","Total",100,25,9,16,75,55,20
"2011","E00023598","E00023598","Total",138,30,8,22,108,93,15
"2011","E00023601","E00023601","Total",221,53,16,37,168,125,43
"2011","E00023599","E00023599","Total",109,21,7,14,88,59,29
"2011","E00023603","E00023603","Total",210,46,14,32,164,120,44
"2011","E00023604","E00023604","Total",145,52,13,39,93,80,13
"2011","E00023610","E00023610","Total",119,31,10,21,88,66,22
"2011","E00023612","E00023612","Total",139,41,14,27,98,76,22
"2011","E00175237","E00175237","Total",102,17,6,11,85,65,20
"2011","E00175238","E00175238","Total",191,37,13,24,154,120,34
"2011","E00023587","E00023587","Total",190,42,11,31,148,115,33
"2011","E00023588","E00023588","Total",259,47,11,36,212,182,30
"2011","E00023591","E00023591","Total",171,31,10,21,140,106,34
"2011","E00023615","E00023615","Total",152,26,7,19,126,94,32
"2011","E00023616","E00023616","Total",228,44,8,36,184,142,42
"2011","E00023589","E00023589","Total",132,34,7,27,98,77,21
"2011","E00023590","E00023590","Total",201,32,16,16,169,120,49
"2011","E00023592","E00023592","Total",203,50,15,35,153,117,36
"2011","E00023593","E00023593","Total",197,43,15,28,154,115,39
"2011","E00023595","E00023595","Total",225,42,16,26,183,132,51
"2011","E00023596","E00023596","Total",198,48,10,38,150,123,27
"2011","E00023606","E00023606","Total",240,56,15,41,184,139,45
"2011","E00023611","E00023611","Total",122,36,9,27,86,68,18
"2011","E00023613","E00023613","Total",153,45,11,34,108,84,24
"2011","E00175232","E00175232","Total",62,24,3,21,38,34,4
"2011","E00175234","E00175234","Total",114,26,7,19,88,79,9
"2011","E00175236","E00175236","Total",68,24,9,15,44,36,8
"2011","E00023859","E00023859","Total",152,27,6,21,125,94,31
"2011","E00023869","E00023869","Total",186,51,14,37,135,97,38
"2011","E00023870","E00023870","Total",261,59,20,39,202,164,38
"2011","E00023871","E00023871","Total",199,45,17,28,154,107,47
"2011","E00175233","E00175233","Total",113,35,8,27,78,63,15
"2011","E00175235","E00175235","Total",140,42,17,25,98,79,19
"2011","E00023600","E00023600","Total",176,21,7,14,155,103,52
"2011","E00023602","E00023602","Total",158,29,8,21,129,91,38
"2011","E00023605","E00023605","Total",149,35,12,23,114,69,45
"2011","E00023608","E00023608","Total",141,20,6,14,121,79,42
"2011","E00023609","E00023609","Total",144,34,10,24,110,90,20
"2011","E00023614","E00023614","Total",152,38,8,30,114,88,26
"2011","E00023777","E00023777","Total",230,23,5,18,207,132,75
"2011","E00023779","E00023779","Total",184,27,8,19,157,90,67
"2011","E00023784","E00023784","Total",144,20,7,13,124,83,41
"2011","E00023806","E00023806","Total",165,20,7,13,145,78,67
"2011","E00023807","E00023807","Total",162,20,4,16,142,80,62
"2011","E00023808","E00023808","Total",193,28,13,15,165,99,66
"2011","E00023781","E00023781","Total",182,22,6,16,160,103,57
"2011","E00023782","E00023782","Total",177,29,12,17,148,82,66
"2011","E00023785","E00023785","Total",158,21,8,13,137,81,56
"2011","E00023803","E00023803","Total",148,20,7,13,128,76,52
"2011","E00023805","E00023805","Total",149,25,11,14,124,79,45
"2011","E00023809","E00023809","Total",210,27,9,18,183,112,71
"2011","E00023810","E00023810","Total",151,14,7,7,137,67,70
"2011","E00023780","E00023780","Total",167,27,16,11,140,105,35
"2011","E00023783","E00023783","Total",167,28,7,21,139,89,50
"2011","E00023786","E00023786","Total",126,16,5,11,110,67,43
"2011","E00023797","E00023797","Total",186,46,12,34,140,111,29
"2011","E00023802","E00023802","Total",160,30,12,18,130,101,29
"2011","E00023804","E00023804","Total",138,35,8,27,103,71,32
"2011","E00024087","E00024087","Total",158,30,7,23,128,81,47
"2011","E00024088","E00024088","Total",179,28,11,17,151,105,46
"2011","E00024090","E00024090","Total",120,26,4,22,94,71,23
"2011","E00024093","E00024093","Total",197,40,8,32,157,102,55
"2011","E00024094","E00024094","Total",145,25,10,15,120,88,32
"2011","E00024095","E00024095","Total",198,43,14,29,155,109,46
"2011","E00023765","E00023765","Total",153,43,12,31,110,67,43
"2011","E00023766","E00023766","Total",180,27,11,16,153,71,82
"2011","E00175244","E00175244","Total",114,28,8,20,86,47,39
"2011","E00175246","E00175246","Total",195,18,4,14,177,106,71
"2011","E00175259","E00175259","Total",120,19,7,12,101,49,52
"2011","E00175264","E00175264","Total",166,25,6,19,141,84,57
"2011","E00023745","E00023745","Total",176,33,8,25,143,72,71
"2011","E00023746","E00023746","Total",199,23,14,9,176,94,82
"2011","E00023747","E00023747","Total",198,33,9,24,165,98,67
"2011","E00023755","E00023755","Total",185,32,12,20,153,60,93
"2011","E00023758","E00023758","Total",132,28,12,16,104,61,43
"2011","E00023759","E00023759","Total",118,19,8,11,99,51,48
"2011","E00023761","E00023761","Total",180,40,10,30,140,84,56
"2011","E00023750","E00023750","Total",164,18,4,14,146,77,69
"2011","E00023751","E00023751","Total",124,19,6,13,105,64,41
"2011","E00023767","E00023767","Total",154,26,11,15,128,82,46
"2011","E00023769","E00023769","Total",154,24,9,15,130,69,61
"2011","E00023770","E00023770","Total",83,12,6,6,71,35,36
"2011","E00023771","E00023771","Total",89,15,8,7,74,41,33
"2011","E00023773","E00023773","Total",122,21,7,14,101,60,41
"2011","E00023775","E00023775","Total",111,27,9,18,84,45,39
"2011","E00023776","E00023776","Total",123,21,3,18,102,78,24
"2011","E00023778","E00023778","Total",111,13,6,7,98,59,39
"2011","E00023798","E00023798","Total",104,26,9,17,78,56,22
"2011","E00023799","E00023799","Total",129,21,6,15,108,54,54
"2011","E00023800","E00023800","Total",158,22,8,14,136,68,68
"2011","E00023801","E00023801","Total",125,51,17,34,74,53,21
"2011","E00023744","E00023744","Total",243,28,7,21,215,127,88
"2011","E00023753","E00023753","Total",178,28,7,21,150,75,75
"2011","E00175243","E00175243","Total",113,19,10,9,94,56,38
"2011","E00175245","E00175245","Total",125,15,4,11,110,54,56
"2011","E00175247","E00175247","Total",98,19,7,12,79,47,32
"2011","E00023748","E00023748","Total",254,32,10,22,222,153,69
"2011","E00023749","E00023749","Total",285,41,19,22,244,137,107
"2011","E00023752","E00023752","Total",150,26,11,15,124,83,41
"2011","E00023768","E00023768","Total",87,10,4,6,77,42,35
"2011","E00023772","E00023772","Total",121,12,3,9,109,65,44
"2011","E00023511","E00023511","Total",109,17,6,11,92,50,42
"2011","E00023512","E00023512","Total",146,25,12,13,121,75,46
"2011","E00023513","E00023513","Total",127,19,6,13,108,78,30
"2011","E00023514","E00023514","Total",162,29,12,17,133,80,53
"2011","E00023517","E00023517","Total",198,40,16,24,158,100,58
"2011","E00023518","E00023518","Total",157,25,7,18,132,80,52
"2011","E00023519","E00023519","Total",156,29,15,14,127,76,51
"2011","E00023516","E00023516","Total",119,19,8,11,100,56,44
"2011","E00023520","E00023520","Total",155,18,8,10,137,80,57
"2011","E00023521","E00023521","Total",166,26,12,14,140,60,80
"2011","E00023522","E00023522","Total",255,45,15,30,210,120,90
"2011","E00023524","E00023524","Total",85,20,12,8,65,31,34
"2011","E00023526","E00023526","Total",157,15,5,10,142,76,66
"2011","E00023813","E00023813","Total",153,62,32,30,91,52,39
"2011","E00023815","E00023815","Total",76,14,3,11,62,32,30
"2011","E00023822","E00023822","Total",150,20,8,12,130,68,62
"2011","E00023828","E00023828","Total",197,22,9,13,175,80,95
"2011","E00023830","E00023830","Total",155,20,4,16,135,65,70
"2011","E00023836","E00023836","Total",223,25,14,11,198,97,101
"2011","E00023884","E00023884","Total",96,18,7,11,78,40,38
"2011","E00023904","E00023904","Total",123,12,5,7,111,65,46
"2011","E00023916","E00023916","Total",91,15,5,10,76,45,31
"2011","E00023919","E00023919","Total",155,28,9,19,127,66,61
"2011","E00023920","E00023920","Total",114,11,3,8,103,44,59
"2011","E00023921","E00023921","Total",158,18,5,13,140,75,65
"2011","E00175210","E00175210","Total",134,14,9,5,120,67,53
"2011","E00175211","E00175211","Total",139,23,13,10,116,70,46
"2011","E00023564","E00023564","Total",129,40,8,32,89,76,13
"2011","E00023580","E00023580","Total",76,31,9,22,45,36,9
"2011","E00023581","E00023581","Total",113,56,22,34,57,44,13
"2011","E00175221","E00175221","Total",74,38,8,30,36,31,5
"2011","E00175263","E00175263","Total",67,24,11,13,43,37,6
"2011","E00175268","E00175268","Total",84,41,13,28,43,32,11
"2011","E00175274","E00175274","Total",94,39,18,21,55,50,5
"2011","E00023754","E00023754","Total",121,38,9,29,83,75,8
"2011","E00023756","E00023756","Total",107,35,7,28,72,53,19
"2011","E00023757","E00023757","Total",47,14,4,10,33,25,8
"2011","E00023760","E00023760","Total",93,32,11,21,61,49,12
"2011","E00023762","E00023762","Total",134,44,18,26,90,65,25
"2011","E00023763","E00023763","Total",168,54,22,32,114,93,21
"2011","E00023764","E00023764","Total",210,41,14,27,169,114,55
"2011","E00175220","E00175220","Total",98,22,5,17,76,56,20
"2011","E00175265","E00175265","Total",92,29,9,20,63,54,9
"2011","E00175271","E00175271","Total",76,11,3,8,65,38,27
"2011","E00175272","E00175272","Total",103,52,21,31,51,47,4
"2011","E00023567","E00023567","Total",145,35,11,24,110,77,33
"2011","E00023573","E00023573","Total",122,30,9,21,92,69,23
"2011","E00175266","E00175266","Total",163,59,19,40,104,93,11
"2011","E00175267","E00175267","Total",132,46,6,40,86,72,14
"2011","E00023569","E00023569","Total",106,29,5,24,77,61,16
"2011","E00023571","E00023571","Total",132,54,20,34,78,61,17
"2011","E00175269","E00175269","Total",90,33,11,22,57,40,17
"2011","E00175270","E00175270","Total",88,38,10,28,50,46,4
"2011","E00175273","E00175273","Total",71,32,9,23,39,32,7
"2011","E00023570","E00023570","Total",187,43,14,29,144,90,54
"2011","E00023577","E00023577","Total",250,51,16,35,199,127,72
"2011","E00023578","E00023578","Total",157,64,24,40,93,75,18
"2011","E00023572","E00023572","Total",199,68,27,41,131,105,26
"2011","E00023575","E00023575","Total",149,50,11,39,99,68,31
"2011","E00023579","E00023579","Total",201,76,30,46,125,100,25
"2011","E00023565","E00023565","Total",182,48,10,38,134,106,28
"2011","E00023566","E00023566","Total",185,61,18,43,124,88,36
"2011","E00023574","E00023574","Total",145,51,11,40,94,82,12
"2011","E00023576","E00023576","Total",135,52,18,34,83,60,23
"2011","E00024091","E00024091","Total",99,41,14,27,58,50,8
"2011","E00024097","E00024097","Total",133,42,10,32,91,80,11
"2011","E00024099","E00024099","Total",83,30,5,25,53,46,7
"2011","E00024100","E00024100","Total",100,34,6,28,66,56,10
"2011","E00024103","E00024103","Total",105,32,16,16,73,55,18
"2011","E00024089","E00024089","Total",218,52,11,41,166,125,41
"2011","E00024092","E00024092","Total",209,63,17,46,146,114,32
"2011","E00024096","E00024096","Total",94,38,9,29,56,51,5
"2011","E00024098","E00024098","Total",173,50,17,33,123,90,33
"2011","E00175200","E00175200","Total",72,25,10,15,47,39,8
"2011","E00175275","E00175275","Total",177,15,7,8,162,139,23
"2011","E00175276","E00175276","Total",105,35,10,25,70,48,22
"2011","E00024075","E00024075","Total",148,44,19,25,104,77,27
"2011","E00024076","E00024076","Total",99,39,10,29,60,48,12
"2011","E00024104","E00024104","Total",119,44,20,24,75,54,21
"2011","E00024105","E00024105","Total",117,20,10,10,97,67,30
"2011","E00024106","E00024106","Total",74,39,10,29,35,27,8
"2011","E00024073","E00024073","Total",107,38,8,30,69,62,7
"2011","E00024079","E00024079","Total",83,31,15,16,52,42,10
"2011","E00024080","E00024080","Total",118,50,16,34,68,57,11
"2011","E00024101","E00024101","Total",139,44,20,24,95,78,17
"2011","E00024107","E00024107","Total",86,31,10,21,55,47,8
"2011","E00175201","E00175201","Total",116,24,8,16,92,65,27
"2011","E00175277","E00175277","Total",91,30,13,17,61,40,21
"2011","E00175279","E00175279","Total",117,39,10,29,78,59,19
"2011","E00024072","E00024072","Total",134,27,9,18,107,85,22
"2011","E00024074","E00024074","Total",143,42,7,35,101,69,32
"2011","E00024078","E00024078","Total",92,33,8,25,59,55,4
"2011","E00024081","E00024081","Total",106,33,13,20,73,62,11
"2011","E00023819","E00023819","Total",217,21,8,13,196,89,107
"2011","E00023820","E00023820","Total",118,10,2,8,108,56,52
"2011","E00023826","E00023826","Total",234,28,10,18,206,113,93
"2011","E00023827","E00023827","Total",154,17,6,11,137,57,80
"2011","E00023829","E00023829","Total",104,26,6,20,78,41,37
"2011","E00023837","E00023837","Total",156,9,3,6,147,68,79
"2011","E00023842","E00023842","Total",225,21,7,14,204,102,102
"2011","E00023834","E00023834","Total",213,27,7,20,186,89,97
"2011","E00023839","E00023839","Total",219,29,10,19,190,103,87
"2011","E00023840","E00023840","Total",197,27,13,14,170,77,93
"2011","E00023841","E00023841","Total",183,23,6,17,160,77,83
"2011","E00023843","E00023843","Total",140,28,4,24,112,50,62
"2011","E00023844","E00023844","Total",171,16,5,11,155,63,92
"2011","E00023845","E00023845","Total",217,26,7,19,191,109,82
"2011","E00023811","E00023811","Total",195,30,10,20,165,73,92
"2011","E00023816","E00023816","Total",112,32,18,14,80,44,36
"2011","E00023817","E00023817","Total",139,30,11,19,109,61,48
"2011","E00023821","E00023821","Total",139,27,9,18,112,53,59
"2011","E00023847","E00023847","Total",77,8,1,7,69,38,31
"2011","E00023848","E00023848","Total",146,16,5,11,130,55,75
"2011","E00023823","E00023823","Total",179,30,13,17,149,74,75
"2011","E00023825","E00023825","Total",122,19,7,12,103,62,41
"2011","E00023831","E00023831","Total",144,18,8,10,126,51,75
"2011","E00023832","E00023832","Total",142,22,15,7,120,50,70
"2011","E00023833","E00023833","Total",139,13,4,9,126,44,82
"2011","E00023835","E00023835","Total",151,24,15,9,127,59,68
"2011","E00023838","E00023838","Total",114,12,7,5,102,48,54
"2011","E00024117","E00024117","Total",146,24,9,15,122,70,52
"2011","E00024118","E00024118","Total",182,27,6,21,155,65,90
"2011","E00024135","E00024135","Total",116,32,11,21,84,57,27
"2011","E00024137","E00024137","Total",134,39,11,28,95,47,48
"2011","E00024140","E00024140","Total",204,33,11,22,171,80,91
"2011","E00175207","E00175207","Total",117,46,24,22,71,37,34
"2011","E00175218","E00175218","Total",104,17,6,11,87,50,37
"2011","E00175219","E00175219","Total",85,23,15,8,62,30,32
"2011","E00023488","E00023488","Total",229,30,13,17,199,83,116
"2011","E00023495","E00023495","Total",149,29,17,12,120,46,74
"2011","E00023503","E00023503","Total",96,10,4,6,86,37,49
"2011","E00023505","E00023505","Total",157,32,12,20,125,62,63
"2011","E00023506","E00023506","Total",147,24,8,16,123,54,69
"2011","E00023510","E00023510","Total",121,19,7,12,102,43,59
"2011","E00023500","E00023500","Total",177,27,12,15,150,91,59
"2011","E00023501","E00023501","Total",136,44,30,14,92,54,38
"2011","E00023504","E00023504","Total",66,15,6,9,51,29,22
"2011","E00023507","E00023507","Total",89,31,11,20,58,27,31
"2011","E00023508","E00023508","Total",136,18,6,12,118,51,67
"2011","E00023509","E00023509","Total",108,20,5,15,88,45,43
"2011","E00023487","E00023487","Total",88,19,6,13,69,45,24
"2011","E00023489","E00023489","Total",149,24,12,12,125,81,44
"2011","E00023490","E00023490","Total",229,43,10,33,186,115,71
"2011","E00023493","E00023493","Total",155,24,10,14,131,81,50
"2011","E00023494","E00023494","Total",230,62,20,42,168,92,76
"2011","E00023529","E00023529","Total",111,26,7,19,85,50,35
"2011","E00023486","E00023486","Total",176,16,5,11,160,78,82
"2011","E00023496","E00023496","Total",163,20,8,12,143,70,73
"2011","E00023515","E00023515","Total",105,12,4,8,93,62,31
"2011","E00023523","E00023523","Total",106,14,6,8,92,44,48
"2011","E00023525","E00023525","Total",156,22,9,13,134,76,58
"2011","E00023527","E00023527","Total",266,50,17,33,216,114,102
"2011","E00023528","E00023528","Total",139,22,14,8,117,63,54
"2011","E00023491","E00023491","Total",170,37,13,24,133,86,47
"2011","E00023492","E00023492","Total",100,15,7,8,85,47,38
"2011","E00023497","E00023497","Total",145,24,11,13,121,71,50
"2011","E00023498","E00023498","Total",145,23,8,15,122,70,52
"2011","E00023499","E00023499","Total",129,35,12,23,94,63,31
"2011","E00023502","E00023502","Total",154,26,6,20,128,65,63
"2011","E00023812","E00023812","Total",87,16,7,9,71,36,35
"2011","E00023814","E00023814","Total",240,53,26,27,187,137,50
"2011","E00023818","E00023818","Total",265,90,61,29,175,91,84
"2011","E00023824","E00023824","Total",139,21,6,15,118,77,41
"2011","E00023846","E00023846","Total",132,34,11,23,98,72,26
"2011","E00024121","E00024121","Total",456,55,23,32,401,328,73
"2011","E00024127","E00024127","Total",115,20,12,8,95,60,35
"2011","E00024128","E00024128","Total",152,17,10,7,135,89,46
"2011","E00024133","E00024133","Total",295,57,21,36,238,129,109
"2011","E00024138","E00024138","Total",164,50,17,33,114,74,40
"2011","E00175193","E00175193","Total",136,20,11,9,116,74,42
"2011","E00175194","E00175194","Total",165,21,7,14,144,84,60
"2011","E00024122","E00024122","Total",145,45,14,31,100,73,27
"2011","E00024123","E00024123","Total",100,25,9,16,75,50,25
"2011","E00024124","E00024124","Total",178,35,15,20,143,64,79
"2011","E00024125","E00024125","Total",147,17,10,7,130,67,63
"2011","E00024126","E00024126","Total",110,21,8,13,89,59,30
"2011","E00024129","E00024129","Total",208,43,17,26,165,76,89
"2011","E00024130","E00024130","Total",291,57,21,36,234,120,114
"2011","E00024112","E00024112","Total",150,24,11,13,126,59,67
"2011","E00024114","E00024114","Total",127,35,12,23,92,57,35
"2011","E00175189","E00175189","Total",79,10,2,8,69,32,37
"2011","E00175190","E00175190","Total",109,7,4,3,102,46,56
"2011","E00175191","E00175191","Total",93,16,4,12,77,49,28
"2011","E00175192","E00175192","Total",86,14,2,12,72,48,24
"2011","E00175196","E00175196","Total",106,14,5,9,92,40,52
"2011","E00024108","E00024108","Total",131,31,12,19,100,74,26
"2011","E00024110","E00024110","Total",121,24,9,15,97,55,42
"2011","E00024134","E00024134","Total",197,39,12,27,158,95,63
"2011","E00024136","E00024136","Total",120,16,4,12,104,56,48
"2011","E00175195","E00175195","Total",132,22,8,14,110,54,56
"2011","E00023468","E00023468","Total",174,14,6,8,160,82,78
"2011","E00023470","E00023470","Total",153,23,7,16,130,67,63
"2011","E00023471","E00023471","Total",148,20,9,11,128,81,47
"2011","E00023472","E00023472","Total",114,23,5,18,91,59,32
"2011","E00023475","E00023475","Total",117,27,8,19,90,39,51
"2011","E00023478","E00023478","Total",218,20,9,11,198,94,104
"2011","E00023481","E00023481","Total",135,26,12,14,109,65,44
"2011","E00023456","E00023456","Total",193,33,12,21,160,78,82
"2011","E00023465","E00023465","Total",130,17,5,12,113,55,58
"2011","E00023466","E00023466","Total",218,43,17,26,175,101,74
"2011","E00023476","E00023476","Total",282,35,16,19,247,135,112
"2011","E00023477","E00023477","Total",153,24,16,8,129,90,39
"2011","E00023479","E00023479","Total",206,29,12,17,177,72,105
"2011","E00023480","E00023480","Total",180,43,23,20,137,79,58
"2011","E00023482","E00023482","Total",92,19,6,13,73,39,34
"2011","E00023454","E00023454","Total",131,21,7,14,110,64,46
"2011","E00023458","E00023458","Total",142,16,8,8,126,73,53
"2011","E00023459","E00023459","Total",126,29,10,19,97,58,39
"2011","E00023462","E00023462","Total",123,19,9,10,104,62,42
"2011","E00023464","E00023464","Total",137,22,6,16,115,69,46
"2011","E00023483","E00023483","Total",176,34,11,23,142,98,44
"2011","E00023485","E00023485","Total",92,16,7,9,76,55,21
"2011","E00175185","E00175185","Total",129,25,9,16,104,71,33
"2011","E00175188","E00175188","Total",120,13,5,8,107,47,60
"2011","E00024077","E00024077","Total",212,39,18,21,173,102,71
"2011","E00024083","E00024083","Total",139,32,12,20,107,59,48
"2011","E00024084","E00024084","Total",195,45,15,30,150,86,64
"2011","E00024085","E00024085","Total",158,41,13,28,117,79,38
"2011","E00024086","E00024086","Total",126,46,20,26,80,67,13
"2011","E00023451","E00023451","Total",293,41,17,24,252,140,112
"2011","E00023460","E00023460","Total",140,21,6,15,119,67,52
"2011","E00023461","E00023461","Total",275,25,9,16,250,176,74
"2011","E00023450","E00023450","Total",139,33,15,18,106,73,33
"2011","E00023455","E00023455","Total",164,22,8,14,142,86,56
"2011","E00023467","E00023467","Total",192,40,18,22,152,96,56
"2011","E00023484","E00023484","Total",208,20,6,14,188,118,70
"2011","E00023623","E00023623","Total",149,22,7,15,127,74,53
"2011","E00023624","E00023624","Total",108,16,7,9,92,56,36
"2011","E00023629","E00023629","Total",108,19,7,12,89,47,42
"2011","E00023632","E00023632","Total",136,24,11,13,112,54,58
"2011","E00023634","E00023634","Total",171,31,10,21,140,73,67
"2011","E00023639","E00023639","Total",89,13,3,10,76,48,28
"2011","E00023622","E00023622","Total",195,37,6,31,158,83,75
"2011","E00023628","E00023628","Total",180,21,3,18,159,94,65
"2011","E00023631","E00023631","Total",133,25,4,21,108,44,64
"2011","E00023637","E00023637","Total",132,22,10,12,110,68,42
"2011","E00023640","E00023640","Total",160,23,8,15,137,77,60
"2011","E00023641","E00023641","Total",147,19,5,14,128,65,63
"2011","E00023644","E00023644","Total",90,31,17,14,59,35,24
"2011","E00023647","E00023647","Total",130,39,20,19,91,51,40
"2011","E00023648","E00023648","Total",126,45,14,31,81,57,24
"2011","E00023650","E00023650","Total",83,19,8,11,64,42,22
"2011","E00023651","E00023651","Total",112,30,8,22,82,44,38
"2011","E00023617","E00023617","Total",273,90,34,56,183,122,61
"2011","E00023625","E00023625","Total",128,21,15,6,107,55,52
"2011","E00023627","E00023627","Total",75,22,9,13,53,31,22
"2011","E00023652","E00023652","Total",51,10,3,7,41,23,18
"2011","E00023656","E00023656","Total",126,39,9,30,87,45,42
"2011","E00023619","E00023619","Total",197,48,19,29,149,97,52
"2011","E00175183","E00175183","Total",155,41,24,17,114,57,57
"2011","E00175184","E00175184","Total",63,13,3,10,50,27,23
"2011","E00175216","E00175216","Total",78,22,7,15,56,31,25
"2011","E00023633","E00023633","Total",145,32,13,19,113,60,53
"2011","E00023646","E00023646","Total",106,22,9,13,84,55,29
"2011","E00023649","E00023649","Total",140,28,10,18,112,75,37
"2011","E00175186","E00175186","Total",88,17,7,10,71,55,16
"2011","E00175187","E00175187","Total",144,36,15,21,108,62,46
"2011","E00175215","E00175215","Total",68,14,5,9,54,41,13
"2011","E00023621","E00023621","Total",187,31,10,21,156,86,70
"2011","E00023626","E00023626","Total",192,37,12,25,155,93,62
"2011","E00023635","E00023635","Total",204,20,5,15,184,103,81
"2011","E00023643","E00023643","Total",178,15,3,12,163,87,76
"2011","E00023653","E00023653","Total",169,15,4,11,154,88,66
"2011","E00023655","E00023655","Total",170,15,7,8,155,65,90
"2011","E00175181","E00175181","Total",149,31,6,25,118,72,46
"2011","E00175182","E00175182","Total",94,17,3,14,77,46,31
"2011","E00023618","E00023618","Total",183,25,8,17,158,90,68
"2011","E00023620","E00023620","Total",187,44,21,23,143,82,61
"2011","E00023630","E00023630","Total",177,22,9,13,155,93,62
"2011","E00023636","E00023636","Total",201,27,9,18,174,109,65
"2011","E00023638","E00023638","Total",119,26,7,19,93,64,29
"2011","E00023699","E00023699","Total",68,12,5,7,56,25,31
"2011","E00023702","E00023702","Total",117,15,6,9,102,66,36
"2011","E00023725","E00023725","Total",249,28,8,20,221,124,97
"2011","E00023728","E00023728","Total",239,37,19,18,202,104,98
"2011","E00023733","E00023733","Total",243,36,12,24,207,118,89
"2011","E00023734","E00023734","Total",202,22,6,16,180,102,78
"2011","E00023708","E00023708","Total",103,14,5,9,89,47,42
"2011","E00023711","E00023711","Total",74,17,7,10,57,42,15
"2011","E00023712","E00023712","Total",132,19,10,9,113,61,52
"2011","E00023713","E00023713","Total",134,24,6,18,110,62,48
"2011","E00023717","E00023717","Total",165,16,6,10,149,93,56
"2011","E00023718","E00023718","Total",140,18,8,10,122,68,54
"2011","E00023719","E00023719","Total",164,21,12,9,143,78,65
"2011","E00023694","E00023694","Total",195,28,15,13,167,108,59
"2011","E00023695","E00023695","Total",182,35,11,24,147,78,69
"2011","E00023696","E00023696","Total",153,23,9,14,130,75,55
"2011","E00023716","E00023716","Total",194,36,13,23,158,83,75
"2011","E00023722","E00023722","Total",74,8,4,4,66,48,18
"2011","E00023726","E00023726","Total",161,20,6,14,141,82,59
"2011","E00023729","E00023729","Total",142,24,8,16,118,63,55
"2011","E00023452","E00023452","Total",257,46,12,34,211,135,76
"2011","E00023453","E00023453","Total",128,20,9,11,108,78,30
"2011","E00023463","E00023463","Total",139,14,4,10,125,76,49
"2011","E00023469","E00023469","Total",208,30,9,21,178,125,53
"2011","E00023473","E00023473","Total",187,27,7,20,160,97,63
"2011","E00023474","E00023474","Total",122,15,10,5,107,70,37
"2011","E00023691","E00023691","Total",99,19,8,11,80,32,48
"2011","E00023704","E00023704","Total",125,16,7,9,109,60,49
"2011","E00023738","E00023738","Total",126,22,8,14,104,56,48
"2011","E00023739","E00023739","Total",168,21,8,13,147,80,67
"2011","E00023740","E00023740","Total",132,23,10,13,109,63,46
"2011","E00023741","E00023741","Total",137,16,8,8,121,57,64
"2011","E00023698","E00023698","Total",181,29,11,18,152,77,75
"2011","E00023700","E00023700","Total",141,18,6,12,123,69,54
"2011","E00023701","E00023701","Total",175,35,17,18,140,95,45
"2011","E00023703","E00023703","Total",156,19,7,12,137,80,57
"2011","E00023737","E00023737","Total",124,20,8,12,104,51,53
"2011","E00023692","E00023692","Total",122,15,6,9,107,56,51
"2011","E00023705","E00023705","Total",78,21,6,15,57,39,18
"2011","E00023706","E00023706","Total",86,33,9,24,53,39,14
"2011","E00023707","E00023707","Total",68,16,4,12,52,42,10
"2011","E00023709","E00023709","Total",82,15,7,8,67,48,19
"2011","E00023710","E00023710","Total",94,33,14,19,61,49,12
"2011","E00023715","E00023715","Total",87,21,7,14,66,55,11
"2011","E00023697","E00023697","Total",187,33,12,21,154,88,66
"2011","E00023720","E00023720","Total",189,51,16,35,138,84,54
"2011","E00023724","E00023724","Total",129,26,10,16,103,63,40
"2011","E00023730","E00023730","Total",194,31,18,13,163,121,42
"2011","E00175198","E00175198","Total",286,51,17,34,235,159,76
"2011","E00023714","E00023714","Total",166,27,7,20,139,75,64
"2011","E00023721","E00023721","Total",285,39,12,27,246,127,119
"2011","E00023723","E00023723","Total",142,15,4,11,127,62,65
"2011","E00023727","E00023727","Total",140,19,8,11,121,64,57
"2011","E00023731","E00023731","Total",182,19,7,12,163,108,55
"2011","E00023732","E00023732","Total",159,35,10,25,124,54,70
"2011","E00175197","E00175197","Total",89,12,5,7,77,40,37
"2011","E00175199","E00175199","Total",216,35,11,24,181,105,76
"2011","E00023928","E00023928","Total",205,23,10,13,182,111,71
"2011","E00023929","E00023929","Total",248,66,22,44,182,111,71
"2011","E00023931","E00023931","Total",174,29,11,18,145,74,71
"2011","E00023933","E00023933","Total",97,17,6,11,80,36,44
"2011","E00023934","E00023934","Total",176,21,5,16,155,64,91
"2011","E00023959","E00023959","Total",105,27,6,21,78,54,24
"2011","E00023960","E00023960","Total",104,29,16,13,75,55,20
"2011","E00023930","E00023930","Total",254,51,26,25,203,107,96
"2011","E00023932","E00023932","Total",165,12,3,9,153,89,64
"2011","E00023955","E00023955","Total",146,20,8,12,126,77,49
"2011","E00023956","E00023956","Total",162,38,9,29,124,86,38
"2011","E00023957","E00023957","Total",127,13,6,7,114,66,48
"2011","E00023958","E00023958","Total",121,33,4,29,88,78,10
"2011","E00023935","E00023935","Total",221,23,10,13,198,104,94
"2011","E00023936","E00023936","Total",211,44,20,24,167,88,79
"2011","E00023937","E00023937","Total",169,13,3,10,156,85,71
"2011","E00023938","E00023938","Total",399,31,13,18,368,155,213
"2011","E00023939","E00023939","Total",155,13,5,8,142,69,73
"2011","E00024109","E00024109","Total",176,24,13,11,152,90,62
"2011","E00024113","E00024113","Total",190,20,11,9,170,71,99
"2011","E00024115","E00024115","Total",173,13,3,10,160,99,61
"2011","E00024116","E00024116","Total",167,13,3,10,154,80,74
"2011","E00024119","E00024119","Total",151,15,8,7,136,79,57
"2011","E00175212","E00175212","Total",130,18,11,7,112,58,54
"2011","E00175213","E00175213","Total",97,13,6,7,84,33,51
"2011","E00175214","E00175214","Total",102,22,6,16,80,43,37
"2011","E00023658","E00023658","Total",145,29,9,20,116,67,49
"2011","E00023659","E00023659","Total",125,35,9,26,90,51,39
"2011","E00023660","E00023660","Total",92,22,6,16,70,39,31
"2011","E00023663","E00023663","Total",81,14,7,7,67,29,38
"2011","E00023664","E00023664","Total",168,31,16,15,137,46,91
"2011","E00023665","E00023665","Total",117,19,5,14,98,45,53
"2011","E00023666","E00023666","Total",166,32,12,20,134,67,67
"2011","E00023684","E00023684","Total",140,23,14,9,117,64,53
"2011","E00023685","E00023685","Total",104,18,4,14,86,38,48
"2011","E00175204","E00175204","Total",61,11,3,8,50,29,21
"2011","E00175205","E00175205","Total",84,32,22,10,52,22,30
"2011","E00175208","E00175208","Total",78,28,19,9,50,22,28
"2011","E00175250","E00175250","Total",95,23,12,11,72,40,32
"2011","E00023681","E00023681","Total",198,37,22,15,161,70,91
"2011","E00023686","E00023686","Total",106,16,6,10,90,27,63
"2011","E00175206","E00175206","Total",311,30,14,16,281,90,191
"2011","E00023661","E00023661","Total",149,25,9,16,124,63,61
"2011","E00023662","E00023662","Total",114,20,8,12,94,53,41
"2011","E00023670","E00023670","Total",126,22,6,16,104,49,55
"2011","E00023682","E00023682","Total",86,18,8,10,68,38,30
"2011","E00023688","E00023688","Total",109,21,8,13,88,49,39
"2011","E00023689","E00023689","Total",132,25,9,16,107,48,59
"2011","E00023657","E00023657","Total",132,28,12,16,104,54,50
"2011","E00023668","E00023668","Total",134,25,7,18,109,54,55
"2011","E00023669","E00023669","Total",110,14,6,8,96,38,58
"2011","E00023671","E00023671","Total",131,25,8,17,106,75,31
"2011","E00023674","E00023674","Total",102,26,12,14,76,38,38
"2011","E00023687","E00023687","Total",93,10,3,7,83,40,43
"2011","E00023690","E00023690","Total",87,11,2,9,76,35,41
"2011","E00023672","E00023672","Total",130,12,5,7,118,69,49
"2011","E00023675","E00023675","Total",132,22,10,12,110,47,63
"2011","E00023676","E00023676","Total",139,34,24,10,105,50,55
"2011","E00023678","E00023678","Total",94,16,7,9,78,39,39
"2011","E00023679","E00023679","Total",87,28,14,14,59,25,34
"2011","E00023680","E00023680","Total",86,15,5,10,71,45,26
"2011","E00023941","E00023941","Total",119,9,5,4,110,60,50
"2011","E00023942","E00023942","Total",140,26,12,14,114,65,49
"2011","E00023943","E00023943","Total",89,16,3,13,73,32,41
"2011","E00023946","E00023946","Total",295,30,9,21,265,173,92
"2011","E00023948","E00023948","Total",171,22,7,15,149,86,63
"2011","E00175226","E00175226","Total",109,14,9,5,95,36,59
"2011","E00175248","E00175248","Total",124,13,5,8,111,48,63
"2011","E00175249","E00175249","Total",143,13,7,6,130,72,58
"2011","E00023926","E00023926","Total",63,17,5,12,46,35,11
"2011","E00023944","E00023944","Total",95,27,9,18,68,55,13
"2011","E00023947","E00023947","Total",135,24,8,16,111,55,56
"2011","E00023949","E00023949","Total",117,27,11,16,90,75,15
"2011","E00023950","E00023950","Total",72,16,8,8,56,44,12
"2011","E00023951","E00023951","Total",86,25,8,17,61,50,11
"2011","E00023927","E00023927","Total",264,65,29,36,199,111,88
"2011","E00023945","E00023945","Total",202,26,12,14,176,85,91
"2011","E00023953","E00023953","Total",109,20,7,13,89,57,32
"2011","E00023954","E00023954","Total",142,25,7,18,117,65,52
"2011","E00175227","E00175227","Total",80,10,5,5,70,39,31
"2011","E00175228","E00175228","Total",149,13,3,10,136,46,90
"2011","E00175229","E00175229","Total",171,16,4,12,155,58,97
"2011","E00024004","E00024004","Total",168,25,11,14,143,86,57
"2011","E00024005","E00024005","Total",132,16,6,10,116,59,57
"2011","E00024008","E00024008","Total",100,13,4,9,87,63,24
"2011","E00024013","E00024013","Total",107,21,4,17,86,68,18
"2011","E00024014","E00024014","Total",86,14,3,11,72,51,21
"2011","E00024034","E00024034","Total",102,29,10,19,73,43,30
"2011","E00024006","E00024006","Total",198,32,6,26,166,100,66
"2011","E00024007","E00024007","Total",160,23,11,12,137,60,77
"2011","E00024031","E00024031","Total",146,36,20,16,110,57,53
"2011","E00024032","E00024032","Total",130,12,1,11,118,73,45
"2011","E00024033","E00024033","Total",113,15,9,6,98,46,52
"2011","E00023985","E00023985","Total",122,25,6,19,97,75,22
"2011","E00023986","E00023986","Total",76,14,3,11,62,46,16
"2011","E00023987","E00023987","Total",83,14,5,9,69,52,17
"2011","E00023988","E00023988","Total",96,27,6,21,69,46,23
"2011","E00023989","E00023989","Total",88,14,4,10,74,55,19
"2011","E00023990","E00023990","Total",91,23,8,15,68,45,23
"2011","E00023992","E00023992","Total",119,17,5,12,102,62,40
"2011","E00024010","E00024010","Total",95,28,9,19,67,55,12
"2011","E00024011","E00024011","Total",134,37,11,26,97,73,24
"2011","E00024016","E00024016","Total",83,28,9,19,55,48,7
"2011","E00024019","E00024019","Total",128,11,5,6,117,75,42
"2011","E00175253","E00175253","Total",132,18,10,8,114,55,59
"2011","E00175254","E00175254","Total",145,20,4,16,125,63,62
"2011","E00024024","E00024024","Total",161,34,15,19,127,70,57
"2011","E00024026","E00024026","Total",163,26,12,14,137,97,40
"2011","E00024029","E00024029","Total",155,27,8,19,128,82,46
"2011","E00024030","E00024030","Total",136,30,8,22,106,82,24
"2011","E00175251","E00175251","Total",137,23,6,17,114,79,35
"2011","E00175252","E00175252","Total",103,15,3,12,88,49,39
"2011","E00175255","E00175255","Total",126,13,3,10,113,66,47
"2011","E00175256","E00175256","Total",69,19,3,16,50,33,17
"2011","E00175257","E00175257","Total",157,28,11,17,129,62,67
"2011","E00024009","E00024009","Total",68,16,5,11,52,28,24
"2011","E00024012","E00024012","Total",129,33,12,21,96,70,26
"2011","E00024017","E00024017","Total",93,29,11,18,64,46,18
"2011","E00024018","E00024018","Total",114,18,5,13,96,67,29
"2011","E00024020","E00024020","Total",117,33,11,22,84,65,19
"2011","E00024021","E00024021","Total",139,27,6,21,112,72,40
"2011","E00024001","E00024001","Total",237,37,13,24,200,113,87
"2011","E00024002","E00024002","Total",293,44,14,30,249,177,72
"2011","E00024022","E00024022","Total",187,28,12,16,159,92,67
"2011","E00024023","E00024023","Total",174,33,12,21,141,96,45
"2011","E00024025","E00024025","Total",224,37,15,22,187,126,61
"2011","E00024028","E00024028","Total",122,21,5,16,101,74,27
"2011","E00023967","E00023967","Total",145,23,6,17,122,68,54
"2011","E00023968","E00023968","Total",108,9,6,3,99,57,42
"2011","E00023969","E00023969","Total",110,8,3,5,102,51,51
"2011","E00023991","E00023991","Total",122,8,3,5,114,63,51
"2011","E00023996","E00023996","Total",154,14,7,7,140,78,62
"2011","E00023997","E00023997","Total",140,16,8,8,124,78,46
"2011","E00023998","E00023998","Total",89,5,3,2,84,47,37
"2011","E00175222","E00175222","Total",93,21,11,10,72,61,11
"2011","E00024052","E00024052","Total",194,23,13,10,171,95,76
"2011","E00024055","E00024055","Total",148,17,5,12,131,61,70
"2011","E00024057","E00024057","Total",154,17,11,6,137,77,60
"2011","E00024058","E00024058","Total",180,22,9,13,158,97,61
"2011","E00024059","E00024059","Total",103,13,7,6,90,43,47
"2011","E00024060","E00024060","Total",152,28,9,19,124,67,57
"2011","E00175180","E00175180","Total",103,29,15,14,74,49,25
"2011","E00175239","E00175239","Total",130,15,9,6,115,78,37
"2011","E00175240","E00175240","Total",151,25,6,19,126,71,55
"2011","E00175241","E00175241","Total",115,9,3,6,106,62,44
"2011","E00024053","E00024053","Total",147,23,8,15,124,63,61
"2011","E00024056","E00024056","Total",162,21,8,13,141,70,71
"2011","E00024063","E00024063","Total",177,19,8,11,158,86,72
"2011","E00024065","E00024065","Total",177,25,13,12,152,92,60
"2011","E00024067","E00024067","Total",168,30,14,16,138,83,55
"2011","E00024068","E00024068","Total",176,20,7,13,156,90,66
"2011","E00024071","E00024071","Total",141,17,6,11,124,76,48
"2011","E00024036","E00024036","Total",94,24,4,20,70,63,7
"2011","E00024037","E00024037","Total",128,17,9,8,111,61,50
"2011","E00024039","E00024039","Total",136,16,6,10,120,94,26
"2011","E00024045","E00024045","Total",134,20,7,13,114,60,54
"2011","E00024062","E00024062","Total",146,25,10,15,121,83,38
"2011","E00024064","E00024064","Total",117,18,6,12,99,62,37
"2011","E00024066","E00024066","Total",109,11,4,7,98,63,35
"2011","E00024069","E00024069","Total",68,17,3,14,51,41,10
"2011","E00024038","E00024038","Total",142,12,6,6,130,77,53
"2011","E00024040","E00024040","Total",124,22,8,14,102,65,37
"2011","E00024041","E00024041","Total",135,33,10,23,102,72,30
"2011","E00024042","E00024042","Total",146,36,7,29,110,69,41
"2011","E00024043","E00024043","Total",176,18,6,12,158,104,54
"2011","E00024044","E00024044","Total",147,18,8,10,129,86,43
"2011","E00024046","E00024046","Total",185,27,8,19,158,100,58
"2011","E00024047","E00024047","Total",125,25,10,15,100,69,31
"2011","E00023532","E00023532","Total",121,43,15,28,78,70,8
"2011","E00023557","E00023557","Total",82,15,3,12,67,35,32
"2011","E00023558","E00023558","Total",105,24,7,17,81,59,22
"2011","E00023560","E00023560","Total",131,30,15,15,101,47,54
"2011","E00023561","E00023561","Total",112,22,10,12,90,74,16
"2011","E00023530","E00023530","Total",138,29,14,15,109,87,22
"2011","E00023531","E00023531","Total",117,39,13,26,78,61,17
"2011","E00023533","E00023533","Total",120,28,11,17,92,68,24
"2011","E00023534","E00023534","Total",146,28,6,22,118,72,46
"2011","E00023559","E00023559","Total",120,23,7,16,97,52,45
"2011","E00023562","E00023562","Total",86,24,9,15,62,50,12
"2011","E00023537","E00023537","Total",154,28,9,19,126,68,58
"2011","E00023545","E00023545","Total",155,21,8,13,134,71,63
"2011","E00023547","E00023547","Total",105,30,14,16,75,67,8
"2011","E00023548","E00023548","Total",137,41,13,28,96,80,16
"2011","E00023550","E00023550","Total",120,40,13,27,80,61,19
"2011","E00024048","E00024048","Total",186,25,11,14,161,85,76
"2011","E00024050","E00024050","Total",126,11,5,6,115,71,44
"2011","E00024051","E00024051","Total",97,15,4,11,82,51,31
"2011","E00024054","E00024054","Total",143,25,7,18,118,59,59
"2011","E00024061","E00024061","Total",95,24,4,20,71,44,27
"2011","E00024070","E00024070","Total",92,23,8,15,69,57,12
"2011","E00175209","E00175209","Total",79,7,4,3,72,38,34
"2011","E00175278","E00175278","Total",90,22,12,10,68,49,19
"2011","E00023541","E00023541","Total",116,26,6,20,90,76,14
"2011","E00023546","E00023546","Total",139,31,16,15,108,81,27
"2011","E00175217","E00175217","Total",181,19,7,12,162,65,97
"2011","E00175231","E00175231","Total",106,31,8,23,75,64,11
"2011","E00023535","E00023535","Total",84,26,10,16,58,45,13
"2011","E00023536","E00023536","Total",115,31,10,21,84,63,21
"2011","E00023539","E00023539","Total",141,45,19,26,96,84,12
"2011","E00175223","E00175223","Total",63,17,5,12,46,29,17
"2011","E00175230","E00175230","Total",185,38,9,29,147,114,33
"2011","E00023543","E00023543","Total",111,35,13,22,76,64,12
"2011","E00023549","E00023549","Total",85,34,14,20,51,43,8
"2011","E00023551","E00023551","Total",102,39,12,27,63,48,15
"2011","E00023554","E00023554","Total",102,33,10,23,69,58,11
"2011","E00023556","E00023556","Total",88,28,5,23,60,46,14
"2011","E00023538","E00023538","Total",105,27,5,22,78,55,23
"2011","E00023540","E00023540","Total",179,45,13,32,134,103,31
"2011","E00023542","E00023542","Total",100,14,4,10,86,61,25
"2011","E00023544","E00023544","Total",92,37,11,26,55,44,11
"2011","E00023552","E00023552","Total",102,15,9,6,87,70,17
"2011","E00023555","E00023555","Total",113,29,8,21,84,73,11
"2011","E00023972","E00023972","Total",141,22,14,8,119,65,54
"2011","E00023973","E00023973","Total",112,11,6,5,101,45,56
"2011","E00023974","E00023974","Total",101,33,7,26,68,53,15
"2011","E00023976","E00023976","Total",56,7,3,4,49,26,23
"2011","E00023978","E00023978","Total",63,14,7,7,49,45,4
"2011","E00023980","E00023980","Total",61,13,3,10,48,42,6
"2011","E00023982","E00023982","Total",100,34,13,21,66,57,9
"2011","E00023964","E00023964","Total",207,30,7,23,177,109,68
"2011","E00023965","E00023965","Total",137,26,8,18,111,69,42
"2011","E00023975","E00023975","Total",173,32,12,20,141,76,65
"2011","E00023977","E00023977","Total",96,16,5,11,80,52,28
"2011","E00023979","E00023979","Total",105,26,8,18,79,45,34
"2011","E00023981","E00023981","Total",126,15,4,11,111,67,44
"2011","E00175202","E00175202","Total",240,31,13,18,209,128,81
"2011","E00175203","E00175203","Total",223,27,4,23,196,110,86
"2011","E00175224","E00175224","Total",159,16,5,11,143,75,68
"2011","E00175225","E00175225","Total",102,8,4,4,94,52,42
"2011","E00175258","E00175258","Total",171,22,8,14,149,93,56
"2011","E00023963","E00023963","Total",107,15,3,12,92,55,37
"2011","E00023966","E00023966","Total",117,18,6,12,99,81,18
"2011","E00023971","E00023971","Total",43,10,3,7,33,23,10
"2011","E00023993","E00023993","Total",155,32,7,25,123,79,44
"2011","E00023994","E00023994","Total",92,18,3,15,74,65,9
"2011","E00023995","E00023995","Total",52,14,3,11,38,27,11
"2011","E00023999","E00023999","Total",158,19,5,14,139,69,70
"2011","E00000138","E00000138","Total",115,29,7,22,86,75,11
"2011","E00000156","E00000156","Total",134,35,12,23,99,77,22
"2011","E00000157","E00000157","Total",112,26,7,19,86,75,11
"2011","E00000158","E00000158","Total",127,41,11,30,86,79,7
"2011","E00000160","E00000160","Total",146,50,9,41,96,87,9
"2011","E00000137","E00000137","Total",141,38,14,24,103,92,11
"2011","E00000161","E00000161","Total",104,29,5,24,75,59,16
"2011","E00000162","E00000162","Total",90,27,4,23,63,59,4
"2011","E00000164","E00000164","Total",129,44,15,29,85,80,5
"2011","E00000166","E00000166","Total",71,14,4,10,57,50,7
"2011","E00000140","E00000140","Total",158,39,16,23,119,101,18
"2011","E00000143","E00000143","Total",131,43,13,30,88,83,5
"2011","E00000144","E00000144","Total",120,38,14,24,82,75,7
"2011","E00000145","E00000145","Total",67,23,4,19,44,36,8
"2011","E00000147","E00000147","Total",127,38,16,22,89,79,10
"2011","E00000148","E00000148","Total",33,9,3,6,24,19,5
"2011","E00000139","E00000139","Total",115,32,8,24,83,76,7
"2011","E00000141","E00000141","Total",102,31,5,26,71,61,10
"2011","E00000142","E00000142","Total",110,35,7,28,75,66,9
"2011","E00000159","E00000159","Total",114,33,6,27,81,73,8
"2011","E00000163","E00000163","Total",95,28,5,23,67,63,4
"2011","E00000165","E00000165","Total",129,46,10,36,83,74,9
"2011","E00000136","E00000136","Total",153,32,9,23,121,111,10
"2011","E00000146","E00000146","Total",129,33,14,19,96,80,16
"2011","E00000149","E00000149","Total",130,30,9,21,100,86,14
"2011","E00000151","E00000151","Total",194,46,18,28,148,123,25
"2011","E00000152","E00000152","Total",122,29,9,20,93,82,11
"2011","E00000135","E00000135","Total",115,39,7,32,76,60,16
"2011","E00000150","E00000150","Total",175,44,16,28,131,113,18
"2011","E00000153","E00000153","Total",138,39,15,24,99,80,19
"2011","E00000154","E00000154","Total",150,47,14,33,103,88,15
"2011","E00000155","E00000155","Total",140,37,10,27,103,85,18
"2011","E00000560","E00000560","Total",178,49,9,40,129,108,21
"2011","E00000561","E00000561","Total",167,44,15,29,123,102,21
"2011","E00000562","E00000562","Total",186,51,13,38,135,113,22
"2011","E00000564","E00000564","Total",140,36,17,19,104,88,16
"2011","E00000545","E00000545","Total",131,42,12,30,89,75,14
"2011","E00000548","E00000548","Total",133,38,12,26,95,85,10
"2011","E00000551","E00000551","Total",118,41,15,26,77,69,8
"2011","E00000563","E00000563","Total",92,27,9,18,65,55,10
"2011","E00000565","E00000565","Total",131,30,8,22,101,83,18
"2011","E00000567","E00000567","Total",152,48,11,37,104,88,16
"2011","E00000549","E00000549","Total",142,31,10,21,111,99,12
"2011","E00000566","E00000566","Total",202,61,19,42,141,108,33
"2011","E00000569","E00000569","Total",165,44,14,30,121,100,21
"2011","E00000570","E00000570","Total",135,31,10,21,104,87,17
"2011","E00000573","E00000573","Total",232,59,22,37,173,156,17
"2011","E00000568","E00000568","Total",117,38,16,22,79,68,11
"2011","E00000571","E00000571","Total",194,50,22,28,144,118,26
"2011","E00000572","E00000572","Total",154,34,9,25,120,105,15
"2011","E00000574","E00000574","Total",147,43,13,30,104,91,13
"2011","E00000575","E00000575","Total",158,44,15,29,114,100,14
"2011","E00000170","E00000170","Total",151,35,13,22,116,100,16
"2011","E00000171","E00000171","Total",111,29,11,18,82,70,12
"2011","E00000187","E00000187","Total",125,33,3,30,92,81,11
"2011","E00000195","E00000195","Total",172,45,22,23,127,108,19
"2011","E00000181","E00000181","Total",214,63,19,44,151,134,17
"2011","E00000184","E00000184","Total",204,59,22,37,145,118,27
"2011","E00000185","E00000185","Total",159,44,16,28,115,102,13
"2011","E00000189","E00000189","Total",147,35,11,24,112,95,17
"2011","E00000191","E00000191","Total",166,23,10,13,143,124,19
"2011","E00000182","E00000182","Total",143,39,11,28,104,85,19
"2011","E00000183","E00000183","Total",126,44,21,23,82,74,8
"2011","E00000186","E00000186","Total",154,42,17,25,112,94,18
"2011","E00000188","E00000188","Total",117,24,10,14,93,77,16
"2011","E00000190","E00000190","Total",110,34,12,22,76,73,3
"2011","E00000192","E00000192","Total",168,34,10,24,134,121,13
"2011","E00000193","E00000193","Total",163,39,6,33,124,104,20
"2011","E00000194","E00000194","Total",147,39,17,22,108,86,22
"2011","E00000196","E00000196","Total",133,24,6,18,109,94,15
"2011","E00000197","E00000197","Total",137,40,15,25,97,82,15
"2011","E00000298","E00000298","Total",142,38,6,32,104,94,10
"2011","E00000302","E00000302","Total",126,28,5,23,98,80,18
"2011","E00000303","E00000303","Total",156,46,11,35,110,100,10
"2011","E00000306","E00000306","Total",128,38,15,23,90,74,16
"2011","E00000315","E00000315","Total",109,35,9,26,74,63,11
"2011","E00000493","E00000493","Total",137,37,16,21,100,93,7
"2011","E00000495","E00000495","Total",114,35,13,22,79,62,17
"2011","E00000497","E00000497","Total",124,36,12,24,88,83,5
"2011","E00000500","E00000500","Total",119,26,10,16,93,81,12
"2011","E00000506","E00000506","Total",146,44,15,29,102,92,10
"2011","E00000494","E00000494","Total",176,63,25,38,113,92,21
"2011","E00000496","E00000496","Total",137,43,18,25,94,76,18
"2011","E00000498","E00000498","Total",117,27,9,18,90,78,12
"2011","E00000501","E00000501","Total",90,27,5,22,63,52,11
"2011","E00000503","E00000503","Total",126,23,9,14,103,91,12
"2011","E00000546","E00000546","Total",113,28,9,19,85,71,14
"2011","E00000554","E00000554","Total",161,45,17,28,116,90,26
"2011","E00000555","E00000555","Total",185,61,19,42,124,106,18
"2011","E00000556","E00000556","Total",130,42,16,26,88,80,8
"2011","E00000559","E00000559","Total",151,47,19,28,104,88,16
"2011","E00000547","E00000547","Total",168,52,20,32,116,103,13
"2011","E00000550","E00000550","Total",167,40,17,23,127,110,17
"2011","E00000552","E00000552","Total",163,43,15,28,120,109,11
"2011","E00000553","E00000553","Total",166,47,16,31,119,100,19
"2011","E00000557","E00000557","Total",116,34,10,24,82,68,14
"2011","E00000558","E00000558","Total",115,24,10,14,91,75,16
"2011","E00000168","E00000168","Total",175,57,17,40,118,99,19
"2011","E00000169","E00000169","Total",97,33,8,25,64,53,11
"2011","E00000172","E00000172","Total",173,49,17,32,124,108,16
"2011","E00000198","E00000198","Total",67,20,7,13,47,37,10
"2011","E00000299","E00000299","Total",113,35,12,23,78,64,14
"2011","E00000300","E00000300","Total",110,35,11,24,75,67,8
"2011","E00000301","E00000301","Total",112,32,9,23,80,71,9
"2011","E00000304","E00000304","Total",79,15,7,8,64,55,9
"2011","E00000308","E00000308","Total",191,51,18,33,140,127,13
"2011","E00000309","E00000309","Total",80,34,10,24,46,41,5
"2011","E00000305","E00000305","Total",191,48,15,33,143,117,26
"2011","E00000327","E00000327","Total",116,42,17,25,74,65,9
"2011","E00000328","E00000328","Total",127,38,8,30,89,78,11
"2011","E00000329","E00000329","Total",76,20,4,16,56,53,3
"2011","E00000330","E00000330","Total",81,27,7,20,54,48,6
"2011","E00000312","E00000312","Total",110,24,13,11,86,76,10
"2011","E00000313","E00000313","Total",187,49,19,30,138,127,11
"2011","E00000317","E00000317","Total",72,22,6,16,50,44,6
"2011","E00000319","E00000319","Total",106,28,12,16,78,61,17
"2011","E00000320","E00000320","Total",166,46,13,33,120,107,13
"2011","E00000322","E00000322","Total",129,37,10,27,92,83,9
"2011","E00000307","E00000307","Total",158,47,14,33,111,87,24
"2011","E00000310","E00000310","Total",114,33,12,21,81,69,12
"2011","E00000311","E00000311","Total",188,54,18,36,134,118,16
"2011","E00000314","E00000314","Total",146,43,11,32,103,95,8
"2011","E00000326","E00000326","Total",148,44,11,33,104,92,12
"2011","E00000316","E00000316","Total",141,45,15,30,96,79,17
"2011","E00000318","E00000318","Total",96,22,6,16,74,67,7
"2011","E00000321","E00000321","Total",109,36,9,27,73,62,11
"2011","E00000323","E00000323","Total",83,23,9,14,60,50,10
"2011","E00000324","E00000324","Total",97,23,6,17,74,62,12
"2011","E00000325","E00000325","Total",135,47,19,28,88,75,13
"2011","E00000390","E00000390","Total",143,33,10,23,110,96,14
"2011","E00000391","E00000391","Total",102,20,4,16,82,72,10
"2011","E00000392","E00000392","Total",113,43,9,34,70,56,14
"2011","E00000397","E00000397","Total",127,36,8,28,91,88,3
"2011","E00000402","E00000402","Total",126,41,12,29,85,78,7
"2011","E00000401","E00000401","Total",117,29,9,20,88,76,12
"2011","E00000405","E00000405","Total",120,41,10,31,79,71,8
"2011","E00000407","E00000407","Total",140,49,13,36,91,81,10
"2011","E00000408","E00000408","Total",128,37,8,29,91,71,20
"2011","E00000411","E00000411","Total",107,34,7,27,73,65,8
"2011","E00000398","E00000398","Total",138,31,11,20,107,86,21
"2011","E00000399","E00000399","Total",123,39,8,31,84,77,7
"2011","E00000400","E00000400","Total",162,46,19,27,116,95,21
"2011","E00000403","E00000403","Total",162,44,12,32,118,104,14
"2011","E00000404","E00000404","Total",116,25,8,17,91,82,9
"2011","E00000393","E00000393","Total",152,44,14,30,108,93,15
"2011","E00000396","E00000396","Total",118,32,7,25,86,76,10
"2011","E00000414","E00000414","Total",108,33,11,22,75,66,9
"2011","E00000415","E00000415","Total",113,33,14,19,80,71,9
"2011","E00000416","E00000416","Total",179,48,11,37,131,111,20
"2011","E00000394","E00000394","Total",129,41,13,28,88,77,11
"2011","E00000395","E00000395","Total",141,42,15,27,99,92,7
"2011","E00000417","E00000417","Total",112,32,14,18,80,67,13
"2011","E00000418","E00000418","Total",141,48,8,40,93,79,14
"2011","E00000419","E00000419","Total",148,37,11,26,111,95,16
"2011","E00000502","E00000502","Total",112,30,10,20,82,74,8
"2011","E00000505","E00000505","Total",138,36,15,21,102,91,11
"2011","E00000507","E00000507","Total",148,31,8,23,117,99,18
"2011","E00000508","E00000508","Total",123,37,9,28,86,75,11
"2011","E00000509","E00000509","Total",95,21,5,16,74,65,9
"2011","E00000112","E00000112","Total",122,27,4,23,95,82,13
"2011","E00000117","E00000117","Total",84,30,9,21,54,48,6
"2011","E00000118","E00000118","Total",140,30,8,22,110,96,14
"2011","E00000119","E00000119","Total",112,37,8,29,75,71,4
"2011","E00000121","E00000121","Total",156,50,24,26,106,101,5
"2011","E00000116","E00000116","Total",138,51,19,32,87,79,8
"2011","E00000120","E00000120","Total",135,37,9,28,98,85,13
"2011","E00000122","E00000122","Total",138,46,15,31,92,75,17
"2011","E00000124","E00000124","Total",121,31,17,14,90,76,14
"2011","E00000125","E00000125","Total",150,56,23,33,94,77,17
"2011","E00000126","E00000126","Total",148,30,10,20,118,100,18
"2011","E00000127","E00000127","Total",223,44,11,33,179,142,37
"2011","E00000101","E00000101","Total",131,37,14,23,94,81,13
"2011","E00000102","E00000102","Total",141,40,12,28,101,90,11
"2011","E00000128","E00000128","Total",115,50,18,32,65,59,6
"2011","E00000130","E00000130","Total",147,35,7,28,112,97,15
"2011","E00000129","E00000129","Total",141,33,10,23,108,94,14
"2011","E00000131","E00000131","Total",114,38,15,23,76,62,14
"2011","E00000132","E00000132","Total",144,45,9,36,99,81,18
"2011","E00000133","E00000133","Total",136,46,14,32,90,68,22
"2011","E00000134","E00000134","Total",143,34,10,24,109,95,14
"2011","E00000364","E00000364","Total",113,40,14,26,73,63,10
"2011","E00000365","E00000365","Total",102,26,7,19,76,64,12
"2011","E00000366","E00000366","Total",117,33,10,23,84,77,7
"2011","E00000367","E00000367","Total",155,50,17,33,105,96,9
"2011","E00000369","E00000369","Total",121,27,10,17,94,83,11
"2011","E00000071","E00000071","Total",117,36,9,27,81,68,13
"2011","E00000080","E00000080","Total",247,61,24,37,186,157,29
"2011","E00000084","E00000084","Total",112,42,10,32,70,62,8
"2011","E00000091","E00000091","Total",191,63,18,45,128,118,10
"2011","E00000095","E00000095","Total",218,59,15,44,159,139,20
"2011","E00000070","E00000070","Total",152,41,11,30,111,97,14
"2011","E00000074","E00000074","Total",111,27,9,18,84,71,13
"2011","E00000076","E00000076","Total",127,50,16,34,77,71,6
"2011","E00000081","E00000081","Total",138,46,16,30,92,84,8
"2011","E00000100","E00000100","Total",150,47,10,37,103,89,14
"2011","E00000072","E00000072","Total",124,28,8,20,96,84,12
"2011","E00000073","E00000073","Total",110,29,9,20,81,69,12
"2011","E00000075","E00000075","Total",149,48,14,34,101,88,13
"2011","E00000077","E00000077","Total",126,34,8,26,92,83,9
"2011","E00000078","E00000078","Total",133,32,5,27,101,90,11
"2011","E00000079","E00000079","Total",135,38,6,32,97,86,11
"2011","E00000082","E00000082","Total",142,41,12,29,101,94,7
"2011","E00000083","E00000083","Total",131,43,14,29,88,78,10
"2011","E00000088","E00000088","Total",109,33,10,23,76,65,11
"2011","E00000089","E00000089","Total",127,40,13,27,87,76,11
"2011","E00000406","E00000406","Total",138,52,16,36,86,67,19
"2011","E00000409","E00000409","Total",117,28,8,20,89,72,17
"2011","E00000410","E00000410","Total",121,28,11,17,93,82,11
"2011","E00000412","E00000412","Total",94,31,7,24,63,54,9
"2011","E00000413","E00000413","Total",105,33,10,23,72,59,13
"2011","E00000167","E00000167","Total",129,42,12,30,87,74,13
"2011","E00000173","E00000173","Total",178,57,18,39,121,108,13
"2011","E00000175","E00000175","Total",151,38,17,21,113,89,24
"2011","E00000176","E00000176","Total",156,48,16,32,108,94,14
"2011","E00000177","E00000177","Total",70,14,5,9,56,51,5
"2011","E00000174","E00000174","Total",176,44,14,30,132,118,14
"2011","E00000178","E00000178","Total",191,44,12,32,147,127,20
"2011","E00000179","E00000179","Total",147,42,13,29,105,94,11
"2011","E00000180","E00000180","Total",129,34,15,19,95,78,17
"2011","E00000513","E00000513","Total",174,49,10,39,125,110,15
"2011","E00000514","E00000514","Total",108,32,9,23,76,68,8
"2011","E00000519","E00000519","Total",139,39,10,29,100,88,12
"2011","E00000527","E00000527","Total",144,52,23,29,92,81,11
"2011","E00000538","E00000538","Total",128,36,13,23,92,77,15
"2011","E00000539","E00000539","Total",142,43,10,33,99,82,17
"2011","E00000540","E00000540","Total",154,38,14,24,116,105,11
"2011","E00000541","E00000541","Total",125,26,6,20,99,86,13
"2011","E00000543","E00000543","Total",158,45,16,29,113,106,7
"2011","E00000544","E00000544","Total",167,46,11,35,121,107,14
"2011","E00000331","E00000331","Total",138,37,11,26,101,96,5
"2011","E00000341","E00000341","Total",181,53,15,38,128,113,15
"2011","E00000354","E00000354","Total",124,31,8,23,93,78,15
"2011","E00000356","E00000356","Total",170,57,17,40,113,95,18
"2011","E00000357","E00000357","Total",189,48,20,28,141,124,17
"2011","E00000332","E00000332","Total",224,71,18,53,153,138,15
"2011","E00000333","E00000333","Total",181,64,22,42,117,101,16
"2011","E00000335","E00000335","Total",153,54,17,37,99,86,13
"2011","E00000355","E00000355","Total",169,51,18,33,118,99,19
"2011","E00000358","E00000358","Total",97,24,9,15,73,63,10
"2011","E00000334","E00000334","Total",202,62,21,41,140,119,21
"2011","E00000336","E00000336","Total",202,56,21,35,146,126,20
"2011","E00000339","E00000339","Total",179,45,16,29,134,109,25
"2011","E00000343","E00000343","Total",215,76,23,53,139,120,19
"2011","E00000337","E00000337","Total",138,30,12,18,108,91,17
"2011","E00000338","E00000338","Total",170,44,14,30,126,115,11
"2011","E00000340","E00000340","Total",172,54,15,39,118,103,15
"2011","E00000342","E00000342","Total",170,53,25,28,117,95,22
"2011","E00000345","E00000345","Total",193,49,16,33,144,126,18
"2011","E00000347","E00000347","Total",173,49,11,38,124,106,18
"2011","E00000348","E00000348","Total",217,61,18,43,156,132,24
"2011","E00000349","E00000349","Total",180,55,17,38,125,109,16
"2011","E00000351","E00000351","Total",211,58,20,38,153,128,25
"2011","E00000352","E00000352","Total",192,54,16,38,138,114,24
"2011","E00000274","E00000274","Total",124,32,12,20,92,79,13
"2011","E00000287","E00000287","Total",151,37,5,32,114,93,21
"2011","E00000288","E00000288","Total",187,47,12,35,140,116,24
"2011","E00000290","E00000290","Total",133,40,10,30,93,84,9
"2011","E00000368","E00000368","Total",109,31,14,17,78,74,4
"2011","E00000370","E00000370","Total",131,35,7,28,96,82,14
"2011","E00000374","E00000374","Total",146,51,13,38,95,81,14
"2011","E00000382","E00000382","Total",141,42,7,35,99,90,9
"2011","E00000384","E00000384","Total",125,37,10,27,88,79,9
"2011","E00000371","E00000371","Total",120,30,8,22,90,71,19
"2011","E00000372","E00000372","Total",125,40,9,31,85,71,14
"2011","E00000375","E00000375","Total",130,41,12,29,89,73,16
"2011","E00000377","E00000377","Total",112,32,3,29,80,66,14
"2011","E00000380","E00000380","Total",154,51,16,35,103,88,15
"2011","E00000362","E00000362","Total",108,25,3,22,83,73,10
"2011","E00000376","E00000376","Total",122,41,13,28,81,70,11
"2011","E00000379","E00000379","Total",131,36,10,26,95,86,9
"2011","E00000386","E00000386","Total",168,45,17,28,123,108,15
"2011","E00000387","E00000387","Total",149,47,13,34,102,84,18
"2011","E00000360","E00000360","Total",117,30,11,19,87,78,9
"2011","E00000361","E00000361","Total",140,37,9,28,103,91,12
"2011","E00000363","E00000363","Total",102,24,10,14,78,68,10
"2011","E00000383","E00000383","Total",110,41,12,29,69,61,8
"2011","E00000388","E00000388","Total",122,33,14,19,89,78,11
"2011","E00000389","E00000389","Total",149,40,17,23,109,85,24
"2011","E00000090","E00000090","Total",119,38,13,25,81,62,19
"2011","E00000093","E00000093","Total",146,35,8,27,111,93,18
"2011","E00000094","E00000094","Total",151,53,19,34,98,87,11
"2011","E00000096","E00000096","Total",115,42,10,32,73,66,7
"2011","E00000097","E00000097","Total",138,42,17,25,96,84,12
"2011","E00000085","E00000085","Total",129,39,14,25,90,81,9
"2011","E00000086","E00000086","Total",131,31,10,21,100,89,11
"2011","E00000087","E00000087","Total",96,33,12,21,63,51,12
"2011","E00000092","E00000092","Total",153,40,12,28,113,96,17
"2011","E00000098","E00000098","Total",128,28,8,20,100,87,13
"2011","E00000099","E00000099","Total",59,16,6,10,43,37,6
"2011","E00000266","E00000266","Total",143,48,16,32,95,83,12
"2011","E00000268","E00000268","Total",130,32,11,21,98,90,8
"2011","E00000285","E00000285","Total",131,35,11,24,96,86,10
"2011","E00000289","E00000289","Total",116,25,9,16,91,73,18
"2011","E00000293","E00000293","Total",101,29,3,26,72,68,4
"2011","E00000439","E00000439","Total",117,36,10,26,81,59,22
"2011","E00000440","E00000440","Total",158,58,23,35,100,83,17
"2011","E00000441","E00000441","Total",146,49,18,31,97,84,13
"2011","E00000446","E00000446","Total",140,42,13,29,98,90,8
"2011","E00000442","E00000442","Total",122,40,10,30,82,70,12
"2011","E00000443","E00000443","Total",118,34,6,28,84,70,14
"2011","E00000445","E00000445","Total",152,42,12,30,110,95,15
"2011","E00000447","E00000447","Total",81,26,7,19,55,46,9
"2011","E00000449","E00000449","Total",157,51,13,38,106,92,14
"2011","E00000422","E00000422","Total",174,44,15,29,130,113,17
"2011","E00000423","E00000423","Total",152,48,25,23,104,91,13
"2011","E00000444","E00000444","Total",147,34,8,26,113,102,11
"2011","E00000448","E00000448","Total",129,32,5,27,97,81,16
"2011","E00000532","E00000532","Total",161,54,17,37,107,91,16
"2011","E00000534","E00000534","Total",105,37,10,27,68,61,7
"2011","E00000535","E00000535","Total",99,34,16,18,65,52,13
"2011","E00000536","E00000536","Total",120,31,9,22,89,82,7
"2011","E00000537","E00000537","Total",185,45,10,35,140,127,13
"2011","E00000518","E00000518","Total",113,29,9,20,84,74,10
"2011","E00000522","E00000522","Total",117,38,14,24,79,67,12
"2011","E00000523","E00000523","Total",148,39,10,29,109,98,11
"2011","E00000524","E00000524","Total",91,26,12,14,65,58,7
"2011","E00000530","E00000530","Total",91,23,9,14,68,55,13
"2011","E00000531","E00000531","Total",118,32,9,23,86,76,10
"2011","E00000511","E00000511","Total",115,33,12,21,82,67,15
"2011","E00000517","E00000517","Total",113,17,5,12,96,73,23
"2011","E00000520","E00000520","Total",208,41,8,33,167,149,18
"2011","E00000521","E00000521","Total",144,43,13,30,101,89,12
"2011","E00000528","E00000528","Total",105,37,11,26,68,62,6
"2011","E00000533","E00000533","Total",99,26,8,18,73,65,8
"2011","E00000512","E00000512","Total",111,22,5,17,89,72,17
"2011","E00000515","E00000515","Total",128,21,3,18,107,94,13
"2011","E00000516","E00000516","Total",77,25,10,15,52,43,9
"2011","E00000525","E00000525","Total",149,43,11,32,106,98,8
"2011","E00000526","E00000526","Total",143,42,15,27,101,89,12
"2011","E00000529","E00000529","Total",71,20,6,14,51,45,6
"2011","E00000542","E00000542","Total",72,18,4,14,54,46,8
"2011","E00000040","E00000040","Total",88,28,9,19,60,47,13
"2011","E00000046","E00000046","Total",160,46,11,35,114,106,8
"2011","E00000052","E00000052","Total",167,55,12,43,112,98,14
"2011","E00175106","E00175106","Total",192,45,17,28,147,133,14
"2011","E00000043","E00000043","Total",145,59,15,44,86,74,12
"2011","E00000048","E00000048","Total",122,42,11,31,80,76,4
"2011","E00000050","E00000050","Total",144,52,15,37,92,80,12
"2011","E00000056","E00000056","Total",134,57,19,38,77,62,15
"2011","E00000057","E00000057","Total",104,56,16,40,48,41,7
"2011","E00000061","E00000061","Total",99,29,9,20,70,59,11
"2011","E00000062","E00000062","Total",258,57,22,35,201,182,19
"2011","E00000063","E00000063","Total",129,38,10,28,91,81,10
"2011","E00175102","E00175102","Total",82,27,9,18,55,49,6
"2011","E00175103","E00175103","Total",219,54,15,39,165,140,25
"2011","E00175104","E00175104","Total",151,36,12,24,115,100,15
"2011","E00175105","E00175105","Total",285,36,16,20,249,224,25
"2011","E00000039","E00000039","Total",137,47,12,35,90,80,10
"2011","E00000045","E00000045","Total",100,20,4,16,80,67,13
"2011","E00000065","E00000065","Total",257,93,21,72,164,139,25
"2011","E00000067","E00000067","Total",152,48,17,31,104,80,24
"2011","E00000069","E00000069","Total",123,38,12,26,85,72,13
"2011","E00000049","E00000049","Total",172,54,13,41,118,100,18
"2011","E00000053","E00000053","Total",198,62,18,44,136,111,25
"2011","E00000055","E00000055","Total",198,70,27,43,128,108,20
"2011","E00000059","E00000059","Total",123,34,11,23,89,77,12
"2011","E00000060","E00000060","Total",90,23,4,19,67,52,15
"2011","E00000037","E00000037","Total",153,60,23,37,93,86,7
"2011","E00000041","E00000041","Total",113,29,13,16,84,73,11
"2011","E00000042","E00000042","Total",81,18,4,14,63,49,14
"2011","E00000051","E00000051","Total",244,61,17,44,183,167,16
"2011","E00000054","E00000054","Total",178,59,21,38,119,103,16
"2011","E00000038","E00000038","Total",183,74,22,52,109,96,13
"2011","E00000064","E00000064","Total",131,43,11,32,88,76,12
"2011","E00000066","E00000066","Total",207,87,28,59,120,104,16
"2011","E00000068","E00000068","Total",170,63,28,35,107,101,6
"2011","E00000201","E00000201","Total",136,49,15,34,87,79,8
"2011","E00000220","E00000220","Total",105,26,4,22,79,69,10
"2011","E00000222","E00000222","Total",170,56,11,45,114,102,12
"2011","E00000228","E00000228","Total",175,54,13,41,121,110,11
"2011","E00000229","E00000229","Total",183,58,20,38,125,103,22
"2011","E00000344","E00000344","Total",202,56,20,36,146,125,21
"2011","E00000346","E00000346","Total",178,55,20,35,123,105,18
"2011","E00000350","E00000350","Total",153,45,17,28,108,89,19
"2011","E00000353","E00000353","Total",206,69,21,48,137,109,28
"2011","E00000200","E00000200","Total",162,39,14,25,123,116,7
"2011","E00000202","E00000202","Total",131,35,15,20,96,84,12
"2011","E00000203","E00000203","Total",149,36,11,25,113,92,21
"2011","E00000207","E00000207","Total",102,23,8,15,79,66,13
"2011","E00000209","E00000209","Total",139,31,12,19,108,97,11
"2011","E00000205","E00000205","Total",121,40,6,34,81,74,7
"2011","E00000206","E00000206","Total",106,36,7,29,70,63,7
"2011","E00000210","E00000210","Total",124,38,13,25,86,79,7
"2011","E00000211","E00000211","Total",130,39,7,32,91,80,11
"2011","E00000212","E00000212","Total",129,38,11,27,91,74,17
"2011","E00000199","E00000199","Total",170,44,12,32,126,117,9
"2011","E00000215","E00000215","Total",115,39,9,30,76,68,8
"2011","E00000217","E00000217","Total",114,34,6,28,80,68,12
"2011","E00000224","E00000224","Total",141,42,14,28,99,84,15
"2011","E00000226","E00000226","Total",124,31,11,20,93,85,8
"2011","E00000204","E00000204","Total",140,40,12,28,100,87,13
"2011","E00000208","E00000208","Total",162,40,8,32,122,106,16
"2011","E00000214","E00000214","Total",152,42,14,28,110,95,15
"2011","E00000219","E00000219","Total",133,43,15,28,90,77,13
"2011","E00000221","E00000221","Total",151,53,14,39,98,79,19
"2011","E00000373","E00000373","Total",111,33,11,22,78,66,12
"2011","E00000378","E00000378","Total",106,28,6,22,78,71,7
"2011","E00000381","E00000381","Total",122,34,15,19,88,77,11
"2011","E00000385","E00000385","Total",139,33,7,26,106,94,12
"2011","E00175118","E00175118","Total",90,23,10,13,67,60,7
"2011","E00175119","E00175119","Total",73,18,7,11,55,53,2
"2011","E00175120","E00175120","Total",84,24,5,19,60,54,6
"2011","E00000272","E00000272","Total",146,39,15,24,107,96,11
"2011","E00000286","E00000286","Total",135,41,9,32,94,89,5
"2011","E00000292","E00000292","Total",113,34,8,26,79,67,12
"2011","E00000294","E00000294","Total",145,47,13,34,98,81,17
"2011","E00000297","E00000297","Total",155,47,14,33,108,91,17
"2011","E00000267","E00000267","Total",132,40,18,22,92,80,12
"2011","E00000271","E00000271","Total",138,29,9,20,109,93,16
"2011","E00000273","E00000273","Total",126,41,15,26,85,78,7
"2011","E00000291","E00000291","Total",123,33,11,22,90,75,15
"2011","E00000296","E00000296","Total",145,34,10,24,111,98,13
"2011","E00000269","E00000269","Total",150,44,11,33,106,90,16
"2011","E00000270","E00000270","Total",146,41,12,29,105,96,9
"2011","E00000276","E00000276","Total",179,63,21,42,116,100,16
"2011","E00000295","E00000295","Total",134,39,8,31,95,88,7
"2011","E00000280","E00000280","Total",102,37,14,23,65,60,5
"2011","E00000282","E00000282","Total",132,43,13,30,89,78,11
"2011","E00000283","E00000283","Total",128,48,13,35,80,69,11
"2011","E00000284","E00000284","Total",122,29,10,19,93,78,15
"2011","E00175113","E00175113","Total",145,23,6,17,122,107,15
"2011","E00175114","E00175114","Total",167,43,11,32,124,114,10
"2011","E00000455","E00000455","Total",159,42,9,33,117,106,11
"2011","E00000463","E00000463","Total",162,50,22,28,112,96,16
"2011","E00000464","E00000464","Total",152,46,13,33,106,95,11
"2011","E00000469","E00000469","Total",198,53,16,37,145,125,20
"2011","E00000213","E00000213","Total",133,38,13,25,95,83,12
"2011","E00000216","E00000216","Total",130,31,11,20,99,84,15
"2011","E00000218","E00000218","Total",112,37,12,25,75,66,9
"2011","E00000223","E00000223","Total",123,46,15,31,77,58,19
"2011","E00000225","E00000225","Total",139,46,14,32,93,78,15
"2011","E00000227","E00000227","Total",157,47,17,30,110,94,16
"2011","E00000230","E00000230","Total",121,34,12,22,87,73,14
"2011","E00000231","E00000231","Total",107,37,7,30,70,59,11
"2011","E00000232","E00000232","Total",134,48,12,36,86,81,5
"2011","E00000246","E00000246","Total",119,45,19,26,74,64,10
"2011","E00000247","E00000247","Total",132,40,9,31,92,73,19
"2011","E00000249","E00000249","Total",108,30,8,22,78,64,14
"2011","E00000257","E00000257","Total",114,33,3,30,81,76,5
"2011","E00000260","E00000260","Total",97,31,14,17,66,54,12
"2011","E00000234","E00000234","Total",143,42,24,18,101,87,14
"2011","E00000237","E00000237","Total",149,41,15,26,108,95,13
"2011","E00000252","E00000252","Total",176,61,18,43,115,98,17
"2011","E00000255","E00000255","Total",149,37,10,27,112,98,14
"2011","E00000259","E00000259","Total",133,50,15,35,83,69,14
"2011","E00000261","E00000261","Total",108,34,9,25,74,59,15
"2011","E00000453","E00000453","Total",125,37,12,25,88,79,9
"2011","E00000466","E00000466","Total",108,27,9,18,81,66,15
"2011","E00000470","E00000470","Total",150,48,14,34,102,92,10
"2011","E00000478","E00000478","Total",133,41,18,23,92,85,7
"2011","E00175107","E00175107","Total",162,44,15,29,118,104,14
"2011","E00175115","E00175115","Total",134,29,8,21,105,91,14
"2011","E00175116","E00175116","Total",86,25,7,18,61,56,5
"2011","E00175117","E00175117","Total",101,31,11,20,70,59,11
"2011","E00175123","E00175123","Total",57,17,7,10,40,39,1
"2011","E00000265","E00000265","Total",121,24,6,18,97,83,14
"2011","E00000275","E00000275","Total",131,34,10,24,97,86,11
"2011","E00000277","E00000277","Total",143,36,6,30,107,96,11
"2011","E00000278","E00000278","Total",125,24,9,15,101,98,3
"2011","E00000279","E00000279","Total",97,17,5,12,80,65,15
"2011","E00000420","E00000420","Total",124,36,7,29,88,79,9
"2011","E00000425","E00000425","Total",148,36,12,24,112,100,12
"2011","E00000426","E00000426","Total",111,29,10,19,82,72,10
"2011","E00000431","E00000431","Total",176,60,12,48,116,92,24
"2011","E00000424","E00000424","Total",151,43,8,35,108,95,13
"2011","E00000427","E00000427","Total",151,45,17,28,106,94,12
"2011","E00000428","E00000428","Total",158,55,15,40,103,92,11
"2011","E00000430","E00000430","Total",140,42,11,31,98,83,15
"2011","E00000450","E00000450","Total",153,34,16,18,119,107,12
"2011","E00000429","E00000429","Total",148,52,15,37,96,81,15
"2011","E00000432","E00000432","Total",134,36,12,24,98,86,12
"2011","E00000433","E00000433","Total",140,38,9,29,102,84,18
"2011","E00000435","E00000435","Total",149,48,13,35,101,92,9
"2011","E00000436","E00000436","Total",151,42,13,29,109,86,23
"2011","E00000421","E00000421","Total",175,50,11,39,125,104,21
"2011","E00000434","E00000434","Total",151,51,16,35,100,88,12
"2011","E00000437","E00000437","Total",158,47,18,29,111,98,13
"2011","E00000438","E00000438","Total",180,50,14,36,130,113,17
"2011","E00000235","E00000235","Total",102,40,9,31,62,50,12
"2011","E00000239","E00000239","Total",126,54,17,37,72,68,4
"2011","E00000241","E00000241","Total",90,30,12,18,60,55,5
"2011","E00000254","E00000254","Total",96,42,11,31,54,48,6
"2011","E00000264","E00000264","Total",106,44,12,32,62,48,14
"2011","E00000236","E00000236","Total",100,30,11,19,70,63,7
"2011","E00000238","E00000238","Total",92,40,12,28,52,43,9
"2011","E00000243","E00000243","Total",144,53,21,32,91,78,13
"2011","E00000244","E00000244","Total",120,44,15,29,76,68,8
"2011","E00000245","E00000245","Total",116,48,12,36,68,58,10
"2011","E00000248","E00000248","Total",106,43,13,30,63,61,2
"2011","E00000250","E00000250","Total",153,48,20,28,105,86,19
"2011","E00000251","E00000251","Total",119,47,15,32,72,62,10
"2011","E00000256","E00000256","Total",115,45,14,31,70,64,6
"2011","E00000258","E00000258","Total",88,32,3,29,56,50,6
"2011","E00000240","E00000240","Total",152,39,9,30,113,99,14
"2011","E00000253","E00000253","Total",145,36,14,22,109,90,19
"2011","E00175108","E00175108","Total",119,32,6,26,87,75,12
"2011","E00175109","E00175109","Total",185,39,7,32,146,116,30
"2011","E00175111","E00175111","Total",103,25,6,19,78,72,6
"2011","E00000242","E00000242","Total",97,31,10,21,66,59,7
"2011","E00000263","E00000263","Total",201,73,17,56,128,108,20
"2011","E00175110","E00175110","Total",136,28,10,18,108,99,9
"2011","E00175112","E00175112","Total",48,22,4,18,26,23,3
"2011","E00175121","E00175121","Total",66,18,1,17,48,42,6
"2011","E00175122","E00175122","Total",80,18,6,12,62,55,7
"2011","E00000451","E00000451","Total",98,31,7,24,67,59,8
"2011","E00000456","E00000456","Total",133,28,10,18,105,96,9
"2011","E00000467","E00000467","Total",110,36,14,22,74,62,12
"2011","E00000471","E00000471","Total",123,34,9,25,89,75,14
"2011","E00000475","E00000475","Total",121,35,8,27,86,74,12
"2011","E00000454","E00000454","Total",106,36,17,19,70,57,13
"2011","E00000462","E00000462","Total",106,41,14,27,65,63,2
"2011","E00000465","E00000465","Total",162,56,15,41,106,93,13
"2011","E00000472","E00000472","Total",91,25,7,18,66,59,7
"2011","E00000480","E00000480","Total",111,27,10,17,84,68,16
"2011","E00000452","E00000452","Total",269,74,17,57,195,170,25
"2011","E00000457","E00000457","Total",157,33,11,22,124,112,12
"2011","E00000468","E00000468","Total",90,34,13,21,56,48,8
"2011","E00000477","E00000477","Total",58,15,7,8,43,37,6
"2011","E00000479","E00000479","Total",52,17,3,14,35,32,3
"2011","E00000458","E00000458","Total",85,31,13,18,54,49,5
"2011","E00000459","E00000459","Total",88,32,10,22,56,48,8
"2011","E00000460","E00000460","Total",87,36,15,21,51,47,4
"2011","E00000461","E00000461","Total",87,28,6,22,59,46,13
"2011","E00000474","E00000474","Total",158,44,14,30,114,94,20
"2011","E00000476","E00000476","Total",114,40,17,23,74,64,10
"2011","E00000104","E00000104","Total",161,50,23,27,111,98,13
"2011","E00000108","E00000108","Total",136,38,13,25,98,85,13
"2011","E00000109","E00000109","Total",136,50,17,33,86,71,15
"2011","E00000115","E00000115","Total",125,32,4,28,93,83,10
"2011","E00000110","E00000110","Total",114,34,13,21,80,75,5
"2011","E00000111","E00000111","Total",187,50,16,34,137,119,18
"2011","E00000113","E00000113","Total",167,33,10,23,134,123,11
"2011","E00000114","E00000114","Total",123,30,15,15,93,83,10
"2011","E00000123","E00000123","Total",121,39,14,25,82,71,11
"2011","E00000482","E00000482","Total",115,34,9,25,81,66,15
"2011","E00000484","E00000484","Total",149,49,13,36,100,85,15
"2011","E00000485","E00000485","Total",134,51,20,31,83,72,11
"2011","E00000487","E00000487","Total",127,41,10,31,86,78,8
"2011","E00000510","E00000510","Total",117,39,13,26,78,67,11
"2011","E00000481","E00000481","Total",126,29,11,18,97,82,15
"2011","E00000483","E00000483","Total",170,45,18,27,125,115,10
"2011","E00000489","E00000489","Total",145,44,18,26,101,86,15
"2011","E00000491","E00000491","Total",135,40,10,30,95,75,20
"2011","E00000504","E00000504","Total",103,33,11,22,70,55,15
"2011","E00000486","E00000486","Total",132,36,14,22,96,78,18
"2011","E00000488","E00000488","Total",153,47,19,28,106,92,14
"2011","E00000490","E00000490","Total",167,55,11,44,112,98,14
"2011","E00000492","E00000492","Total",130,39,11,28,91,77,14
"2011","E00000499","E00000499","Total",144,38,11,27,106,94,12
"2011","E00000103","E00000103","Total",174,50,12,38,124,113,11
"2011","E00000106","E00000106","Total",130,49,14,35,81,73,8
"2011","E00000107","E00000107","Total",129,49,17,32,80,72,8
"2011","E00165805","E00165805","Total",92,47,13,34,45,37,8
"2011","E00001224","E00001224","Total",139,32,10,22,107,85,22
"2011","E00001228","E00001228","Total",185,61,19,42,124,96,28
"2011","E00001230","E00001230","Total",171,42,14,28,129,97,32
"2011","E00001233","E00001233","Total",204,50,18,32,154,112,42
"2011","E00001234","E00001234","Total",143,45,17,28,98,72,26
"2011","E00001217","E00001217","Total",173,48,8,40,125,98,27
"2011","E00001218","E00001218","Total",138,44,11,33,94,62,32
"2011","E00001221","E00001221","Total",157,51,16,35,106,79,27
"2011","E00001226","E00001226","Total",154,57,24,33,97,67,30
"2011","E00001237","E00001237","Total",181,62,21,41,119,81,38
"2011","E00001211","E00001211","Total",237,53,17,36,184,147,37
"2011","E00001214","E00001214","Total",85,18,7,11,67,42,25
"2011","E00001220","E00001220","Total",221,58,17,41,163,134,29
"2011","E00001223","E00001223","Total",217,59,27,32,158,120,38
"2011","E00001229","E00001229","Total",184,56,19,37,128,90,38
"2011","E00001235","E00001235","Total",233,64,28,36,169,128,41
"2011","E00001209","E00001209","Total",165,56,25,31,109,76,33
"2011","E00001213","E00001213","Total",147,38,17,21,109,77,32
"2011","E00001215","E00001215","Total",139,40,17,23,99,55,44
"2011","E00001219","E00001219","Total",150,33,11,22,117,98,19
"2011","E00001222","E00001222","Total",158,30,12,18,128,101,27
"2011","E00001405","E00001405","Total",150,57,22,35,93,75,18
"2011","E00001425","E00001425","Total",144,36,16,20,108,88,20
"2011","E00001426","E00001426","Total",112,36,13,23,76,54,22
"2011","E00001431","E00001431","Total",127,29,11,18,98,74,24
"2011","E00001438","E00001438","Total",166,48,19,29,118,96,22
"2011","E00001424","E00001424","Total",193,54,26,28,139,104,35
"2011","E00001429","E00001429","Total",200,51,20,31,149,104,45
"2011","E00001430","E00001430","Total",145,50,15,35,95,84,11
"2011","E00001432","E00001432","Total",210,67,31,36,143,109,34
"2011","E00001434","E00001434","Total",158,35,11,24,123,97,26
"2011","E00000865","E00000865","Total",192,57,19,38,135,122,13
"2011","E00000867","E00000867","Total",157,51,19,32,106,87,19
"2011","E00000868","E00000868","Total",137,40,15,25,97,83,14
"2011","E00000869","E00000869","Total",141,40,13,27,101,73,28
"2011","E00001216","E00001216","Total",130,40,18,22,90,53,37
"2011","E00001236","E00001236","Total",162,37,7,30,125,98,27
"2011","E00001238","E00001238","Total",151,46,15,31,105,84,21
"2011","E00001241","E00001241","Total",149,46,18,28,103,80,23
"2011","E00001244","E00001244","Total",143,45,16,29,98,68,30
"2011","E00001210","E00001210","Total",204,58,24,34,146,116,30
"2011","E00001227","E00001227","Total",173,41,14,27,132,100,32
"2011","E00001231","E00001231","Total",128,27,10,17,101,86,15
"2011","E00001232","E00001232","Total",93,16,7,9,77,65,12
"2011","E00001240","E00001240","Total",185,37,14,23,148,111,37
"2011","E00001242","E00001242","Total",159,43,14,29,116,93,23
"2011","E00001206","E00001206","Total",182,42,18,24,140,115,25
"2011","E00001212","E00001212","Total",160,45,17,28,115,92,23
"2011","E00001239","E00001239","Total",145,24,7,17,121,104,17
"2011","E00001246","E00001246","Total",134,28,12,16,106,85,21
"2011","E00001248","E00001248","Total",158,31,14,17,127,107,20
"2011","E00001251","E00001251","Total",152,40,9,31,112,93,19
"2011","E00001207","E00001207","Total",140,38,13,25,102,78,24
"2011","E00001243","E00001243","Total",153,38,13,25,115,87,28
"2011","E00001245","E00001245","Total",116,24,14,10,92,72,20
"2011","E00001247","E00001247","Total",141,37,14,23,104,81,23
"2011","E00001250","E00001250","Total",171,57,23,34,114,93,21
"2011","E00001252","E00001252","Total",96,28,16,12,68,51,17
"2011","E00000824","E00000824","Total",130,42,17,25,88,69,19
"2011","E00000826","E00000826","Total",133,34,11,23,99,84,15
"2011","E00000827","E00000827","Total",129,28,9,19,101,77,24
"2011","E00000864","E00000864","Total",179,55,20,35,124,92,32
"2011","E00000866","E00000866","Total",160,37,8,29,123,89,34
"2011","E00000832","E00000832","Total",141,35,16,19,106,83,23
"2011","E00000834","E00000834","Total",150,44,13,31,106,82,24
"2011","E00000835","E00000835","Total",130,47,11,36,83,66,17
"2011","E00000836","E00000836","Total",167,60,26,34,107,79,28
"2011","E00000839","E00000839","Total",140,42,11,31,98,77,21
"2011","E00000821","E00000821","Total",125,27,14,13,98,83,15
"2011","E00000822","E00000822","Total",115,28,3,25,87,73,14
"2011","E00000828","E00000828","Total",124,35,19,16,89,67,22
"2011","E00000829","E00000829","Total",184,52,18,34,132,90,42
"2011","E00000831","E00000831","Total",183,52,22,30,131,112,19
"2011","E00000837","E00000837","Total",81,24,11,13,57,41,16
"2011","E00000844","E00000844","Total",140,33,8,25,107,87,20
"2011","E00000847","E00000847","Total",179,50,18,32,129,99,30
"2011","E00000850","E00000850","Total",127,43,20,23,84,70,14
"2011","E00000854","E00000854","Total",187,52,22,30,135,103,32
"2011","E00000857","E00000857","Total",120,40,15,25,80,67,13
"2011","E00001404","E00001404","Total",147,40,20,20,107,81,26
"2011","E00001419","E00001419","Total",138,49,22,27,89,73,16
"2011","E00001437","E00001437","Total",106,35,8,27,71,58,13
"2011","E00001442","E00001442","Total",163,49,15,34,114,97,17
"2011","E00001445","E00001445","Total",149,32,6,26,117,102,15
"2011","E00001406","E00001406","Total",164,52,21,31,112,92,20
"2011","E00001412","E00001412","Total",122,36,9,27,86,69,17
"2011","E00001413","E00001413","Total",131,44,14,30,87,74,13
"2011","E00001415","E00001415","Total",132,33,11,22,99,82,17
"2011","E00001420","E00001420","Total",133,49,12,37,84,70,14
"2011","E00001397","E00001397","Total",165,47,16,31,118,90,28
"2011","E00001401","E00001401","Total",131,46,15,31,85,69,16
"2011","E00001410","E00001410","Total",186,59,13,46,127,98,29
"2011","E00001418","E00001418","Total",150,44,24,20,106,89,17
"2011","E00001443","E00001443","Total",135,36,9,27,99,79,20
"2011","E00001398","E00001398","Total",129,39,17,22,90,79,11
"2011","E00001403","E00001403","Total",120,37,16,21,83,67,16
"2011","E00001409","E00001409","Total",150,68,22,46,82,68,14
"2011","E00001414","E00001414","Total",121,49,15,34,72,67,5
"2011","E00001417","E00001417","Total",160,58,19,39,102,93,9
"2011","E00001399","E00001399","Total",123,35,6,29,88,77,11
"2011","E00001407","E00001407","Total",137,54,21,33,83,75,8
"2011","E00001408","E00001408","Total",128,62,20,42,66,51,15
"2011","E00001411","E00001411","Total",77,28,6,22,49,42,7
"2011","E00001416","E00001416","Total",149,43,20,23,106,86,20
"2011","E00001396","E00001396","Total",151,32,13,19,119,92,27
"2011","E00001402","E00001402","Total",206,75,24,51,131,106,25
"2011","E00001427","E00001427","Total",126,25,13,12,101,81,20
"2011","E00001428","E00001428","Total",112,28,14,14,84,70,14
"2011","E00001433","E00001433","Total",127,40,18,22,87,69,18
"2011","E00001310","E00001310","Total",126,22,8,14,104,84,20
"2011","E00001343","E00001343","Total",149,42,13,29,107,73,34
"2011","E00001344","E00001344","Total",151,47,19,28,104,87,17
"2011","E00001345","E00001345","Total",187,66,25,41,121,90,31
"2011","E00001347","E00001347","Total",204,62,20,42,142,106,36
"2011","E00001303","E00001303","Total",146,41,17,24,105,73,32
"2011","E00001332","E00001332","Total",244,48,15,33,196,152,44
"2011","E00001333","E00001333","Total",156,37,14,23,119,98,21
"2011","E00001334","E00001334","Total",150,37,10,27,113,89,24
"2011","E00001335","E00001335","Total",189,56,20,36,133,109,24
"2011","E00001336","E00001336","Total",166,44,16,28,122,98,24
"2011","E00001337","E00001337","Total",192,67,35,32,125,84,41
"2011","E00001340","E00001340","Total",189,57,15,42,132,117,15
"2011","E00001346","E00001346","Total",183,52,21,31,131,108,23
"2011","E00001302","E00001302","Total",159,41,16,25,118,87,31
"2011","E00001304","E00001304","Total",149,35,14,21,114,93,21
"2011","E00001338","E00001338","Total",164,36,12,24,128,98,30
"2011","E00001339","E00001339","Total",153,42,14,28,111,91,20
"2011","E00001342","E00001342","Total",137,35,13,22,102,84,18
"2011","E00000823","E00000823","Total",168,27,10,17,141,114,27
"2011","E00000841","E00000841","Total",148,48,20,28,100,70,30
"2011","E00000842","E00000842","Total",135,33,9,24,102,85,17
"2011","E00000845","E00000845","Total",145,45,14,31,100,82,18
"2011","E00000846","E00000846","Total",180,47,13,34,133,113,20
"2011","E00000825","E00000825","Total",137,28,13,15,109,85,24
"2011","E00000830","E00000830","Total",208,63,20,43,145,120,25
"2011","E00000833","E00000833","Total",135,38,18,20,97,86,11
"2011","E00000838","E00000838","Total",137,28,4,24,109,95,14
"2011","E00000840","E00000840","Total",168,43,17,26,125,106,19
"2011","E00000843","E00000843","Total",184,34,12,22,150,127,23
"2011","E00000848","E00000848","Total",167,45,16,29,122,104,18
"2011","E00000849","E00000849","Total",151,44,13,31,107,83,24
"2011","E00000852","E00000852","Total",167,51,11,40,116,94,22
"2011","E00000856","E00000856","Total",189,53,20,33,136,108,28
"2011","E00000860","E00000860","Total",177,43,18,25,134,105,29
"2011","E00000819","E00000819","Total",130,53,18,35,77,65,12
"2011","E00000851","E00000851","Total",177,50,12,38,127,109,18
"2011","E00000853","E00000853","Total",140,42,14,28,98,75,23
"2011","E00000855","E00000855","Total",173,40,13,27,133,105,28
"2011","E00000858","E00000858","Total",202,50,11,39,152,122,30
"2011","E00000820","E00000820","Total",160,41,16,25,119,94,25
"2011","E00000859","E00000859","Total",101,19,4,15,82,66,16
"2011","E00000861","E00000861","Total",152,57,24,33,95,76,19
"2011","E00000862","E00000862","Total",198,64,21,43,134,110,24
"2011","E00000863","E00000863","Total",166,55,25,30,111,97,14
"2011","E00001108","E00001108","Total",190,67,24,43,123,90,33
"2011","E00001117","E00001117","Total",157,46,19,27,111,84,27
"2011","E00001118","E00001118","Total",195,56,21,35,139,109,30
"2011","E00001122","E00001122","Total",160,51,24,27,109,86,23
"2011","E00001208","E00001208","Total",180,60,21,39,120,87,33
"2011","E00001225","E00001225","Total",159,64,33,31,95,64,31
"2011","E00001249","E00001249","Total",135,40,19,21,95,70,25
"2011","E00001253","E00001253","Total",107,33,13,20,74,50,24
"2011","E00001254","E00001254","Total",142,42,18,24,100,67,33
"2011","E00001368","E00001368","Total",165,44,20,24,121,76,45
"2011","E00001370","E00001370","Total",146,49,19,30,97,61,36
"2011","E00001372","E00001372","Total",185,65,32,33,120,74,46
"2011","E00001380","E00001380","Total",167,49,18,31,118,69,49
"2011","E00001367","E00001367","Total",164,53,24,29,111,77,34
"2011","E00001369","E00001369","Total",200,58,27,31,142,105,37
"2011","E00001374","E00001374","Total",162,57,22,35,105,68,37
"2011","E00001375","E00001375","Total",163,62,31,31,101,62,39
"2011","E00001435","E00001435","Total",158,38,13,25,120,88,32
"2011","E00001436","E00001436","Total",149,47,20,27,102,83,19
"2011","E00001439","E00001439","Total",129,37,18,19,92,76,16
"2011","E00001440","E00001440","Total",132,22,10,12,110,95,15
"2011","E00001444","E00001444","Total",129,44,19,25,85,76,9
"2011","E00001400","E00001400","Total",120,25,8,17,95,83,12
"2011","E00001421","E00001421","Total",137,37,10,27,100,84,16
"2011","E00001422","E00001422","Total",72,21,7,14,51,39,12
"2011","E00001423","E00001423","Total",200,54,23,31,146,94,52
"2011","E00001441","E00001441","Total",153,44,15,29,109,76,33
"2011","E00001308","E00001308","Total",170,51,26,25,119,84,35
"2011","E00001309","E00001309","Total",122,39,18,21,83,58,25
"2011","E00001341","E00001341","Total",134,49,21,28,85,62,23
"2011","E00001348","E00001348","Total",171,49,19,30,122,88,34
"2011","E00001349","E00001349","Total",118,27,15,12,91,66,25
"2011","E00001305","E00001305","Total",174,47,21,26,127,77,50
"2011","E00001307","E00001307","Total",167,52,25,27,115,87,28
"2011","E00001311","E00001311","Total",170,52,31,21,118,72,46
"2011","E00001313","E00001313","Total",145,32,11,21,113,84,29
"2011","E00001306","E00001306","Total",167,47,21,26,120,99,21
"2011","E00001312","E00001312","Total",170,42,16,26,128,85,43
"2011","E00001314","E00001314","Total",154,45,17,28,109,77,32
"2011","E00001315","E00001315","Total",91,25,6,19,66,61,5
"2011","E00001318","E00001318","Total",144,31,11,20,113,93,20
"2011","E00001373","E00001373","Total",212,75,21,54,137,101,36
"2011","E00001377","E00001377","Total",51,14,4,10,37,35,2
"2011","E00001378","E00001378","Total",111,20,9,11,91,63,28
"2011","E00001379","E00001379","Total",210,65,15,50,145,123,22
"2011","E00001353","E00001353","Total",198,47,15,32,151,121,30
"2011","E00001371","E00001371","Total",123,35,15,20,88,68,20
"2011","E00001376","E00001376","Total",179,47,11,36,132,105,27
"2011","E00001382","E00001382","Total",170,49,23,26,121,87,34
"2011","E00001385","E00001385","Total",148,37,11,26,111,84,27
"2011","E00000610","E00000610","Total",195,64,23,41,131,103,28
"2011","E00000611","E00000611","Total",160,51,17,34,109,83,26
"2011","E00000613","E00000613","Total",187,61,27,34,126,94,32
"2011","E00000614","E00000614","Total",162,61,21,40,101,82,19
"2011","E00000584","E00000584","Total",183,63,33,30,120,100,20
"2011","E00000587","E00000587","Total",182,60,19,41,122,102,20
"2011","E00000612","E00000612","Total",158,42,12,30,116,94,22
"2011","E00000616","E00000616","Total",215,66,24,42,149,122,27
"2011","E00000618","E00000618","Total",128,37,13,24,91,75,16
"2011","E00000576","E00000576","Total",193,53,18,35,140,113,27
"2011","E00000578","E00000578","Total",197,49,17,32,148,122,26
"2011","E00000582","E00000582","Total",275,83,27,56,192,146,46
"2011","E00000591","E00000591","Total",129,33,10,23,96,79,17
"2011","E00000580","E00000580","Total",184,56,18,38,128,100,28
"2011","E00000585","E00000585","Total",177,55,18,37,122,102,20
"2011","E00000588","E00000588","Total",175,47,13,34,128,98,30
"2011","E00000619","E00000619","Total",159,49,16,33,110,84,26
"2011","E00000593","E00000593","Total",197,49,13,36,148,112,36
"2011","E00000596","E00000596","Total",167,37,14,23,130,101,29
"2011","E00000598","E00000598","Total",205,55,16,39,150,131,19
"2011","E00000601","E00000601","Total",177,48,12,36,129,97,32
"2011","E00000581","E00000581","Total",240,55,15,40,185,147,38
"2011","E00000586","E00000586","Total",153,42,16,26,111,86,25
"2011","E00000589","E00000589","Total",149,44,17,27,105,85,20
"2011","E00000615","E00000615","Total",168,44,20,24,124,105,19
"2011","E00000617","E00000617","Total",169,51,20,31,118,100,18
"2011","E00000579","E00000579","Total",195,67,17,50,128,104,24
"2011","E00000583","E00000583","Total",248,74,26,48,174,142,32
"2011","E00000590","E00000590","Total",164,54,20,34,110,98,12
"2011","E00000594","E00000594","Total",157,47,16,31,110,91,19
"2011","E00000620","E00000620","Total",195,57,17,40,138,109,29
"2011","E00000592","E00000592","Total",136,45,13,32,91,72,19
"2011","E00000595","E00000595","Total",134,48,14,34,86,72,14
"2011","E00000597","E00000597","Total",166,50,20,30,116,94,22
"2011","E00000599","E00000599","Total",107,35,13,22,72,63,9
"2011","E00000600","E00000600","Total",180,52,23,29,128,112,16
"2011","E00000602","E00000602","Total",185,43,14,29,142,123,19
"2011","E00000603","E00000603","Total",168,55,20,35,113,96,17
"2011","E00000604","E00000604","Total",174,41,13,28,133,114,19
"2011","E00000605","E00000605","Total",193,58,23,35,135,100,35
"2011","E00000577","E00000577","Total",111,25,10,15,86,71,15
"2011","E00000606","E00000606","Total",138,36,12,24,102,91,11
"2011","E00000607","E00000607","Total",150,50,18,32,100,83,17
"2011","E00000608","E00000608","Total",186,48,14,34,138,114,24
"2011","E00000609","E00000609","Total",200,51,19,32,149,118,31
"2011","E00001324","E00001324","Total",197,67,18,49,130,103,27
"2011","E00001325","E00001325","Total",133,37,12,25,96,77,19
"2011","E00001327","E00001327","Total",154,33,16,17,121,94,27
"2011","E00001328","E00001328","Total",150,43,11,32,107,79,28
"2011","E00001329","E00001329","Total",170,52,11,41,118,87,31
"2011","E00001331","E00001331","Total",113,34,7,27,79,64,15
"2011","E00001320","E00001320","Total",181,51,24,27,130,98,32
"2011","E00001323","E00001323","Total",200,62,22,40,138,99,39
"2011","E00001326","E00001326","Total",174,50,20,30,124,94,30
"2011","E00001330","E00001330","Total",218,82,34,48,136,106,30
"2011","E00001316","E00001316","Total",123,29,10,19,94,82,12
"2011","E00001317","E00001317","Total",165,52,16,36,113,93,20
"2011","E00001319","E00001319","Total",199,68,20,48,131,101,30
"2011","E00001321","E00001321","Total",186,57,24,33,129,91,38
"2011","E00001322","E00001322","Total",210,55,13,42,155,129,26
"2011","E00001573","E00001573","Total",187,55,19,36,132,107,25
"2011","E00001574","E00001574","Total",156,44,12,32,112,87,25
"2011","E00001575","E00001575","Total",86,21,7,14,65,50,15
"2011","E00001576","E00001576","Total",146,36,11,25,110,77,33
"2011","E00001578","E00001578","Total",128,35,5,30,93,66,27
"2011","E00001543","E00001543","Total",187,60,22,38,127,102,25
"2011","E00001580","E00001580","Total",142,39,12,27,103,87,16
"2011","E00001582","E00001582","Total",163,57,18,39,106,92,14
"2011","E00001586","E00001586","Total",134,31,7,24,103,79,24
"2011","E00001587","E00001587","Total",143,51,8,43,92,73,19
"2011","E00001588","E00001588","Total",131,34,14,20,97,81,16
"2011","E00001352","E00001352","Total",165,23,12,11,142,107,35
"2011","E00001355","E00001355","Total",198,67,24,43,131,95,36
"2011","E00001356","E00001356","Total",145,31,9,22,114,88,26
"2011","E00001383","E00001383","Total",150,46,10,36,104,77,27
"2011","E00001393","E00001393","Total",169,49,16,33,120,93,27
"2011","E00001351","E00001351","Total",78,31,11,20,47,37,10
"2011","E00001354","E00001354","Total",113,37,15,22,76,57,19
"2011","E00001357","E00001357","Total",132,37,13,24,95,78,17
"2011","E00001358","E00001358","Total",159,34,13,21,125,99,26
"2011","E00001359","E00001359","Total",89,16,7,9,73,60,13
"2011","E00001361","E00001361","Total",129,29,7,22,100,75,25
"2011","E00001381","E00001381","Total",154,44,24,20,110,72,38
"2011","E00001386","E00001386","Total",178,52,24,28,126,99,27
"2011","E00001389","E00001389","Total",165,53,17,36,112,84,28
"2011","E00001391","E00001391","Total",193,68,23,45,125,80,45
"2011","E00001350","E00001350","Total",164,35,16,19,129,101,28
"2011","E00001384","E00001384","Total",135,30,10,20,105,90,15
"2011","E00001387","E00001387","Total",152,42,16,26,110,87,23
"2011","E00001388","E00001388","Total",141,31,7,24,110,89,21
"2011","E00001390","E00001390","Total",114,25,6,19,89,63,26
"2011","E00001392","E00001392","Total",157,41,12,29,116,86,30
"2011","E00001571","E00001571","Total",151,45,19,26,106,84,22
"2011","E00001572","E00001572","Total",216,57,13,44,159,133,26
"2011","E00001577","E00001577","Total",171,43,19,24,128,96,32
"2011","E00001579","E00001579","Total",224,73,24,49,151,122,29
"2011","E00001581","E00001581","Total",171,44,14,30,127,101,26
"2011","E00000924","E00000924","Total",141,38,17,21,103,90,13
"2011","E00000961","E00000961","Total",185,50,16,34,135,115,20
"2011","E00000962","E00000962","Total",121,43,12,31,78,66,12
"2011","E00000963","E00000963","Total",134,47,15,32,87,80,7
"2011","E00000964","E00000964","Total",153,38,11,27,115,105,10
"2011","E00001119","E00001119","Total",143,41,13,28,102,83,19
"2011","E00001121","E00001121","Total",146,39,11,28,107,89,18
"2011","E00001126","E00001126","Total",155,45,20,25,110,92,18
"2011","E00001129","E00001129","Total",166,48,12,36,118,100,18
"2011","E00001133","E00001133","Total",146,51,18,33,95,83,12
"2011","E00001120","E00001120","Total",160,48,10,38,112,88,24
"2011","E00001124","E00001124","Total",178,59,26,33,119,97,22
"2011","E00001125","E00001125","Total",164,54,18,36,110,90,20
"2011","E00001132","E00001132","Total",152,41,11,30,111,86,25
"2011","E00001134","E00001134","Total",153,53,16,37,100,77,23
"2011","E00001123","E00001123","Total",165,53,16,37,112,90,22
"2011","E00001127","E00001127","Total",155,40,16,24,115,99,16
"2011","E00001128","E00001128","Total",229,68,26,42,161,139,22
"2011","E00001130","E00001130","Total",181,54,20,34,127,113,14
"2011","E00001131","E00001131","Total",164,56,20,36,108,87,21
"2011","E00001136","E00001136","Total",242,57,18,39,185,144,41
"2011","E00001137","E00001137","Total",144,32,8,24,112,90,22
"2011","E00001138","E00001138","Total",170,51,21,30,119,89,30
"2011","E00001139","E00001139","Total",177,59,22,37,118,89,29
"2011","E00001140","E00001140","Total",108,33,8,25,75,58,17
"2011","E00001141","E00001141","Total",182,64,17,47,118,84,34
"2011","E00001142","E00001142","Total",164,44,16,28,120,81,39
"2011","E00001150","E00001150","Total",203,52,18,34,151,122,29
"2011","E00001151","E00001151","Total",160,36,19,17,124,102,22
"2011","E00001153","E00001153","Total",192,44,15,29,148,117,31
"2011","E00000929","E00000929","Total",189,59,25,34,130,99,31
"2011","E00000930","E00000930","Total",198,74,33,41,124,94,30
"2011","E00000934","E00000934","Total",190,73,24,49,117,84,33
"2011","E00000936","E00000936","Total",182,55,26,29,127,93,34
"2011","E00000923","E00000923","Total",59,20,5,15,39,31,8
"2011","E00000927","E00000927","Total",188,45,21,24,143,111,32
"2011","E00000928","E00000928","Total",172,61,23,38,111,80,31
"2011","E00000931","E00000931","Total",179,61,23,38,118,87,31
"2011","E00000965","E00000965","Total",107,37,11,26,70,55,15
"2011","E00000922","E00000922","Total",190,46,18,28,144,114,30
"2011","E00000925","E00000925","Total",204,63,18,45,141,103,38
"2011","E00000926","E00000926","Total",198,58,21,37,140,90,50
"2011","E00000932","E00000932","Total",221,58,22,36,163,121,42
"2011","E00000933","E00000933","Total",171,60,23,37,111,93,18
"2011","E00000937","E00000937","Total",162,56,19,37,106,94,12
"2011","E00000942","E00000942","Total",78,34,13,21,44,40,4
"2011","E00000943","E00000943","Total",108,37,13,24,71,57,14
"2011","E00000946","E00000946","Total",160,77,28,49,83,72,11
"2011","E00000938","E00000938","Total",166,51,23,28,115,97,18
"2011","E00000944","E00000944","Total",188,60,12,48,128,101,27
"2011","E00000947","E00000947","Total",152,47,19,28,105,76,29
"2011","E00000948","E00000948","Total",209,61,28,33,148,107,41
"2011","E00000935","E00000935","Total",185,58,16,42,127,103,24
"2011","E00000939","E00000939","Total",218,73,28,45,145,111,34
"2011","E00000940","E00000940","Total",145,36,10,26,109,93,16
"2011","E00000945","E00000945","Total",162,51,14,37,111,85,26
"2011","E00000777","E00000777","Total",178,55,18,37,123,86,37
"2011","E00000806","E00000806","Total",160,46,16,30,114,81,33
"2011","E00000809","E00000809","Total",87,36,11,25,51,39,12
"2011","E00000810","E00000810","Total",151,36,10,26,115,86,29
"2011","E00000815","E00000815","Total",147,34,14,20,113,94,19
"2011","E00000807","E00000807","Total",98,35,10,25,63,53,10
"2011","E00000808","E00000808","Total",132,36,10,26,96,81,15
"2011","E00000811","E00000811","Total",175,48,15,33,127,91,36
"2011","E00000812","E00000812","Total",195,65,23,42,130,100,30
"2011","E00000817","E00000817","Total",198,60,26,34,138,107,31
"2011","E00000769","E00000769","Total",230,65,22,43,165,125,40
"2011","E00000813","E00000813","Total",194,41,5,36,153,124,29
"2011","E00000814","E00000814","Total",149,33,12,21,116,98,18
"2011","E00000816","E00000816","Total",177,39,15,24,138,117,21
"2011","E00174889","E00174889","Total",357,69,28,41,288,193,95
"2011","E00174897","E00174897","Total",102,28,10,18,74,57,17
"2011","E00000771","E00000771","Total",216,21,2,19,195,180,15
"2011","E00000776","E00000776","Total",200,47,17,30,153,125,28
"2011","E00000778","E00000778","Total",210,54,21,33,156,126,30
"2011","E00000779","E00000779","Total",192,50,17,33,142,114,28
"2011","E00000818","E00000818","Total",175,51,17,34,124,97,27
"2011","E00000780","E00000780","Total",172,49,17,32,123,104,19
"2011","E00000781","E00000781","Total",157,54,20,34,103,84,19
"2011","E00000782","E00000782","Total",190,56,17,39,134,105,29
"2011","E00000785","E00000785","Total",222,61,22,39,161,139,22
"2011","E00001545","E00001545","Total",176,54,14,40,122,92,30
"2011","E00001546","E00001546","Total",218,59,26,33,159,127,32
"2011","E00001583","E00001583","Total",134,30,11,19,104,86,18
"2011","E00001585","E00001585","Total",166,60,24,36,106,79,27
"2011","E00001589","E00001589","Total",163,77,23,54,86,65,21
"2011","E00001257","E00001257","Total",183,64,24,40,119,83,36
"2011","E00001277","E00001277","Total",159,43,15,28,116,80,36
"2011","E00001282","E00001282","Total",170,42,17,25,128,105,23
"2011","E00001283","E00001283","Total",224,56,21,35,168,132,36
"2011","E00001284","E00001284","Total",157,42,16,26,115,72,43
"2011","E00001261","E00001261","Total",161,49,20,29,112,79,33
"2011","E00001265","E00001265","Total",143,37,9,28,106,81,25
"2011","E00001268","E00001268","Total",175,51,15,36,124,91,33
"2011","E00001274","E00001274","Total",208,68,30,38,140,89,51
"2011","E00001275","E00001275","Total",157,36,13,23,121,100,21
"2011","E00001262","E00001262","Total",204,63,30,33,141,107,34
"2011","E00001298","E00001298","Total",194,63,36,27,131,87,44
"2011","E00001300","E00001300","Total",185,52,21,31,133,94,39
"2011","E00001301","E00001301","Total",197,60,30,30,137,101,36
"2011","E00001255","E00001255","Total",196,57,17,40,139,97,42
"2011","E00001259","E00001259","Total",132,40,17,23,92,68,24
"2011","E00001269","E00001269","Total",154,48,14,34,106,71,35
"2011","E00001270","E00001270","Total",182,62,18,44,120,106,14
"2011","E00001299","E00001299","Total",143,33,9,24,110,77,33
"2011","E00001256","E00001256","Total",175,51,21,30,124,109,15
"2011","E00001263","E00001263","Total",213,60,20,40,153,105,48
"2011","E00001278","E00001278","Total",151,53,15,38,98,76,22
"2011","E00001280","E00001280","Total",125,48,17,31,77,61,16
"2011","E00001260","E00001260","Total",138,56,16,40,82,66,16
"2011","E00001272","E00001272","Total",105,37,10,27,68,55,13
"2011","E00001279","E00001279","Total",91,28,8,20,63,54,9
"2011","E00001281","E00001281","Total",260,66,22,44,194,174,20
"2011","E00001286","E00001286","Total",156,32,11,21,124,104,20
"2011","E00001266","E00001266","Total",101,27,14,13,74,49,25
"2011","E00001267","E00001267","Total",154,44,11,33,110,83,27
"2011","E00001295","E00001295","Total",137,39,23,16,98,63,35
"2011","E00001296","E00001296","Total",167,44,12,32,123,85,38
"2011","E00001297","E00001297","Total",162,48,22,26,114,75,39
"2011","E00001271","E00001271","Total",258,62,27,35,196,156,40
"2011","E00001273","E00001273","Total",204,55,16,39,149,126,23
"2011","E00001276","E00001276","Total",161,54,25,29,107,90,17
"2011","E00174896","E00174896","Total",126,37,12,25,89,58,31
"2011","E00174900","E00174900","Total",95,38,15,23,57,43,14
"2011","E00174915","E00174915","Total",152,22,5,17,130,95,35
"2011","E00000941","E00000941","Total",179,59,22,37,120,98,22
"2011","E00000949","E00000949","Total",115,34,9,25,81,66,15
"2011","E00000950","E00000950","Total",166,47,23,24,119,95,24
"2011","E00000952","E00000952","Total",162,52,21,31,110,93,17
"2011","E00000953","E00000953","Total",239,81,29,52,158,121,37
"2011","E00000951","E00000951","Total",189,60,25,35,129,92,37
"2011","E00000954","E00000954","Total",202,61,27,34,141,107,34
"2011","E00000956","E00000956","Total",178,59,22,37,119,98,21
"2011","E00000957","E00000957","Total",243,86,26,60,157,131,26
"2011","E00000955","E00000955","Total",203,59,24,35,144,119,25
"2011","E00000958","E00000958","Total",238,69,16,53,169,131,38
"2011","E00000959","E00000959","Total",189,47,20,27,142,117,25
"2011","E00000960","E00000960","Total",189,49,15,34,140,108,32
"2011","E00001110","E00001110","Total",182,64,30,34,118,93,25
"2011","E00001112","E00001112","Total",176,63,20,43,113,100,13
"2011","E00001113","E00001113","Total",153,60,19,41,93,70,23
"2011","E00001115","E00001115","Total",142,41,18,23,101,82,19
"2011","E00001116","E00001116","Total",83,31,8,23,52,45,7
"2011","E00001145","E00001145","Total",177,51,20,31,126,102,24
"2011","E00001146","E00001146","Total",178,53,22,31,125,99,26
"2011","E00001147","E00001147","Total",164,39,14,25,125,100,25
"2011","E00001148","E00001148","Total",167,58,18,40,109,98,11
"2011","E00001154","E00001154","Total",194,61,20,41,133,114,19
"2011","E00001447","E00001447","Total",212,50,16,34,162,136,26
"2011","E00001468","E00001468","Total",167,43,16,27,124,99,25
"2011","E00001469","E00001469","Total",82,16,4,12,66,55,11
"2011","E00001479","E00001479","Total",107,22,6,16,85,67,18
"2011","E00174905","E00174905","Total",196,61,18,43,135,116,19
"2011","E00174906","E00174906","Total",179,30,8,22,149,115,34
"2011","E00001467","E00001467","Total",186,35,10,25,151,119,32
"2011","E00001470","E00001470","Total",109,28,12,16,81,68,13
"2011","E00001471","E00001471","Total",213,58,26,32,155,116,39
"2011","E00001474","E00001474","Total",184,49,16,33,135,108,27
"2011","E00001475","E00001475","Total",201,50,19,31,151,112,39
"2011","E00001477","E00001477","Total",141,30,10,20,111,94,17
"2011","E00001478","E00001478","Total",191,38,13,25,153,122,31
"2011","E00001480","E00001480","Total",167,43,13,30,124,101,23
"2011","E00001482","E00001482","Total",112,23,9,14,89,79,10
"2011","E00001484","E00001484","Total",150,33,11,22,117,94,23
"2011","E00001485","E00001485","Total",147,22,7,15,125,98,27
"2011","E00001554","E00001554","Total",144,44,12,32,100,77,23
"2011","E00001558","E00001558","Total",151,41,15,26,110,87,23
"2011","E00001561","E00001561","Total",178,35,11,24,143,110,33
"2011","E00001563","E00001563","Total",166,35,6,29,131,102,29
"2011","E00001565","E00001565","Total",178,46,15,31,132,107,25
"2011","E00001550","E00001550","Total",215,69,21,48,146,128,18
"2011","E00001551","E00001551","Total",211,57,15,42,154,122,32
"2011","E00001556","E00001556","Total",141,38,14,24,103,81,22
"2011","E00001557","E00001557","Total",165,43,16,27,122,95,27
"2011","E00001560","E00001560","Total",173,58,26,32,115,96,19
"2011","E00001540","E00001540","Total",197,61,33,28,136,114,22
"2011","E00001544","E00001544","Total",195,51,17,34,144,114,30
"2011","E00001547","E00001547","Total",215,63,17,46,152,124,28
"2011","E00001549","E00001549","Total",150,33,13,20,117,94,23
"2011","E00001584","E00001584","Total",101,22,10,12,79,62,17
"2011","E00001590","E00001590","Total",202,54,18,36,148,126,22
"2011","E00001360","E00001360","Total",182,44,18,26,138,95,43
"2011","E00001362","E00001362","Total",172,42,16,26,130,91,39
"2011","E00001394","E00001394","Total",185,55,28,27,130,90,40
"2011","E00001395","E00001395","Total",174,58,26,32,116,80,36
"2011","E00001363","E00001363","Total",154,40,16,24,114,85,29
"2011","E00001364","E00001364","Total",179,59,22,37,120,83,37
"2011","E00001365","E00001365","Total",181,47,24,23,134,92,42
"2011","E00001366","E00001366","Total",168,51,20,31,117,89,28
"2011","E00001446","E00001446","Total",177,49,19,30,128,98,30
"2011","E00001472","E00001472","Total",152,37,13,24,115,82,33
"2011","E00001476","E00001476","Total",195,61,22,39,134,96,38
"2011","E00001488","E00001488","Total",201,54,21,33,147,123,24
"2011","E00001481","E00001481","Total",186,56,18,38,130,94,36
"2011","E00001483","E00001483","Total",166,49,18,31,117,86,31
"2011","E00001489","E00001489","Total",191,40,12,28,151,113,38
"2011","E00001490","E00001490","Total",202,48,21,27,154,118,36
"2011","E00001448","E00001448","Total",193,43,15,28,150,117,33
"2011","E00001450","E00001450","Total",148,37,10,27,111,87,24
"2011","E00001452","E00001452","Total",162,36,14,22,126,109,17
"2011","E00001487","E00001487","Total",194,52,21,31,142,106,36
"2011","E00001493","E00001493","Total",185,37,9,28,148,122,26
"2011","E00000648","E00000648","Total",157,59,18,41,98,84,14
"2011","E00000651","E00000651","Total",149,54,13,41,95,84,11
"2011","E00000654","E00000654","Total",123,40,14,26,83,76,7
"2011","E00000655","E00000655","Total",150,29,8,21,121,108,13
"2011","E00000656","E00000656","Total",145,41,12,29,104,81,23
"2011","E00000631","E00000631","Total",161,40,11,29,121,102,19
"2011","E00000633","E00000633","Total",158,59,12,47,99,87,12
"2011","E00000634","E00000634","Total",155,44,14,30,111,93,18
"2011","E00000637","E00000637","Total",157,45,17,28,112,97,15
"2011","E00000632","E00000632","Total",116,43,12,31,73,62,11
"2011","E00000635","E00000635","Total",122,38,16,22,84,75,9
"2011","E00000640","E00000640","Total",140,41,13,28,99,80,19
"2011","E00000641","E00000641","Total",143,41,15,26,102,84,18
"2011","E00000645","E00000645","Total",127,28,5,23,99,81,18
"2011","E00001135","E00001135","Total",189,59,17,42,130,89,41
"2011","E00001143","E00001143","Total",180,31,11,20,149,124,25
"2011","E00001144","E00001144","Total",150,46,11,35,104,81,23
"2011","E00001149","E00001149","Total",183,48,19,29,135,101,34
"2011","E00001152","E00001152","Total",156,40,10,30,116,79,37
"2011","E00001107","E00001107","Total",181,60,20,40,121,90,31
"2011","E00001109","E00001109","Total",180,56,15,41,124,112,12
"2011","E00001111","E00001111","Total",159,49,14,35,110,93,17
"2011","E00001114","E00001114","Total",235,55,24,31,180,132,48
"2011","E00000775","E00000775","Total",193,62,22,40,131,112,19
"2011","E00000799","E00000799","Total",162,34,11,23,128,99,29
"2011","E00000800","E00000800","Total",189,51,17,34,138,104,34
"2011","E00000804","E00000804","Total",235,61,15,46,174,129,45
"2011","E00000805","E00000805","Total",224,52,20,32,172,130,42
"2011","E00000793","E00000793","Total",194,51,19,32,143,114,29
"2011","E00000797","E00000797","Total",170,49,17,32,121,97,24
"2011","E00000798","E00000798","Total",154,32,12,20,122,105,17
"2011","E00000801","E00000801","Total",163,38,16,22,125,105,20
"2011","E00000803","E00000803","Total",157,24,9,15,133,110,23
"2011","E00000773","E00000773","Total",118,39,7,32,79,63,16
"2011","E00000774","E00000774","Total",134,32,9,23,102,88,14
"2011","E00000783","E00000783","Total",151,37,7,30,114,94,20
"2011","E00000789","E00000789","Total",98,31,10,21,67,56,11
"2011","E00000790","E00000790","Total",116,24,10,14,92,76,16
"2011","E00000792","E00000792","Total",133,31,16,15,102,93,9
"2011","E00000791","E00000791","Total",140,41,10,31,99,84,15
"2011","E00000794","E00000794","Total",145,49,16,33,96,78,18
"2011","E00000795","E00000795","Total",189,56,20,36,133,115,18
"2011","E00000796","E00000796","Total",154,47,12,35,107,90,17
"2011","E00000802","E00000802","Total",154,51,17,34,103,79,24
"2011","E00000770","E00000770","Total",213,53,19,34,160,125,35
"2011","E00000772","E00000772","Total",141,42,12,30,99,76,23
"2011","E00000786","E00000786","Total",313,63,22,41,250,220,30
"2011","E00000787","E00000787","Total",201,42,20,22,159,118,41
"2011","E00000788","E00000788","Total",137,36,13,23,101,86,15
"2011","E00001548","E00001548","Total",117,49,14,35,68,60,8
"2011","E00001552","E00001552","Total",88,15,7,8,73,65,8
"2011","E00001553","E00001553","Total",173,47,18,29,126,106,20
"2011","E00001555","E00001555","Total",158,54,14,40,104,88,16
"2011","E00001559","E00001559","Total",175,57,20,37,118,97,21
"2011","E00000968","E00000968","Total",242,68,16,52,174,139,35
"2011","E00000973","E00000973","Total",186,44,15,29,142,110,32
"2011","E00000992","E00000992","Total",215,57,13,44,158,127,31
"2011","E00000995","E00000995","Total",159,49,16,33,110,93,17
"2011","E00001004","E00001004","Total",230,61,23,38,169,136,33
"2011","E00001456","E00001456","Total",168,33,6,27,135,100,35
"2011","E00001457","E00001457","Total",229,51,12,39,178,130,48
"2011","E00001459","E00001459","Total",176,39,21,18,137,107,30
"2011","E00001461","E00001461","Total",145,35,14,21,110,85,25
"2011","E00001465","E00001465","Total",194,44,20,24,150,108,42
"2011","E00001449","E00001449","Total",209,53,22,31,156,121,35
"2011","E00001453","E00001453","Total",207,42,19,23,165,116,49
"2011","E00001455","E00001455","Total",198,30,9,21,168,139,29
"2011","E00001458","E00001458","Total",172,42,13,29,130,104,26
"2011","E00001486","E00001486","Total",188,39,13,26,149,106,43
"2011","E00001451","E00001451","Total",183,53,20,33,130,97,33
"2011","E00001454","E00001454","Total",105,22,8,14,83,68,15
"2011","E00001460","E00001460","Total",207,55,19,36,152,118,34
"2011","E00001491","E00001491","Total",241,54,19,35,187,159,28
"2011","E00001492","E00001492","Total",286,65,15,50,221,182,39
"2011","E00000646","E00000646","Total",137,42,12,30,95,76,19
"2011","E00000652","E00000652","Total",110,30,14,16,80,69,11
"2011","E00000658","E00000658","Total",222,75,32,43,147,121,26
"2011","E00000664","E00000664","Total",69,16,7,9,53,45,8
"2011","E00174904","E00174904","Total",169,63,25,38,106,77,29
"2011","E00174914","E00174914","Total",211,41,16,25,170,145,25
"2011","E00174917","E00174917","Total",119,46,18,28,73,59,14
"2011","E00174920","E00174920","Total",133,58,16,42,75,64,11
"2011","E00000638","E00000638","Total",178,42,13,29,136,113,23
"2011","E00000642","E00000642","Total",152,49,17,32,103,87,16
"2011","E00000650","E00000650","Total",166,47,16,31,119,98,21
"2011","E00000653","E00000653","Total",171,57,14,43,114,101,13
"2011","E00000628","E00000628","Total",178,60,18,42,118,102,16
"2011","E00000660","E00000660","Total",140,30,9,21,110,100,10
"2011","E00000661","E00000661","Total",190,51,18,33,139,123,16
"2011","E00000662","E00000662","Total",140,46,13,33,94,80,14
"2011","E00000667","E00000667","Total",162,51,17,34,111,91,20
"2011","E00000625","E00000625","Total",158,48,15,33,110,96,14
"2011","E00000627","E00000627","Total",149,63,18,45,86,75,11
"2011","E00000659","E00000659","Total",124,36,4,32,88,75,13
"2011","E00000663","E00000663","Total",98,40,14,26,58,53,5
"2011","E00000666","E00000666","Total",194,78,22,56,116,94,22
"2011","E00000623","E00000623","Total",183,56,19,37,127,109,18
"2011","E00000624","E00000624","Total",174,41,8,33,133,113,20
"2011","E00000626","E00000626","Total",121,41,9,32,80,67,13
"2011","E00000629","E00000629","Total",205,70,22,48,135,110,25
"2011","E00000630","E00000630","Total",153,47,16,31,106,94,12
"2011","E00000636","E00000636","Total",156,46,12,34,110,100,10
"2011","E00000643","E00000643","Total",152,38,14,24,114,94,20
"2011","E00000644","E00000644","Total",139,53,20,33,86,82,4
"2011","E00000647","E00000647","Total",167,64,16,48,103,84,19
"2011","E00000649","E00000649","Total",130,41,13,28,89,72,17
"2011","E00000970","E00000970","Total",144,39,14,25,105,80,25
"2011","E00000997","E00000997","Total",173,44,13,31,129,103,26
"2011","E00001002","E00001002","Total",240,88,28,60,152,123,29
"2011","E00001003","E00001003","Total",165,52,20,32,113,80,33
"2011","E00001006","E00001006","Total",184,46,15,31,138,104,34
"2011","E00000972","E00000972","Total",186,63,30,33,123,82,41
"2011","E00000985","E00000985","Total",147,45,20,25,102,72,30
"2011","E00000993","E00000993","Total",173,52,23,29,121,76,45
"2011","E00000998","E00000998","Total",126,48,17,31,78,59,19
"2011","E00001001","E00001001","Total",115,41,20,21,74,59,15
"2011","E00000984","E00000984","Total",240,66,27,39,174,134,40
"2011","E00000986","E00000986","Total",191,47,13,34,144,107,37
"2011","E00000987","E00000987","Total",189,57,20,37,132,98,34
"2011","E00000988","E00000988","Total",178,50,22,28,128,91,37
"2011","E00000990","E00000990","Total",113,26,8,18,87,62,25
"2011","E00001285","E00001285","Total",165,43,11,32,122,93,29
"2011","E00001289","E00001289","Total",162,41,18,23,121,97,24
"2011","E00001291","E00001291","Total",278,75,32,43,203,148,55
"2011","E00001292","E00001292","Total",132,35,9,26,97,74,23
"2011","E00174898","E00174898","Total",165,30,15,15,135,109,26
"2011","E00174899","E00174899","Total",200,49,17,32,151,116,35
"2011","E00174903","E00174903","Total",169,46,12,34,123,96,27
"2011","E00001258","E00001258","Total",187,39,15,24,148,118,30
"2011","E00001288","E00001288","Total",296,84,40,44,212,161,51
"2011","E00001290","E00001290","Total",143,39,11,28,104,80,24
"2011","E00001293","E00001293","Total",195,57,17,40,138,101,37
"2011","E00001294","E00001294","Total",164,54,19,35,110,87,23
"2011","E00000622","E00000622","Total",105,31,11,20,74,59,15
"2011","E00000657","E00000657","Total",182,77,27,50,105,94,11
"2011","E00000665","E00000665","Total",240,86,29,57,154,130,24
"2011","E00174908","E00174908","Total",121,41,12,29,80,68,12
"2011","E00174916","E00174916","Total",126,28,11,17,98,86,12
"2011","E00174919","E00174919","Total",101,31,10,21,70,58,12
"2011","E00000745","E00000745","Total",98,40,11,29,58,50,8
"2011","E00000747","E00000747","Total",110,42,10,32,68,59,9
"2011","E00000748","E00000748","Total",176,52,17,35,124,109,15
"2011","E00000749","E00000749","Total",90,37,11,26,53,48,5
"2011","E00000750","E00000750","Total",113,42,14,28,71,63,8
"2011","E00000736","E00000736","Total",130,46,14,32,84,73,11
"2011","E00000737","E00000737","Total",106,50,17,33,56,52,4
"2011","E00000739","E00000739","Total",137,45,12,33,92,80,12
"2011","E00000742","E00000742","Total",99,46,9,37,53,47,6
"2011","E00000746","E00000746","Total",135,62,18,44,73,69,4
"2011","E00000723","E00000723","Total",155,43,14,29,112,100,12
"2011","E00000738","E00000738","Total",110,41,7,34,69,64,5
"2011","E00000740","E00000740","Total",96,41,19,22,55,49,6
"2011","E00000743","E00000743","Total",93,42,15,27,51,46,5
"2011","E00000744","E00000744","Total",124,52,21,31,72,69,3
"2011","E00000751","E00000751","Total",125,34,7,27,91,82,9
"2011","E00000752","E00000752","Total",152,46,14,32,106,93,13
"2011","E00000754","E00000754","Total",117,34,8,26,83,67,16
"2011","E00174893","E00174893","Total",159,49,16,33,110,93,17
"2011","E00000880","E00000880","Total",127,39,12,27,88,77,11
"2011","E00000884","E00000884","Total",122,28,8,20,94,72,22
"2011","E00000890","E00000890","Total",153,33,10,23,120,92,28
"2011","E00000894","E00000894","Total",157,38,13,25,119,98,21
"2011","E00000897","E00000897","Total",76,34,15,19,42,30,12
"2011","E00000904","E00000904","Total",71,18,5,13,53,40,13
"2011","E00000883","E00000883","Total",164,42,17,25,122,94,28
"2011","E00000895","E00000895","Total",210,51,19,32,159,118,41
"2011","E00000898","E00000898","Total",186,50,15,35,136,101,35
"2011","E00000902","E00000902","Total",144,40,16,24,104,92,12
"2011","E00000907","E00000907","Total",200,53,19,34,147,96,51
"2011","E00000872","E00000872","Total",134,40,10,30,94,80,14
"2011","E00000878","E00000878","Total",164,48,12,36,116,96,20
"2011","E00000879","E00000879","Total",180,51,20,31,129,117,12
"2011","E00000882","E00000882","Total",130,39,10,29,91,77,14
"2011","E00001462","E00001462","Total",208,48,23,25,160,138,22
"2011","E00001463","E00001463","Total",156,43,10,33,113,84,29
"2011","E00001464","E00001464","Total",207,45,11,34,162,121,41
"2011","E00001466","E00001466","Total",234,45,16,29,189,148,41
"2011","E00001541","E00001541","Total",173,43,13,30,130,101,29
"2011","E00001562","E00001562","Total",151,46,14,32,105,94,11
"2011","E00001564","E00001564","Total",166,47,17,30,119,93,26
"2011","E00001567","E00001567","Total",274,76,23,53,198,166,32
"2011","E00174907","E00174907","Total",230,46,12,34,184,149,35
"2011","E00174909","E00174909","Total",175,46,21,25,129,100,29
"2011","E00001542","E00001542","Total",215,62,25,37,153,107,46
"2011","E00001566","E00001566","Total",184,41,20,21,143,112,31
"2011","E00001568","E00001568","Total",218,56,19,37,162,130,32
"2011","E00001570","E00001570","Total",182,48,19,29,134,112,22
"2011","E00000989","E00000989","Total",245,53,24,29,192,155,37
"2011","E00000991","E00000991","Total",127,39,17,22,88,68,20
"2011","E00000994","E00000994","Total",114,33,14,19,81,71,10
"2011","E00000996","E00000996","Total",181,40,20,20,141,114,27
"2011","E00001005","E00001005","Total",220,52,19,33,168,134,34
"2011","E00001009","E00001009","Total",143,42,15,27,101,86,15
"2011","E00000966","E00000966","Total",129,45,16,29,84,67,17
"2011","E00000969","E00000969","Total",121,41,16,25,80,61,19
"2011","E00000975","E00000975","Total",155,38,9,29,117,84,33
"2011","E00000999","E00000999","Total",165,38,15,23,127,87,40
"2011","E00001000","E00001000","Total",100,27,11,16,73,55,18
"2011","E00001008","E00001008","Total",177,56,19,37,121,92,29
"2011","E00000971","E00000971","Total",145,44,18,26,101,71,30
"2011","E00000979","E00000979","Total",175,69,25,44,106,76,30
"2011","E00000981","E00000981","Total",211,69,30,39,142,98,44
"2011","E00000982","E00000982","Total",196,71,34,37,125,88,37
"2011","E00000974","E00000974","Total",180,44,20,24,136,101,35
"2011","E00000978","E00000978","Total",166,52,20,32,114,88,26
"2011","E00001007","E00001007","Total",201,51,19,32,150,119,31
"2011","E00001010","E00001010","Total",171,59,20,39,112,79,33
"2011","E00001011","E00001011","Total",172,57,23,34,115,79,36
"2011","E00000967","E00000967","Total",132,44,9,35,88,67,21
"2011","E00000976","E00000976","Total",143,46,19,27,97,85,12
"2011","E00000977","E00000977","Total",179,49,26,23,130,95,35
"2011","E00000980","E00000980","Total",131,50,17,33,81,69,12
"2011","E00000983","E00000983","Total",168,59,26,33,109,73,36
"2011","E00000871","E00000871","Total",185,42,10,32,143,97,46
"2011","E00000892","E00000892","Total",207,60,25,35,147,114,33
"2011","E00000893","E00000893","Total",219,44,15,29,175,141,34
"2011","E00000899","E00000899","Total",202,50,15,35,152,122,30
"2011","E00000901","E00000901","Total",182,36,14,22,146,116,30
"2011","E00000870","E00000870","Total",165,35,11,24,130,109,21
"2011","E00000886","E00000886","Total",164,44,15,29,120,96,24
"2011","E00000888","E00000888","Total",167,21,6,15,146,112,34
"2011","E00000891","E00000891","Total",198,35,13,22,163,139,24
"2011","E00000900","E00000900","Total",170,45,19,26,125,98,27
"2011","E00000906","E00000906","Total",165,40,12,28,125,93,32
"2011","E00000874","E00000874","Total",81,14,4,10,67,53,14
"2011","E00000876","E00000876","Total",156,47,21,26,109,60,49
"2011","E00000903","E00000903","Total",179,21,6,15,158,126,32
"2011","E00000912","E00000912","Total",119,38,22,16,81,67,14
"2011","E00000917","E00000917","Total",86,18,8,10,68,49,19
"2011","E00000921","E00000921","Total",188,44,12,32,144,126,18
"2011","E00000905","E00000905","Total",181,39,13,26,142,103,39
"2011","E00000909","E00000909","Total",190,58,21,37,132,98,34
"2011","E00000910","E00000910","Total",220,58,18,40,162,120,42
"2011","E00000911","E00000911","Total",230,36,9,27,194,159,35
"2011","E00000916","E00000916","Total",186,34,9,25,152,113,39
"2011","E00000877","E00000877","Total",185,37,12,25,148,101,47
"2011","E00000915","E00000915","Total",183,38,14,24,145,107,38
"2011","E00000918","E00000918","Total",147,22,7,15,125,91,34
"2011","E00000919","E00000919","Total",230,45,17,28,185,141,44
"2011","E00000920","E00000920","Total",237,45,19,26,192,150,42
"2011","E00000881","E00000881","Total",153,49,18,31,104,89,15
"2011","E00000885","E00000885","Total",131,37,17,20,94,76,18
"2011","E00000887","E00000887","Total",123,32,7,25,91,74,17
"2011","E00000889","E00000889","Total",107,29,7,22,78,62,16
"2011","E00000896","E00000896","Total",104,19,10,9,85,73,12
"2011","E00000726","E00000726","Total",219,67,22,45,152,131,21
"2011","E00000727","E00000727","Total",205,54,15,39,151,124,27
"2011","E00000728","E00000728","Total",207,61,18,43,146,120,26
"2011","E00000730","E00000730","Total",217,55,11,44,162,138,24
"2011","E00000763","E00000763","Total",122,42,9,33,80,71,9
"2011","E00000765","E00000765","Total",132,36,15,21,96,81,15
"2011","E00000766","E00000766","Total",262,76,15,61,186,164,22
"2011","E00000767","E00000767","Total",156,53,11,42,103,88,15
"2011","E00000768","E00000768","Total",131,31,11,20,100,86,14
"2011","E00000724","E00000724","Total",139,39,11,28,100,82,18
"2011","E00000755","E00000755","Total",147,34,8,26,113,98,15
"2011","E00000756","E00000756","Total",155,51,16,35,104,81,23
"2011","E00000757","E00000757","Total",161,38,12,26,123,97,26
"2011","E00000758","E00000758","Total",140,42,16,26,98,82,16
"2011","E00000760","E00000760","Total",145,42,14,28,103,85,18
"2011","E00000761","E00000761","Total",131,29,6,23,102,88,14
"2011","E00000725","E00000725","Total",194,55,20,35,139,118,21
"2011","E00000732","E00000732","Total",222,67,30,37,155,129,26
"2011","E00000762","E00000762","Total",108,29,10,19,79,61,18
"2011","E00000764","E00000764","Total",191,57,17,40,134,104,30
"2011","E00174890","E00174890","Total",78,20,8,12,58,50,8
"2011","E00174892","E00174892","Total",195,98,67,31,97,75,22
"2011","E00174910","E00174910","Total",124,25,9,16,99,75,24
"2011","E00174913","E00174913","Total",111,17,8,9,94,73,21
"2011","E00174921","E00174921","Total",165,23,10,13,142,121,21
"2011","E00174922","E00174922","Total",104,39,10,29,65,58,7
"2011","E00001164","E00001164","Total",140,26,10,16,114,86,28
"2011","E00001180","E00001180","Total",128,28,8,20,100,85,15
"2011","E00001191","E00001191","Total",212,56,17,39,156,132,24
"2011","E00001203","E00001203","Total",124,16,7,9,108,86,22
"2011","E00001204","E00001204","Total",150,29,11,18,121,101,20
"2011","E00174912","E00174912","Total",157,45,17,28,112,89,23
"2011","E00174918","E00174918","Total",106,32,10,22,74,61,13
"2011","E00001178","E00001178","Total",201,57,17,40,144,109,35
"2011","E00001179","E00001179","Total",174,56,25,31,118,87,31
"2011","E00001181","E00001181","Total",211,74,31,43,137,111,26
"2011","E00001185","E00001185","Total",195,51,14,37,144,114,30
"2011","E00001182","E00001182","Total",171,57,22,35,114,87,27
"2011","E00001183","E00001183","Total",205,65,35,30,140,96,44
"2011","E00001184","E00001184","Total",242,66,27,39,176,139,37
"2011","E00001194","E00001194","Total",134,49,25,24,85,64,21
"2011","E00001197","E00001197","Total",162,49,18,31,113,84,29
"2011","E00001494","E00001494","Total",205,57,28,29,148,125,23
"2011","E00001521","E00001521","Total",119,35,9,26,84,71,13
"2011","E00001522","E00001522","Total",152,51,19,32,101,77,24
"2011","E00001524","E00001524","Total",174,69,32,37,105,71,34
"2011","E00001525","E00001525","Total",239,67,27,40,172,131,41
"2011","E00001157","E00001157","Total",222,57,27,30,165,123,42
"2011","E00001163","E00001163","Total",196,53,24,29,143,122,21
"2011","E00001167","E00001167","Total",159,41,24,17,118,94,24
"2011","E00001174","E00001174","Total",247,76,37,39,171,124,47
"2011","E00001177","E00001177","Total",249,68,30,38,181,144,37
"2011","E00001155","E00001155","Total",121,29,13,16,92,65,27
"2011","E00001156","E00001156","Total",68,26,12,14,42,35,7
"2011","E00001186","E00001186","Total",137,40,15,25,97,69,28
"2011","E00001193","E00001193","Total",221,75,24,51,146,111,35
"2011","E00001195","E00001195","Total",117,34,10,24,83,53,30
"2011","E00001160","E00001160","Total",203,57,23,34,146,121,25
"2011","E00001188","E00001188","Total",159,44,19,25,115,92,23
"2011","E00001192","E00001192","Total",145,45,15,30,100,80,20
"2011","E00001196","E00001196","Total",172,49,16,33,123,91,32
"2011","E00001198","E00001198","Total",108,33,8,25,75,54,21
"2011","E00001199","E00001199","Total",137,50,26,24,87,71,16
"2011","E00001161","E00001161","Total",195,48,16,32,147,125,22
"2011","E00001187","E00001187","Total",201,64,25,39,137,107,30
"2011","E00001189","E00001189","Total",159,41,12,29,118,95,23
"2011","E00001205","E00001205","Total",200,67,29,38,133,108,25
"2011","E00001159","E00001159","Total",137,40,9,31,97,84,13
"2011","E00001162","E00001162","Total",100,42,17,25,58,48,10
"2011","E00001165","E00001165","Total",181,43,23,20,138,106,32
"2011","E00001166","E00001166","Total",215,56,13,43,159,127,32
"2011","E00001170","E00001170","Total",112,44,10,34,68,52,16
"2011","E00001171","E00001171","Total",132,36,13,23,96,69,27
"2011","E00001495","E00001495","Total",195,47,28,19,148,113,35
"2011","E00001523","E00001523","Total",186,50,24,26,136,102,34
"2011","E00001534","E00001534","Total",183,53,20,33,130,98,32
"2011","E00001536","E00001536","Total",203,61,32,29,142,110,32
"2011","E00001539","E00001539","Total",188,56,19,37,132,106,26
"2011","E00000873","E00000873","Total",168,48,26,22,120,86,34
"2011","E00000875","E00000875","Total",135,37,14,23,98,66,32
"2011","E00000908","E00000908","Total",180,38,13,25,142,114,28
"2011","E00000913","E00000913","Total",127,26,12,14,101,77,24
"2011","E00000914","E00000914","Total",135,26,13,13,109,73,36
"2011","E00001014","E00001014","Total",203,58,29,29,145,99,46
"2011","E00001015","E00001015","Total",157,42,13,29,115,79,36
"2011","E00001017","E00001017","Total",159,42,15,27,117,71,46
"2011","E00001057","E00001057","Total",166,46,15,31,120,74,46
"2011","E00001034","E00001034","Total",157,35,10,25,122,99,23
"2011","E00001037","E00001037","Total",153,54,20,34,99,67,32
"2011","E00001043","E00001043","Total",156,46,22,24,110,58,52
"2011","E00001051","E00001051","Total",131,41,21,20,90,50,40
"2011","E00001052","E00001052","Total",138,35,12,23,103,69,34
"2011","E00001028","E00001028","Total",192,50,23,27,142,97,45
"2011","E00001030","E00001030","Total",161,52,27,25,109,74,35
"2011","E00001031","E00001031","Total",151,48,21,27,103,55,48
"2011","E00001035","E00001035","Total",165,37,12,25,128,100,28
"2011","E00001038","E00001038","Total",139,33,11,22,106,70,36
"2011","E00001018","E00001018","Total",126,31,11,20,95,66,29
"2011","E00001019","E00001019","Total",161,37,13,24,124,89,35
"2011","E00001024","E00001024","Total",173,47,18,29,126,95,31
"2011","E00001025","E00001025","Total",162,49,19,30,113,63,50
"2011","E00001027","E00001027","Total",162,33,14,19,129,94,35
"2011","E00001012","E00001012","Total",81,21,10,11,60,38,22
"2011","E00001046","E00001046","Total",167,49,26,23,118,71,47
"2011","E00001047","E00001047","Total",179,56,26,30,123,72,51
"2011","E00001049","E00001049","Total",182,50,21,29,132,76,56
"2011","E00001169","E00001169","Total",154,51,22,29,103,74,29
"2011","E00001172","E00001172","Total",155,61,20,41,94,68,26
"2011","E00001173","E00001173","Total",178,56,25,31,122,89,33
"2011","E00001175","E00001175","Total",159,72,30,42,87,67,20
"2011","E00001176","E00001176","Total",157,47,24,23,110,95,15
"2011","E00001158","E00001158","Total",207,77,31,46,130,107,23
"2011","E00001168","E00001168","Total",161,47,20,27,114,99,15
"2011","E00001200","E00001200","Total",183,72,32,40,111,73,38
"2011","E00001201","E00001201","Total",156,58,25,33,98,76,22
"2011","E00001202","E00001202","Total",155,42,16,26,113,98,15
"2011","E00001501","E00001501","Total",215,61,22,39,154,120,34
"2011","E00001506","E00001506","Total",175,48,21,27,127,102,25
"2011","E00001512","E00001512","Total",187,53,19,34,134,102,32
"2011","E00001532","E00001532","Total",195,63,22,41,132,100,32
"2011","E00001533","E00001533","Total",293,97,36,61,196,170,26
"2011","E00001505","E00001505","Total",135,43,11,32,92,64,28
"2011","E00001526","E00001526","Total",174,56,27,29,118,85,33
"2011","E00001527","E00001527","Total",153,53,18,35,100,70,30
"2011","E00001531","E00001531","Total",186,65,30,35,121,87,34
"2011","E00001020","E00001020","Total",159,53,22,31,106,65,41
"2011","E00001022","E00001022","Total",153,44,10,34,109,72,37
"2011","E00001023","E00001023","Total",165,47,19,28,118,71,47
"2011","E00001032","E00001032","Total",149,39,19,20,110,81,29
"2011","E00001036","E00001036","Total",130,38,12,26,92,69,23
"2011","E00001029","E00001029","Total",128,30,14,16,98,67,31
"2011","E00001040","E00001040","Total",140,41,16,25,99,69,30
"2011","E00001041","E00001041","Total",48,12,4,8,36,32,4
"2011","E00001042","E00001042","Total",99,27,12,15,72,58,14
"2011","E00001044","E00001044","Total",162,52,22,30,110,66,44
"2011","E00001045","E00001045","Total",129,45,23,22,84,56,28
"2011","E00001021","E00001021","Total",180,50,19,31,130,100,30
"2011","E00001026","E00001026","Total",188,41,21,20,147,113,34
"2011","E00001033","E00001033","Total",137,34,11,23,103,76,27
"2011","E00001039","E00001039","Total",96,26,4,22,70,58,12
"2011","E00001048","E00001048","Total",291,96,32,64,195,160,35
"2011","E00001050","E00001050","Total",218,48,18,30,170,134,36
"2011","E00001053","E00001053","Total",163,50,19,31,113,66,47
"2011","E00001054","E00001054","Total",139,40,27,13,99,54,45
"2011","E00001055","E00001055","Total",202,54,21,33,148,117,31
"2011","E00001056","E00001056","Total",215,49,23,26,166,132,34
"2011","E00001063","E00001063","Total",206,71,27,44,135,99,36
"2011","E00001064","E00001064","Total",176,45,11,34,131,88,43
"2011","E00001067","E00001067","Total",198,54,28,26,144,110,34
"2011","E00001101","E00001101","Total",155,57,29,28,98,76,22
"2011","E00001105","E00001105","Total",171,46,16,30,125,98,27
"2011","E00001095","E00001095","Total",193,59,21,38,134,107,27
"2011","E00001098","E00001098","Total",209,61,20,41,148,109,39
"2011","E00001099","E00001099","Total",176,52,22,30,124,94,30
"2011","E00001103","E00001103","Total",178,73,30,43,105,66,39
"2011","E00000729","E00000729","Total",189,61,14,47,128,100,28
"2011","E00000731","E00000731","Total",161,50,22,28,111,86,25
"2011","E00000733","E00000733","Total",173,42,16,26,131,108,23
"2011","E00000734","E00000734","Total",178,66,20,46,112,92,20
"2011","E00174891","E00174891","Total",145,48,14,34,97,82,15
"2011","E00174911","E00174911","Total",174,42,10,32,132,118,14
"2011","E00001510","E00001510","Total",251,70,20,50,181,151,30
"2011","E00001515","E00001515","Total",160,72,21,51,88,72,16
"2011","E00001517","E00001517","Total",228,69,20,49,159,126,33
"2011","E00001520","E00001520","Total",140,40,15,25,100,82,18
"2011","E00001499","E00001499","Total",196,68,24,44,128,106,22
"2011","E00001500","E00001500","Total",216,48,14,34,168,134,34
"2011","E00001502","E00001502","Total",211,61,27,34,150,114,36
"2011","E00001516","E00001516","Total",236,57,19,38,179,159,20
"2011","E00001503","E00001503","Total",137,40,12,28,97,85,12
"2011","E00001504","E00001504","Total",103,33,11,22,70,62,8
"2011","E00001507","E00001507","Total",184,86,25,61,98,87,11
"2011","E00001513","E00001513","Total",65,19,3,16,46,44,2
"2011","E00001514","E00001514","Total",86,34,13,21,52,39,13
"2011","E00001498","E00001498","Total",179,58,23,35,121,107,14
"2011","E00001529","E00001529","Total",171,59,14,45,112,96,16
"2011","E00001530","E00001530","Total",167,55,15,40,112,91,21
"2011","E00001535","E00001535","Total",153,49,17,32,104,89,15
"2011","E00001538","E00001538","Total",139,37,7,30,102,82,20
"2011","E00001497","E00001497","Total",200,87,30,57,113,96,17
"2011","E00001508","E00001508","Total",214,65,27,38,149,125,24
"2011","E00001509","E00001509","Total",210,70,23,47,140,124,16
"2011","E00001528","E00001528","Total",139,38,17,21,101,81,20
"2011","E00001537","E00001537","Total",156,38,11,27,118,90,28
"2011","E00000689","E00000689","Total",139,53,21,32,86,66,20
"2011","E00000690","E00000690","Total",152,54,23,31,98,75,23
"2011","E00000692","E00000692","Total",182,49,11,38,133,96,37
"2011","E00000695","E00000695","Total",152,44,14,30,108,75,33
"2011","E00001097","E00001097","Total",209,77,32,45,132,101,31
"2011","E00001100","E00001100","Total",141,58,27,31,83,64,19
"2011","E00001102","E00001102","Total",167,57,14,43,110,90,20
"2011","E00001104","E00001104","Total",125,29,7,22,96,75,21
"2011","E00001106","E00001106","Total",177,68,17,51,109,82,27
"2011","E00001062","E00001062","Total",240,74,25,49,166,125,41
"2011","E00001065","E00001065","Total",167,64,26,38,103,74,29
"2011","E00001068","E00001068","Total",193,67,22,45,126,93,33
"2011","E00001071","E00001071","Total",187,61,25,36,126,97,29
"2011","E00001066","E00001066","Total",222,74,19,55,148,125,23
"2011","E00001070","E00001070","Total",195,68,27,41,127,109,18
"2011","E00001072","E00001072","Total",212,72,25,47,140,104,36
"2011","E00001075","E00001075","Total",207,80,24,56,127,100,27
"2011","E00001069","E00001069","Total",181,61,25,36,120,90,30
"2011","E00001073","E00001073","Total",182,69,32,37,113,93,20
"2011","E00001074","E00001074","Total",241,84,26,58,157,132,25
"2011","E00001077","E00001077","Total",217,61,16,45,156,122,34
"2011","E00001092","E00001092","Total",212,74,25,49,138,91,47
"2011","E00001093","E00001093","Total",202,77,26,51,125,86,39
"2011","E00001094","E00001094","Total",174,80,23,57,94,73,21
"2011","E00001096","E00001096","Total",30,16,5,11,14,11,3
"2011","E00000697","E00000697","Total",180,65,33,32,115,80,35
"2011","E00000698","E00000698","Total",192,57,19,38,135,99,36
"2011","E00000706","E00000706","Total",161,41,18,23,120,80,40
"2011","E00000708","E00000708","Total",180,56,26,30,124,88,36
"2011","E00000700","E00000700","Total",181,36,10,26,145,100,45
"2011","E00000703","E00000703","Total",157,44,21,23,113,64,49
"2011","E00000705","E00000705","Total",167,44,17,27,123,79,44
"2011","E00000707","E00000707","Total",199,54,21,33,145,100,45
"2011","E00000687","E00000687","Total",180,58,19,39,122,91,31
"2011","E00000688","E00000688","Total",157,44,23,21,113,74,39
"2011","E00000691","E00000691","Total",148,42,16,26,106,78,28
"2011","E00000693","E00000693","Total",201,57,19,38,144,106,38
"2011","E00000694","E00000694","Total",153,37,14,23,116,76,40
"2011","E00000696","E00000696","Total",276,71,23,48,205,168,37
"2011","E00000699","E00000699","Total",182,50,23,27,132,105,27
"2011","E00000701","E00000701","Total",147,50,21,29,97,73,24
"2011","E00000702","E00000702","Total",217,53,19,34,164,134,30
"2011","E00000704","E00000704","Total",120,27,12,15,93,72,21
"2011","E00001013","E00001013","Total",215,43,23,20,172,126,46
"2011","E00001016","E00001016","Total",210,48,18,30,162,125,37
"2011","E00001058","E00001058","Total",174,31,17,14,143,92,51
"2011","E00001059","E00001059","Total",206,55,20,35,151,98,53
"2011","E00001060","E00001060","Total",142,38,8,30,104,87,17
"2011","E00000668","E00000668","Total",155,61,19,42,94,78,16
"2011","E00000676","E00000676","Total",208,46,10,36,162,142,20
"2011","E00000677","E00000677","Total",185,61,15,46,124,103,21
"2011","E00000681","E00000681","Total",208,43,11,32,165,133,32
"2011","E00000685","E00000685","Total",195,56,18,38,139,111,28
"2011","E00000686","E00000686","Total",191,63,23,40,128,102,26
"2011","E00001061","E00001061","Total",171,47,17,30,124,94,30
"2011","E00001076","E00001076","Total",114,40,14,26,74,62,12
"2011","E00001078","E00001078","Total",114,40,15,25,74,62,12
"2011","E00001079","E00001079","Total",85,31,14,17,54,42,12
"2011","E00001083","E00001083","Total",151,46,8,38,105,94,11
"2011","E00001084","E00001084","Total",128,42,17,25,86,66,20
"2011","E00001088","E00001088","Total",176,53,13,40,123,103,20
"2011","E00001090","E00001090","Total",120,42,8,34,78,66,12
"2011","E00001496","E00001496","Total",239,77,26,51,162,141,21
"2011","E00001511","E00001511","Total",147,48,11,37,99,84,15
"2011","E00001518","E00001518","Total",164,44,14,30,120,110,10
"2011","E00001519","E00001519","Total",211,69,28,41,142,125,17
"2011","E00000670","E00000670","Total",170,50,14,36,120,95,25
"2011","E00000710","E00000710","Total",172,56,21,35,116,91,25
"2011","E00000712","E00000712","Total",160,54,17,37,106,86,20
"2011","E00000720","E00000720","Total",162,46,17,29,116,92,24
"2011","E00000679","E00000679","Total",168,49,14,35,119,99,20
"2011","E00000714","E00000714","Total",160,46,16,30,114,86,28
"2011","E00000715","E00000715","Total",199,56,20,36,143,123,20
"2011","E00000719","E00000719","Total",177,45,9,36,132,106,26
"2011","E00174894","E00174894","Total",134,31,9,22,103,82,21
"2011","E00174895","E00174895","Total",117,32,11,21,85,66,19
"2011","E00174901","E00174901","Total",130,37,14,23,93,70,23
"2011","E00174902","E00174902","Total",128,40,12,28,88,78,10
"2011","E00001080","E00001080","Total",170,60,26,34,110,94,16
"2011","E00001081","E00001081","Total",156,46,15,31,110,92,18
"2011","E00001082","E00001082","Total",166,59,17,42,107,83,24
"2011","E00001085","E00001085","Total",175,59,23,36,116,99,17
"2011","E00001086","E00001086","Total",202,55,21,34,147,116,31
"2011","E00001087","E00001087","Total",144,44,11,33,100,72,28
"2011","E00001089","E00001089","Total",171,61,24,37,110,88,22
"2011","E00001091","E00001091","Total",161,48,17,31,113,83,30
"2011","E00000678","E00000678","Total",157,38,6,32,119,93,26
"2011","E00000709","E00000709","Total",144,49,16,33,95,86,9
"2011","E00000713","E00000713","Total",163,48,12,36,115,85,30
"2011","E00000717","E00000717","Total",97,32,9,23,65,59,6
"2011","E00000718","E00000718","Total",121,31,7,24,90,78,12
"2011","E00000669","E00000669","Total",188,48,23,25,140,97,43
"2011","E00000672","E00000672","Total",188,55,17,38,133,99,34
"2011","E00000674","E00000674","Total",197,56,26,30,141,88,53
"2011","E00000675","E00000675","Total",169,40,12,28,129,101,28
"2011","E00000671","E00000671","Total",155,38,17,21,117,80,37
"2011","E00000711","E00000711","Total",157,46,17,29,111,83,28
"2011","E00000716","E00000716","Total",180,56,14,42,124,104,20
"2011","E00000721","E00000721","Total",183,48,17,31,135,110,25
"2011","E00000722","E00000722","Total",167,50,15,35,117,67,50
"2011","E00000680","E00000680","Total",146,58,23,35,88,74,14
"2011","E00000682","E00000682","Total",126,50,20,30,76,53,23
"2011","E00000683","E00000683","Total",145,41,12,29,104,86,18
"2011","E00000684","E00000684","Total",174,51,9,42,123,101,22
"2011","E00002275","E00002275","Total",158,41,9,32,117,105,12
"2011","E00002296","E00002296","Total",165,48,15,33,117,99,18
"2011","E00002297","E00002297","Total",130,42,7,35,88,74,14
"2011","E00002300","E00002300","Total",115,32,9,23,83,73,10
"2011","E00002302","E00002302","Total",62,21,4,17,41,32,9
"2011","E00002282","E00002282","Total",106,29,6,23,77,70,7
"2011","E00002283","E00002283","Total",106,36,10,26,70,61,9
"2011","E00002284","E00002284","Total",203,56,19,37,147,127,20
"2011","E00002287","E00002287","Total",155,30,6,24,125,112,13
"2011","E00002289","E00002289","Total",144,36,14,22,108,92,16
"2011","E00002285","E00002285","Total",186,50,15,35,136,117,19
"2011","E00002286","E00002286","Total",143,39,8,31,104,94,10
"2011","E00002288","E00002288","Total",187,49,16,33,138,115,23
"2011","E00002291","E00002291","Total",178,55,10,45,123,109,14
"2011","E00166763","E00166763","Total",131,25,7,18,106,92,14
"2011","E00166764","E00166764","Total",148,43,11,32,105,95,10
"2011","E00166765","E00166765","Total",91,17,6,11,74,63,11
"2011","E00166766","E00166766","Total",109,42,11,31,67,62,5
"2011","E00002279","E00002279","Total",191,48,14,34,143,124,19
"2011","E00002290","E00002290","Total",134,30,12,18,104,87,17
"2011","E00002292","E00002292","Total",121,41,13,28,80,66,14
"2011","E00002293","E00002293","Total",171,46,17,29,125,110,15
"2011","E00002294","E00002294","Total",140,34,7,27,106,93,13
"2011","E00002042","E00002042","Total",168,52,15,37,116,101,15
"2011","E00002043","E00002043","Total",164,41,14,27,123,102,21
"2011","E00002048","E00002048","Total",167,38,10,28,129,112,17
"2011","E00002070","E00002070","Total",169,59,14,45,110,93,17
"2011","E00002044","E00002044","Total",174,45,12,33,129,113,16
"2011","E00002045","E00002045","Total",128,35,10,25,93,78,15
"2011","E00002046","E00002046","Total",137,34,11,23,103,82,21
"2011","E00002047","E00002047","Total",184,54,11,43,130,107,23
"2011","E00002049","E00002049","Total",177,52,20,32,125,107,18
"2011","E00002072","E00002072","Total",122,36,15,21,86,72,14
"2011","E00002040","E00002040","Total",117,53,22,31,64,51,13
"2011","E00002041","E00002041","Total",134,43,9,34,91,86,5
"2011","E00002068","E00002068","Total",107,26,3,23,81,63,18
"2011","E00002069","E00002069","Total",97,25,8,17,72,65,7
"2011","E00002071","E00002071","Total",189,62,25,37,127,107,20
"2011","E00002281","E00002281","Total",210,54,11,43,156,143,13
"2011","E00002304","E00002304","Total",153,49,19,30,104,89,15
"2011","E00002307","E00002307","Total",193,57,23,34,136,118,18
"2011","E00002309","E00002309","Total",58,11,2,9,47,36,11
"2011","E00002299","E00002299","Total",98,30,8,22,68,62,6
"2011","E00002301","E00002301","Total",117,24,11,13,93,80,13
"2011","E00002303","E00002303","Total",113,34,12,22,79,68,11
"2011","E00002305","E00002305","Total",89,29,8,21,60,54,6
"2011","E00002306","E00002306","Total",124,36,10,26,88,72,16
"2011","E00002308","E00002308","Total",108,37,12,25,71,59,12
"2011","E00002276","E00002276","Total",48,11,1,10,37,34,3
"2011","E00002277","E00002277","Total",117,38,7,31,79,73,6
"2011","E00002280","E00002280","Total",150,44,12,32,106,91,15
"2011","E00002295","E00002295","Total",75,20,3,17,55,49,6
"2011","E00002298","E00002298","Total",148,49,13,36,99,86,13
"2011","E00001629","E00001629","Total",117,29,10,19,88,72,16
"2011","E00001631","E00001631","Total",151,29,7,22,122,101,21
"2011","E00001657","E00001657","Total",82,28,6,22,54,42,12
"2011","E00001658","E00001658","Total",97,22,5,17,75,60,15
"2011","E00001659","E00001659","Total",149,38,11,27,111,89,22
"2011","E00001661","E00001661","Total",142,33,14,19,109,96,13
"2011","E00001632","E00001632","Total",183,44,14,30,139,121,18
"2011","E00001633","E00001633","Total",136,37,14,23,99,78,21
"2011","E00001634","E00001634","Total",109,41,12,29,68,61,7
"2011","E00001635","E00001635","Total",146,46,11,35,100,83,17
"2011","E00001644","E00001644","Total",171,34,19,15,137,118,19
"2011","E00001636","E00001636","Total",154,27,7,20,127,102,25
"2011","E00001637","E00001637","Total",129,42,11,31,87,76,11
"2011","E00001638","E00001638","Total",211,68,17,51,143,125,18
"2011","E00001639","E00001639","Total",123,41,9,32,82,68,14
"2011","E00001641","E00001641","Total",72,30,8,22,42,33,9
"2011","E00001646","E00001646","Total",124,35,10,25,89,74,15
"2011","E00001628","E00001628","Total",175,40,11,29,135,120,15
"2011","E00001640","E00001640","Total",178,46,13,33,132,120,12
"2011","E00001645","E00001645","Total",181,43,15,28,138,119,19
"2011","E00001648","E00001648","Total",163,50,12,38,113,94,19
"2011","E00001650","E00001650","Total",144,45,13,32,99,85,14
"2011","E00001627","E00001627","Total",173,50,18,32,123,103,20
"2011","E00001642","E00001642","Total",168,39,14,25,129,108,21
"2011","E00001647","E00001647","Total",211,63,19,44,148,125,23
"2011","E00001649","E00001649","Total",182,43,15,28,139,125,14
"2011","E00001652","E00001652","Total",188,50,20,30,138,113,25
"2011","E00001980","E00001980","Total",162,37,10,27,125,102,23
"2011","E00001981","E00001981","Total",231,71,21,50,160,145,15
"2011","E00002003","E00002003","Total",67,19,7,12,48,43,5
"2011","E00002004","E00002004","Total",140,41,18,23,99,82,17
"2011","E00166767","E00166767","Total",93,12,2,10,81,73,8
"2011","E00166769","E00166769","Total",117,29,7,22,88,75,13
"2011","E00166772","E00166772","Total",56,15,2,13,41,36,5
"2011","E00001972","E00001972","Total",212,35,10,25,177,147,30
"2011","E00001974","E00001974","Total",184,56,19,37,128,105,23
"2011","E00001997","E00001997","Total",175,33,16,17,142,119,23
"2011","E00002001","E00002001","Total",134,32,7,25,102,85,17
"2011","E00166768","E00166768","Total",118,23,6,17,95,70,25
"2011","E00166770","E00166770","Total",79,25,16,9,54,46,8
"2011","E00166771","E00166771","Total",94,24,5,19,70,59,11
"2011","E00001989","E00001989","Total",169,42,12,30,127,103,24
"2011","E00001991","E00001991","Total",159,55,15,40,104,92,12
"2011","E00001993","E00001993","Total",161,38,16,22,123,112,11
"2011","E00001994","E00001994","Total",166,45,15,30,121,99,22
"2011","E00001984","E00001984","Total",136,38,13,25,98,87,11
"2011","E00001985","E00001985","Total",156,41,10,31,115,94,21
"2011","E00001986","E00001986","Total",175,48,21,27,127,106,21
"2011","E00001987","E00001987","Total",186,44,12,32,142,114,28
"2011","E00001988","E00001988","Total",98,35,15,20,63,53,10
"2011","E00001625","E00001625","Total",71,18,6,12,53,45,8
"2011","E00001643","E00001643","Total",173,59,25,34,114,98,16
"2011","E00001651","E00001651","Total",154,29,10,19,125,94,31
"2011","E00001653","E00001653","Total",158,41,12,29,117,100,17
"2011","E00001655","E00001655","Total",150,60,23,37,90,69,21
"2011","E00001973","E00001973","Total",126,22,7,15,104,87,17
"2011","E00001975","E00001975","Total",117,33,12,21,84,74,10
"2011","E00001976","E00001976","Total",138,44,18,26,94,77,17
"2011","E00001990","E00001990","Total",145,36,12,24,109,95,14
"2011","E00001995","E00001995","Total",173,36,7,29,137,113,24
"2011","E00001992","E00001992","Total",159,42,13,29,117,99,18
"2011","E00001996","E00001996","Total",140,25,7,18,115,96,19
"2011","E00001998","E00001998","Total",153,54,18,36,99,81,18
"2011","E00002000","E00002000","Total",128,31,5,26,97,80,17
"2011","E00002002","E00002002","Total",171,54,16,38,117,100,17
"2011","E00001977","E00001977","Total",163,45,10,35,118,99,19
"2011","E00001978","E00001978","Total",121,35,13,22,86,78,8
"2011","E00001982","E00001982","Total",115,26,8,18,89,75,14
"2011","E00001983","E00001983","Total",106,28,6,22,78,70,8
"2011","E00002005","E00002005","Total",134,39,17,22,95,81,14
"2011","E00001626","E00001626","Total",176,46,16,30,130,113,17
"2011","E00001630","E00001630","Total",177,46,20,26,131,113,18
"2011","E00001654","E00001654","Total",181,54,12,42,127,102,25
"2011","E00001656","E00001656","Total",119,29,10,19,90,80,10
"2011","E00001660","E00001660","Total",145,37,9,28,108,92,16
"2011","E00002038","E00002038","Total",167,45,23,22,122,106,16
"2011","E00002050","E00002050","Total",127,28,8,20,99,83,16
"2011","E00002052","E00002052","Total",167,55,14,41,112,91,21
"2011","E00002053","E00002053","Total",169,44,9,35,125,101,24
"2011","E00002054","E00002054","Total",172,50,14,36,122,100,22
"2011","E00002056","E00002056","Total",185,47,19,28,138,117,21
"2011","E00002057","E00002057","Total",140,49,13,36,91,74,17
"2011","E00002059","E00002059","Total",144,39,9,30,105,96,9
"2011","E00002060","E00002060","Total",114,39,16,23,75,62,13
"2011","E00002062","E00002062","Total",95,25,8,17,70,55,15
"2011","E00002039","E00002039","Total",130,43,15,28,87,69,18
"2011","E00002051","E00002051","Total",155,36,11,25,119,97,22
"2011","E00002055","E00002055","Total",145,44,15,29,101,81,20
"2011","E00002058","E00002058","Total",175,56,19,37,119,103,16
"2011","E00002063","E00002063","Total",168,50,11,39,118,102,16
"2011","E00002154","E00002154","Total",158,46,19,27,112,98,14
"2011","E00002155","E00002155","Total",109,29,6,23,80,72,8
"2011","E00002157","E00002157","Total",186,65,26,39,121,104,17
"2011","E00002159","E00002159","Total",125,32,10,22,93,69,24
"2011","E00002163","E00002163","Total",175,50,18,32,125,100,25
"2011","E00002160","E00002160","Total",160,47,18,29,113,86,27
"2011","E00002161","E00002161","Total",173,56,23,33,117,97,20
"2011","E00002162","E00002162","Total",143,48,14,34,95,82,13
"2011","E00002167","E00002167","Total",154,46,10,36,108,93,15
"2011","E00002156","E00002156","Total",141,35,12,23,106,86,20
"2011","E00002164","E00002164","Total",159,40,11,29,119,107,12
"2011","E00002166","E00002166","Total",194,55,17,38,139,116,23
"2011","E00002169","E00002169","Total",156,38,16,22,118,98,20
"2011","E00002171","E00002171","Total",150,42,14,28,108,91,17
"2011","E00002143","E00002143","Total",158,49,17,32,109,88,21
"2011","E00002158","E00002158","Total",167,45,16,29,122,102,20
"2011","E00002168","E00002168","Total",175,51,16,35,124,101,23
"2011","E00002174","E00002174","Total",174,39,10,29,135,111,24
"2011","E00002149","E00002149","Total",175,49,17,32,126,106,20
"2011","E00002150","E00002150","Total",173,55,19,36,118,92,26
"2011","E00002153","E00002153","Total",178,50,14,36,128,112,16
"2011","E00002172","E00002172","Total",178,52,23,29,126,107,19
"2011","E00002144","E00002144","Total",183,50,17,33,133,115,18
"2011","E00002145","E00002145","Total",185,60,21,39,125,105,20
"2011","E00002148","E00002148","Total",74,20,7,13,54,40,14
"2011","E00002151","E00002151","Total",133,32,12,20,101,80,21
"2011","E00002152","E00002152","Total",154,41,10,31,113,98,15
"2011","E00001821","E00001821","Total",117,38,14,24,79,71,8
"2011","E00001822","E00001822","Total",149,42,8,34,107,95,12
"2011","E00001826","E00001826","Total",109,38,11,27,71,56,15
"2011","E00001827","E00001827","Total",112,37,7,30,75,60,15
"2011","E00001828","E00001828","Total",98,38,12,26,60,48,12
"2011","E00002112","E00002112","Total",106,31,10,21,75,67,8
"2011","E00002114","E00002114","Total",86,24,7,17,62,58,4
"2011","E00002118","E00002118","Total",144,41,18,23,103,84,19
"2011","E00002139","E00002139","Total",97,27,7,20,70,60,10
"2011","E00002141","E00002141","Total",123,47,15,32,76,62,14
"2011","E00002142","E00002142","Total",136,42,14,28,94,79,15
"2011","E00002109","E00002109","Total",106,28,14,14,78,64,14
"2011","E00002111","E00002111","Total",177,40,11,29,137,118,19
"2011","E00002115","E00002115","Total",181,36,8,28,145,124,21
"2011","E00002117","E00002117","Total",198,41,7,34,157,138,19
"2011","E00002120","E00002120","Total",166,43,11,32,123,108,15
"2011","E00002108","E00002108","Total",143,49,12,37,94,81,13
"2011","E00002113","E00002113","Total",111,29,10,19,82,78,4
"2011","E00002119","E00002119","Total",118,42,11,31,76,69,7
"2011","E00002121","E00002121","Total",140,52,25,27,88,74,14
"2011","E00002140","E00002140","Total",138,30,12,18,108,86,22
"2011","E00002116","E00002116","Total",151,45,20,25,106,84,22
"2011","E00002122","E00002122","Total",153,44,12,32,109,95,14
"2011","E00002127","E00002127","Total",146,31,10,21,115,100,15
"2011","E00002129","E00002129","Total",127,36,9,27,91,76,15
"2011","E00002132","E00002132","Total",73,17,4,13,56,49,7
"2011","E00002126","E00002126","Total",167,44,12,32,123,105,18
"2011","E00002130","E00002130","Total",166,54,20,34,112,89,23
"2011","E00002131","E00002131","Total",153,40,12,28,113,98,15
"2011","E00002135","E00002135","Total",109,34,9,25,75,67,8
"2011","E00002138","E00002138","Total",94,23,8,15,71,61,10
"2011","E00002110","E00002110","Total",131,57,16,41,74,68,6
"2011","E00002123","E00002123","Total",75,34,8,26,41,33,8
"2011","E00002124","E00002124","Total",93,36,9,27,57,53,4
"2011","E00002125","E00002125","Total",128,33,15,18,95,68,27
"2011","E00002128","E00002128","Total",153,33,11,22,120,104,16
"2011","E00001729","E00001729","Total",152,43,13,30,109,101,8
"2011","E00001744","E00001744","Total",130,36,15,21,94,76,18
"2011","E00001753","E00001753","Total",116,36,9,27,80,71,9
"2011","E00001754","E00001754","Total",136,35,10,25,101,81,20
"2011","E00001760","E00001760","Total",159,40,9,31,119,102,17
"2011","E00001730","E00001730","Total",165,41,6,35,124,94,30
"2011","E00001735","E00001735","Total",187,55,21,34,132,118,14
"2011","E00001742","E00001742","Total",185,56,22,34,129,107,22
"2011","E00001752","E00001752","Total",194,64,21,43,130,108,22
"2011","E00001728","E00001728","Total",172,49,20,29,123,107,16
"2011","E00001733","E00001733","Total",167,41,11,30,126,108,18
"2011","E00001734","E00001734","Total",152,46,15,31,106,85,21
"2011","E00001736","E00001736","Total",145,33,7,26,112,92,20
"2011","E00002061","E00002061","Total",145,42,13,29,103,87,16
"2011","E00002064","E00002064","Total",67,20,7,13,47,40,7
"2011","E00002065","E00002065","Total",165,42,17,25,123,107,16
"2011","E00002066","E00002066","Total",228,69,21,48,159,134,25
"2011","E00002067","E00002067","Total",56,10,4,6,46,43,3
"2011","E00002224","E00002224","Total",170,53,24,29,117,100,17
"2011","E00002225","E00002225","Total",105,38,14,24,67,60,7
"2011","E00002226","E00002226","Total",141,42,13,29,99,82,17
"2011","E00002227","E00002227","Total",171,43,15,28,128,104,24
"2011","E00002228","E00002228","Total",201,58,16,42,143,115,28
"2011","E00002209","E00002209","Total",170,44,18,26,126,110,16
"2011","E00002229","E00002229","Total",180,53,19,34,127,106,21
"2011","E00002230","E00002230","Total",200,42,13,29,158,142,16
"2011","E00002231","E00002231","Total",149,34,10,24,115,102,13
"2011","E00002232","E00002232","Total",170,49,12,37,121,95,26
"2011","E00002210","E00002210","Total",171,51,22,29,120,99,21
"2011","E00002233","E00002233","Total",191,66,19,47,125,104,21
"2011","E00002234","E00002234","Total",174,53,20,33,121,94,27
"2011","E00002235","E00002235","Total",220,65,22,43,155,136,19
"2011","E00001799","E00001799","Total",125,41,16,25,84,75,9
"2011","E00001801","E00001801","Total",143,39,11,28,104,91,13
"2011","E00001804","E00001804","Total",116,36,7,29,80,68,12
"2011","E00001824","E00001824","Total",177,57,19,38,120,101,19
"2011","E00001829","E00001829","Total",133,43,11,32,90,77,13
"2011","E00001802","E00001802","Total",148,45,10,35,103,86,17
"2011","E00001805","E00001805","Total",115,30,6,24,85,71,14
"2011","E00001808","E00001808","Total",126,34,11,23,92,81,11
"2011","E00001813","E00001813","Total",135,41,18,23,94,81,13
"2011","E00001814","E00001814","Total",140,34,9,25,106,91,15
"2011","E00001819","E00001819","Total",171,48,23,25,123,101,22
"2011","E00001820","E00001820","Total",151,53,15,38,98,79,19
"2011","E00001823","E00001823","Total",113,38,11,27,75,62,13
"2011","E00001825","E00001825","Total",117,35,14,21,82,69,13
"2011","E00001830","E00001830","Total",130,41,13,28,89,76,13
"2011","E00001831","E00001831","Total",152,39,10,29,113,103,10
"2011","E00001858","E00001858","Total",122,38,13,25,84,72,12
"2011","E00001859","E00001859","Total",124,33,8,25,91,76,15
"2011","E00001860","E00001860","Total",130,35,10,25,95,85,10
"2011","E00001861","E00001861","Total",135,36,11,25,99,89,10
"2011","E00001863","E00001863","Total",74,16,7,9,58,51,7
"2011","E00002133","E00002133","Total",161,45,13,32,116,102,14
"2011","E00002134","E00002134","Total",118,32,5,27,86,75,11
"2011","E00002136","E00002136","Total",171,44,13,31,127,106,21
"2011","E00002137","E00002137","Total",142,38,15,23,104,82,22
"2011","E00001740","E00001740","Total",157,46,19,27,111,93,18
"2011","E00001741","E00001741","Total",176,47,20,27,129,109,20
"2011","E00001743","E00001743","Total",137,40,19,21,97,71,26
"2011","E00001747","E00001747","Total",152,52,20,32,100,85,15
"2011","E00001748","E00001748","Total",200,50,18,32,150,121,29
"2011","E00001732","E00001732","Total",160,54,23,31,106,90,16
"2011","E00001737","E00001737","Total",95,31,13,18,64,56,8
"2011","E00001738","E00001738","Total",181,57,21,36,124,106,18
"2011","E00001745","E00001745","Total",178,54,22,32,124,102,22
"2011","E00001750","E00001750","Total",125,37,9,28,88,73,15
"2011","E00001739","E00001739","Total",156,45,20,25,111,90,21
"2011","E00001746","E00001746","Total",171,46,15,31,125,103,22
"2011","E00001749","E00001749","Total",119,32,11,21,87,65,22
"2011","E00001751","E00001751","Total",139,44,13,31,95,72,23
"2011","E00001755","E00001755","Total",116,35,10,25,81,73,8
"2011","E00001731","E00001731","Total",209,51,18,33,158,135,23
"2011","E00001756","E00001756","Total",169,40,14,26,129,106,23
"2011","E00001757","E00001757","Total",96,14,5,9,82,74,8
"2011","E00001758","E00001758","Total",177,48,20,28,129,109,20
"2011","E00001759","E00001759","Total",167,46,20,26,121,93,28
"2011","E00002146","E00002146","Total",164,46,13,33,118,96,22
"2011","E00002147","E00002147","Total",162,49,13,36,113,93,20
"2011","E00002165","E00002165","Total",159,50,19,31,109,91,18
"2011","E00002170","E00002170","Total",182,53,15,38,129,111,18
"2011","E00002173","E00002173","Total",184,61,23,38,123,104,19
"2011","E00001957","E00001957","Total",140,44,9,35,96,76,20
"2011","E00001959","E00001959","Total",180,40,11,29,140,118,22
"2011","E00001962","E00001962","Total",129,35,11,24,94,78,16
"2011","E00001963","E00001963","Total",157,40,11,29,117,104,13
"2011","E00001965","E00001965","Total",137,41,19,22,96,79,17
"2011","E00002208","E00002208","Total",237,63,17,46,174,150,24
"2011","E00002214","E00002214","Total",168,43,15,28,125,106,19
"2011","E00002237","E00002237","Total",191,61,23,38,130,107,23
"2011","E00002239","E00002239","Total",173,48,17,31,125,100,25
"2011","E00002211","E00002211","Total",193,45,11,34,148,126,22
"2011","E00002212","E00002212","Total",105,23,9,14,82,78,4
"2011","E00002213","E00002213","Total",168,43,11,32,125,104,21
"2011","E00002236","E00002236","Total",108,27,7,20,81,73,8
"2011","E00002238","E00002238","Total",190,61,20,41,129,104,25
"2011","E00002215","E00002215","Total",122,35,11,24,87,70,17
"2011","E00002217","E00002217","Total",181,55,22,33,126,112,14
"2011","E00002220","E00002220","Total",207,57,18,39,150,132,18
"2011","E00002222","E00002222","Total",184,51,11,40,133,114,19
"2011","E00002223","E00002223","Total",159,40,11,29,119,102,17
"2011","E00002216","E00002216","Total",179,56,23,33,123,110,13
"2011","E00002218","E00002218","Total",206,56,19,37,150,130,20
"2011","E00002219","E00002219","Total",177,52,18,34,125,106,19
"2011","E00002221","E00002221","Total",187,59,20,39,128,111,17
"2011","E00001592","E00001592","Total",192,54,25,29,138,106,32
"2011","E00001601","E00001601","Total",160,53,16,37,107,88,19
"2011","E00001606","E00001606","Total",174,44,18,26,130,108,22
"2011","E00001610","E00001610","Total",173,54,19,35,119,96,23
"2011","E00001615","E00001615","Total",140,45,17,28,95,84,11
"2011","E00001604","E00001604","Total",173,36,9,27,137,119,18
"2011","E00001605","E00001605","Total",180,42,14,28,138,123,15
"2011","E00001607","E00001607","Total",190,48,13,35,142,125,17
"2011","E00001608","E00001608","Total",192,38,10,28,154,140,14
"2011","E00001796","E00001796","Total",205,65,24,41,140,129,11
"2011","E00001797","E00001797","Total",147,35,10,25,112,96,16
"2011","E00001800","E00001800","Total",168,42,16,26,126,103,23
"2011","E00001803","E00001803","Total",138,48,17,31,90,78,12
"2011","E00001807","E00001807","Total",177,55,12,43,122,97,25
"2011","E00001798","E00001798","Total",159,50,18,32,109,89,20
"2011","E00001806","E00001806","Total",155,50,12,38,105,92,13
"2011","E00001811","E00001811","Total",150,49,13,36,101,88,13
"2011","E00001815","E00001815","Total",167,47,15,32,120,97,23
"2011","E00001817","E00001817","Total",132,27,5,22,105,90,15
"2011","E00001809","E00001809","Total",158,43,14,29,115,95,20
"2011","E00001810","E00001810","Total",206,51,10,41,155,127,28
"2011","E00001812","E00001812","Total",150,32,5,27,118,96,22
"2011","E00001816","E00001816","Total",124,29,6,23,95,81,14
"2011","E00001818","E00001818","Total",194,38,12,26,156,140,16
"2011","E00001767","E00001767","Total",164,36,14,22,128,104,24
"2011","E00001768","E00001768","Total",157,37,13,24,120,101,19
"2011","E00001773","E00001773","Total",183,39,13,26,144,118,26
"2011","E00001776","E00001776","Total",192,44,11,33,148,127,21
"2011","E00001778","E00001778","Total",156,40,15,25,116,97,19
"2011","E00001774","E00001774","Total",152,45,20,25,107,81,26
"2011","E00001782","E00001782","Total",105,37,8,29,68,57,11
"2011","E00001783","E00001783","Total",144,48,20,28,96,76,20
"2011","E00001785","E00001785","Total",160,48,25,23,112,91,21
"2011","E00001787","E00001787","Total",141,37,9,28,104,95,9
"2011","E00001765","E00001765","Total",191,54,15,39,137,112,25
"2011","E00001770","E00001770","Total",139,38,14,24,101,92,9
"2011","E00001771","E00001771","Total",97,17,3,14,80,67,13
"2011","E00001793","E00001793","Total",208,56,23,33,152,122,30
"2011","E00001795","E00001795","Total",122,32,9,23,90,74,16
"2011","E00001764","E00001764","Total",204,55,22,33,149,128,21
"2011","E00001766","E00001766","Total",170,33,13,20,137,114,23
"2011","E00001769","E00001769","Total",145,40,16,24,105,86,19
"2011","E00001772","E00001772","Total",175,32,10,22,143,112,31
"2011","E00001794","E00001794","Total",182,56,17,39,126,106,20
"2011","E00001905","E00001905","Total",140,36,12,24,104,88,16
"2011","E00001908","E00001908","Total",136,39,12,27,97,77,20
"2011","E00001932","E00001932","Total",128,29,7,22,99,82,17
"2011","E00001933","E00001933","Total",129,28,10,18,101,72,29
"2011","E00001936","E00001936","Total",178,50,18,32,128,107,21
"2011","E00001904","E00001904","Total",129,31,10,21,98,77,21
"2011","E00001911","E00001911","Total",151,47,21,26,104,93,11
"2011","E00001914","E00001914","Total",137,33,14,19,104,87,17
"2011","E00001915","E00001915","Total",86,19,1,18,67,53,14
"2011","E00001918","E00001918","Total",179,60,27,33,119,97,22
"2011","E00001907","E00001907","Total",157,42,7,35,115,94,21
"2011","E00001910","E00001910","Total",106,20,10,10,86,67,19
"2011","E00001929","E00001929","Total",210,60,19,41,150,128,22
"2011","E00001930","E00001930","Total",188,59,18,41,129,108,21
"2011","E00001935","E00001935","Total",118,50,17,33,68,64,4
"2011","E00002013","E00002013","Total",168,40,13,27,128,106,22
"2011","E00002018","E00002018","Total",190,46,12,34,144,121,23
"2011","E00002023","E00002023","Total",170,36,11,25,134,112,22
"2011","E00002025","E00002025","Total",164,45,14,31,119,107,12
"2011","E00002026","E00002026","Total",167,44,13,31,123,105,18
"2011","E00002007","E00002007","Total",152,52,15,37,100,83,17
"2011","E00002027","E00002027","Total",217,59,15,44,158,143,15
"2011","E00002028","E00002028","Total",162,40,8,32,122,106,16
"2011","E00002031","E00002031","Total",173,50,14,36,123,100,23
"2011","E00002009","E00002009","Total",172,49,22,27,123,98,25
"2011","E00002010","E00002010","Total",218,62,25,37,156,127,29
"2011","E00002014","E00002014","Total",139,32,9,23,107,93,14
"2011","E00002036","E00002036","Total",94,29,7,22,65,55,10
"2011","E00002037","E00002037","Total",169,44,16,28,125,108,17
"2011","E00002008","E00002008","Total",172,50,17,33,122,103,19
"2011","E00002011","E00002011","Total",167,43,18,25,124,112,12
"2011","E00002012","E00002012","Total",207,56,18,38,151,124,27
"2011","E00002015","E00002015","Total",212,57,17,40,155,131,24
"2011","E00001602","E00001602","Total",170,55,11,44,115,99,16
"2011","E00001603","E00001603","Total",157,39,14,25,118,96,22
"2011","E00001609","E00001609","Total",105,23,8,15,82,73,9
"2011","E00001611","E00001611","Total",174,54,21,33,120,101,19
"2011","E00001614","E00001614","Total",145,46,21,25,99,84,15
"2011","E00001595","E00001595","Total",129,35,11,24,94,78,16
"2011","E00001597","E00001597","Total",134,33,12,21,101,80,21
"2011","E00001613","E00001613","Total",179,55,24,31,124,98,26
"2011","E00001619","E00001619","Total",158,53,16,37,105,83,22
"2011","E00001624","E00001624","Total",133,38,14,24,95,80,15
"2011","E00001594","E00001594","Total",158,40,6,34,118,100,18
"2011","E00001596","E00001596","Total",181,59,25,34,122,104,18
"2011","E00001618","E00001618","Total",141,39,19,20,102,90,12
"2011","E00001622","E00001622","Total",144,30,6,24,114,99,15
"2011","E00001612","E00001612","Total",156,33,11,22,123,104,19
"2011","E00001616","E00001616","Total",165,42,9,33,123,103,20
"2011","E00001617","E00001617","Total",105,23,3,20,82,60,22
"2011","E00001620","E00001620","Total",108,23,6,17,85,72,13
"2011","E00001621","E00001621","Total",104,28,1,27,76,60,16
"2011","E00001623","E00001623","Total",77,19,6,13,58,51,7
"2011","E00001591","E00001591","Total",156,55,15,40,101,84,17
"2011","E00001593","E00001593","Total",115,24,8,16,91,75,16
"2011","E00001598","E00001598","Total",177,58,15,43,119,105,14
"2011","E00001599","E00001599","Total",119,32,9,23,87,74,13
"2011","E00001600","E00001600","Total",127,42,13,29,85,70,15
"2011","E00001685","E00001685","Total",164,47,8,39,117,98,19
"2011","E00001686","E00001686","Total",148,41,11,30,107,90,17
"2011","E00001687","E00001687","Total",145,40,13,27,105,86,19
"2011","E00001688","E00001688","Total",102,29,10,19,73,64,9
"2011","E00001692","E00001692","Total",185,50,23,27,135,107,28
"2011","E00001955","E00001955","Total",189,48,19,29,141,112,29
"2011","E00001969","E00001969","Total",165,46,16,30,119,104,15
"2011","E00001970","E00001970","Total",195,66,30,36,129,99,30
"2011","E00001971","E00001971","Total",185,54,17,37,131,110,21
"2011","E00001938","E00001938","Total",209,64,24,40,145,118,27
"2011","E00001939","E00001939","Total",180,48,17,31,132,109,23
"2011","E00001940","E00001940","Total",150,42,16,26,108,93,15
"2011","E00001941","E00001941","Total",199,43,12,31,156,134,22
"2011","E00002006","E00002006","Total",174,54,19,35,120,105,15
"2011","E00002017","E00002017","Total",186,55,16,39,131,106,25
"2011","E00002020","E00002020","Total",170,47,13,34,123,102,21
"2011","E00002021","E00002021","Total",148,31,11,20,117,93,24
"2011","E00002030","E00002030","Total",141,31,10,21,110,94,16
"2011","E00002016","E00002016","Total",196,53,16,37,143,122,21
"2011","E00002019","E00002019","Total",175,32,11,21,143,116,27
"2011","E00002022","E00002022","Total",114,22,7,15,92,78,14
"2011","E00002024","E00002024","Total",214,60,14,46,154,133,21
"2011","E00002029","E00002029","Total",179,36,15,21,143,121,22
"2011","E00002032","E00002032","Total",150,36,17,19,114,97,17
"2011","E00002033","E00002033","Total",195,44,16,28,151,129,22
"2011","E00002034","E00002034","Total",176,53,16,37,123,102,21
"2011","E00002035","E00002035","Total",173,49,12,37,124,113,11
"2011","E00001836","E00001836","Total",195,48,11,37,147,121,26
"2011","E00001862","E00001862","Total",121,41,14,27,80,70,10
"2011","E00001864","E00001864","Total",131,38,11,27,93,84,9
"2011","E00001865","E00001865","Total",121,31,10,21,90,72,18
"2011","E00001842","E00001842","Total",158,31,11,20,127,112,15
"2011","E00001844","E00001844","Total",146,35,14,21,111,98,13
"2011","E00001851","E00001851","Total",128,28,12,16,100,89,11
"2011","E00001852","E00001852","Total",120,40,17,23,80,71,9
"2011","E00001856","E00001856","Total",120,39,13,26,81,66,15
"2011","E00001832","E00001832","Total",155,49,20,29,106,90,16
"2011","E00001837","E00001837","Total",181,46,13,33,135,114,21
"2011","E00001838","E00001838","Total",165,46,18,28,119,106,13
"2011","E00001840","E00001840","Total",142,38,11,27,104,87,17
"2011","E00001866","E00001866","Total",110,31,18,13,79,65,14
"2011","E00001833","E00001833","Total",127,37,9,28,90,76,14
"2011","E00001835","E00001835","Total",164,38,9,29,126,107,19
"2011","E00001839","E00001839","Total",131,40,10,30,91,74,17
"2011","E00001841","E00001841","Total",174,44,11,33,130,103,27
"2011","E00001843","E00001843","Total",133,39,15,24,94,82,12
"2011","E00001845","E00001845","Total",108,27,9,18,81,67,14
"2011","E00001846","E00001846","Total",145,35,15,20,110,101,9
"2011","E00001847","E00001847","Total",165,48,16,32,117,99,18
"2011","E00001848","E00001848","Total",111,28,8,20,83,67,16
"2011","E00001849","E00001849","Total",108,32,7,25,76,65,11
"2011","E00166760","E00166760","Total",139,44,20,24,95,79,16
"2011","E00166761","E00166761","Total",137,16,7,9,121,95,26
"2011","E00166762","E00166762","Total",182,46,16,30,136,100,36
"2011","E00001834","E00001834","Total",262,69,22,47,193,166,27
"2011","E00001853","E00001853","Total",160,36,16,20,124,100,24
"2011","E00001854","E00001854","Total",108,28,13,15,80,72,8
"2011","E00001855","E00001855","Total",125,30,9,21,95,74,21
"2011","E00001857","E00001857","Total",142,45,11,34,97,89,8
"2011","E00001700","E00001700","Total",191,62,24,38,129,109,20
"2011","E00001716","E00001716","Total",204,72,23,49,132,105,27
"2011","E00001719","E00001719","Total",146,39,21,18,107,87,20
"2011","E00001725","E00001725","Total",212,61,20,41,151,116,35
"2011","E00001695","E00001695","Total",188,52,21,31,136,109,27
"2011","E00001712","E00001712","Total",166,47,20,27,119,97,22
"2011","E00001713","E00001713","Total",132,30,14,16,102,81,21
"2011","E00001715","E00001715","Total",148,34,10,24,114,89,25
"2011","E00001726","E00001726","Total",148,39,16,23,109,85,24
"2011","E00001761","E00001761","Total",144,46,21,25,98,80,18
"2011","E00001775","E00001775","Total",177,47,15,32,130,101,29
"2011","E00001777","E00001777","Total",180,49,22,27,131,108,23
"2011","E00001779","E00001779","Total",157,40,12,28,117,94,23
"2011","E00001789","E00001789","Total",159,42,20,22,117,91,26
"2011","E00001780","E00001780","Total",133,31,12,19,102,83,19
"2011","E00001781","E00001781","Total",165,45,16,29,120,96,24
"2011","E00001784","E00001784","Total",127,28,10,18,99,74,25
"2011","E00001788","E00001788","Total",164,43,14,29,121,94,27
"2011","E00001790","E00001790","Total",168,41,14,27,127,109,18
"2011","E00001906","E00001906","Total",203,50,16,34,153,131,22
"2011","E00001912","E00001912","Total",300,75,24,51,225,170,55
"2011","E00001916","E00001916","Total",59,18,1,17,41,34,7
"2011","E00001917","E00001917","Total",153,28,10,18,125,103,22
"2011","E00001920","E00001920","Total",122,33,13,20,89,69,20
"2011","E00001922","E00001922","Total",162,35,7,28,127,106,21
"2011","E00001926","E00001926","Total",160,54,20,34,106,79,27
"2011","E00001927","E00001927","Total",176,44,17,27,132,105,27
"2011","E00001928","E00001928","Total",135,41,12,29,94,86,8
"2011","E00001909","E00001909","Total",185,46,10,36,139,113,26
"2011","E00001913","E00001913","Total",153,36,6,30,117,95,22
"2011","E00001931","E00001931","Total",170,33,9,24,137,119,18
"2011","E00001934","E00001934","Total",176,62,22,40,114,91,23
"2011","E00001937","E00001937","Total",172,57,22,35,115,97,18
"2011","E00001697","E00001697","Total",145,41,16,25,104,85,19
"2011","E00001708","E00001708","Total",155,37,12,25,118,96,22
"2011","E00001720","E00001720","Total",151,39,15,24,112,94,18
"2011","E00001724","E00001724","Total",206,59,19,40,147,121,26
"2011","E00001727","E00001727","Total",183,44,16,28,139,116,23
"2011","E00001696","E00001696","Total",165,55,23,32,110,99,11
"2011","E00001705","E00001705","Total",151,46,18,28,105,85,20
"2011","E00001710","E00001710","Total",82,24,8,16,58,51,7
"2011","E00001711","E00001711","Total",166,52,16,36,114,84,30
"2011","E00001722","E00001722","Total",177,51,15,36,126,108,18
"2011","E00001699","E00001699","Total",206,67,21,46,139,118,21
"2011","E00001701","E00001701","Total",172,62,23,39,110,92,18
"2011","E00001714","E00001714","Total",190,50,12,38,140,118,22
"2011","E00001723","E00001723","Total",206,69,17,52,137,114,23
"2011","E00001704","E00001704","Total",164,42,13,29,122,107,15
"2011","E00001706","E00001706","Total",122,33,9,24,89,68,21
"2011","E00001707","E00001707","Total",164,49,11,38,115,92,23
"2011","E00001709","E00001709","Total",187,48,20,28,139,120,19
"2011","E00001717","E00001717","Total",140,37,15,22,103,91,12
"2011","E00001919","E00001919","Total",194,52,21,31,142,122,20
"2011","E00001921","E00001921","Total",180,47,16,31,133,110,23
"2011","E00001923","E00001923","Total",175,43,14,29,132,115,17
"2011","E00001924","E00001924","Total",175,49,20,29,126,107,19
"2011","E00001925","E00001925","Total",153,47,11,36,106,93,13
"2011","E00001664","E00001664","Total",152,44,9,35,108,85,23
"2011","E00001665","E00001665","Total",166,47,12,35,119,99,20
"2011","E00001672","E00001672","Total",126,36,12,24,90,74,16
"2011","E00001690","E00001690","Total",132,40,14,26,92,82,10
"2011","E00001693","E00001693","Total",145,45,15,30,100,88,12
"2011","E00001666","E00001666","Total",200,54,21,33,146,124,22
"2011","E00001668","E00001668","Total",195,60,22,38,135,121,14
"2011","E00001669","E00001669","Total",195,62,17,45,133,110,23
"2011","E00001670","E00001670","Total",126,33,5,28,93,76,17
"2011","E00001671","E00001671","Total",155,21,5,16,134,111,23
"2011","E00001674","E00001674","Total",167,53,11,42,114,84,30
"2011","E00001689","E00001689","Total",195,61,19,42,134,109,25
"2011","E00001691","E00001691","Total",184,59,23,36,125,96,29
"2011","E00001694","E00001694","Total",206,65,23,42,141,108,33
"2011","E00001662","E00001662","Total",162,43,16,27,119,92,27
"2011","E00001673","E00001673","Total",194,55,18,37,139,111,28
"2011","E00001675","E00001675","Total",139,38,11,27,101,81,20
"2011","E00001678","E00001678","Total",219,59,28,31,160,125,35
"2011","E00002268","E00002268","Total",171,42,19,23,129,105,24
"2011","E00002269","E00002269","Total",180,56,22,34,124,98,26
"2011","E00002270","E00002270","Total",193,55,24,31,138,107,31
"2011","E00002273","E00002273","Total",213,56,30,26,157,128,29
"2011","E00001762","E00001762","Total",137,38,18,20,99,82,17
"2011","E00001763","E00001763","Total",180,51,19,32,129,108,21
"2011","E00001786","E00001786","Total",147,45,11,34,102,82,20
"2011","E00001791","E00001791","Total",120,21,6,15,99,73,26
"2011","E00001792","E00001792","Total",192,58,18,40,134,112,22
"2011","E00002176","E00002176","Total",135,37,13,24,98,75,23
"2011","E00002180","E00002180","Total",139,48,14,34,91,75,16
"2011","E00002196","E00002196","Total",170,50,22,28,120,83,37
"2011","E00002200","E00002200","Total",165,49,19,30,116,88,28
"2011","E00002203","E00002203","Total",170,62,23,39,108,82,26
"2011","E00002177","E00002177","Total",167,41,16,25,126,99,27
"2011","E00002185","E00002185","Total",173,32,16,16,141,99,42
"2011","E00002190","E00002190","Total",189,47,13,34,142,116,26
"2011","E00002204","E00002204","Total",127,32,10,22,95,77,18
"2011","E00002206","E00002206","Total",161,35,16,19,126,106,20
"2011","E00002179","E00002179","Total",185,55,21,34,130,107,23
"2011","E00002189","E00002189","Total",145,49,15,34,96,75,21
"2011","E00002191","E00002191","Total",167,42,12,30,125,100,25
"2011","E00002192","E00002192","Total",137,41,16,25,96,80,16
"2011","E00002178","E00002178","Total",170,41,18,23,129,88,41
"2011","E00002181","E00002181","Total",145,30,7,23,115,92,23
"2011","E00002183","E00002183","Total",58,8,2,6,50,40,10
"2011","E00002205","E00002205","Total",167,42,14,28,125,89,36
"2011","E00002207","E00002207","Total",119,35,16,19,84,64,20
"2011","E00001698","E00001698","Total",175,44,15,29,131,114,17
"2011","E00001702","E00001702","Total",114,39,19,20,75,62,13
"2011","E00001703","E00001703","Total",147,45,14,31,102,90,12
"2011","E00001718","E00001718","Total",208,66,24,42,142,113,29
"2011","E00001721","E00001721","Total",180,50,9,41,130,112,18
"2011","E00002193","E00002193","Total",164,44,11,33,120,101,19
"2011","E00002197","E00002197","Total",161,53,15,38,108,95,13
"2011","E00002198","E00002198","Total",119,28,9,19,91,75,16
"2011","E00002201","E00002201","Total",152,43,15,28,109,95,14
"2011","E00002175","E00002175","Total",125,41,14,27,84,65,19
"2011","E00002194","E00002194","Total",144,45,14,31,99,82,17
"2011","E00002195","E00002195","Total",228,67,20,47,161,125,36
"2011","E00002199","E00002199","Total",116,29,12,17,87,73,14
"2011","E00002202","E00002202","Total",143,38,15,23,105,84,21
"2011","E00002182","E00002182","Total",187,49,17,32,138,110,28
"2011","E00002184","E00002184","Total",193,52,25,27,141,121,20
"2011","E00002186","E00002186","Total",171,52,19,33,119,103,16
"2011","E00002187","E00002187","Total",170,42,12,30,128,109,19
"2011","E00002188","E00002188","Total",165,35,11,24,130,104,26
"2011","E00002246","E00002246","Total",205,60,32,28,145,118,27
"2011","E00002248","E00002248","Total",175,52,20,32,123,108,15
"2011","E00002249","E00002249","Total",150,39,14,25,111,94,17
"2011","E00002250","E00002250","Total",198,66,26,40,132,101,31
"2011","E00002271","E00002271","Total",168,60,25,35,108,90,18
"2011","E00001679","E00001679","Total",138,29,11,18,109,92,17
"2011","E00001681","E00001681","Total",175,52,19,33,123,104,19
"2011","E00001682","E00001682","Total",149,42,16,26,107,83,24
"2011","E00001683","E00001683","Total",172,47,16,31,125,107,18
"2011","E00001684","E00001684","Total",90,28,14,14,62,49,13
"2011","E00001663","E00001663","Total",147,44,16,28,103,88,15
"2011","E00001667","E00001667","Total",187,47,13,34,140,121,19
"2011","E00001676","E00001676","Total",168,49,22,27,119,100,19
"2011","E00001677","E00001677","Total",126,43,15,28,83,66,17
"2011","E00001680","E00001680","Total",170,43,12,31,127,113,14
"2011","E00002090","E00002090","Total",145,48,17,31,97,86,11
"2011","E00002093","E00002093","Total",125,35,17,18,90,77,13
"2011","E00002095","E00002095","Total",170,47,15,32,123,99,24
"2011","E00002099","E00002099","Total",206,63,24,39,143,112,31
"2011","E00002100","E00002100","Total",171,53,18,35,118,96,22
"2011","E00002076","E00002076","Total",146,49,18,31,97,81,16
"2011","E00002091","E00002091","Total",134,39,18,21,95,76,19
"2011","E00002092","E00002092","Total",158,53,21,32,105,89,16
"2011","E00002094","E00002094","Total",206,57,22,35,149,123,26
"2011","E00002097","E00002097","Total",178,62,22,40,116,99,17
"2011","E00002244","E00002244","Total",143,40,19,21,103,86,17
"2011","E00002245","E00002245","Total",185,41,20,21,144,113,31
"2011","E00002247","E00002247","Total",128,37,14,23,91,80,11
"2011","E00002274","E00002274","Total",197,56,17,39,141,116,25
"2011","E00002078","E00002078","Total",161,48,18,30,113,79,34
"2011","E00002083","E00002083","Total",136,42,18,24,94,76,18
"2011","E00002096","E00002096","Total",150,19,11,8,131,106,25
"2011","E00002098","E00002098","Total",153,42,14,28,111,90,21
"2011","E00002101","E00002101","Total",153,24,9,15,129,101,28
"2011","E00002104","E00002104","Total",128,17,7,10,111,99,12
"2011","E00002077","E00002077","Total",146,29,9,20,117,101,16
"2011","E00002081","E00002081","Total",74,25,10,15,49,41,8
"2011","E00002102","E00002102","Total",147,43,18,25,104,85,19
"2011","E00002103","E00002103","Total",214,49,25,24,165,131,34
"2011","E00002105","E00002105","Total",169,41,17,24,128,113,15
"2011","E00002106","E00002106","Total",145,37,6,31,108,95,13
"2011","E00002073","E00002073","Total",121,28,13,15,93,79,14
"2011","E00002079","E00002079","Total",52,19,7,12,33,28,5
"2011","E00002080","E00002080","Total",71,13,5,8,58,50,8
"2011","E00002082","E00002082","Total",155,37,13,24,118,94,24
"2011","E00002085","E00002085","Total",227,76,21,55,151,125,26
"2011","E00002087","E00002087","Total",143,35,10,25,108,87,21
"2011","E00002107","E00002107","Total",102,25,7,18,77,61,16
"2011","E00002240","E00002240","Total",181,51,21,30,130,103,27
"2011","E00002259","E00002259","Total",173,42,21,21,131,109,22
"2011","E00002260","E00002260","Total",165,36,19,17,129,112,17
"2011","E00002262","E00002262","Total",112,25,10,15,87,75,12
"2011","E00002263","E00002263","Total",243,59,28,31,184,147,37
"2011","E00002242","E00002242","Total",121,45,16,29,76,65,11
"2011","E00002243","E00002243","Total",98,27,8,19,71,61,10
"2011","E00002251","E00002251","Total",131,33,14,19,98,83,15
"2011","E00002252","E00002252","Total",118,25,10,15,93,78,15
"2011","E00002257","E00002257","Total",106,28,10,18,78,66,12
"2011","E00002272","E00002272","Total",164,48,18,30,116,88,28
"2011","E00001880","E00001880","Total",123,27,9,18,96,80,16
"2011","E00001881","E00001881","Total",107,39,10,29,68,57,11
"2011","E00001883","E00001883","Total",170,46,20,26,124,99,25
"2011","E00001884","E00001884","Total",125,32,15,17,93,67,26
"2011","E00001903","E00001903","Total",200,61,29,32,139,113,26
"2011","E00001868","E00001868","Total",166,49,14,35,117,101,16
"2011","E00001873","E00001873","Total",149,44,15,29,105,85,20
"2011","E00001886","E00001886","Total",158,38,21,17,120,96,24
"2011","E00001887","E00001887","Total",61,7,2,5,54,42,12
"2011","E00001889","E00001889","Total",115,32,15,17,83,64,19
"2011","E00001891","E00001891","Total",188,45,9,36,143,118,25
"2011","E00001878","E00001878","Total",172,54,17,37,118,94,24
"2011","E00001899","E00001899","Total",151,41,14,27,110,93,17
"2011","E00001900","E00001900","Total",151,42,14,28,109,93,16
"2011","E00001901","E00001901","Total",129,33,10,23,96,81,15
"2011","E00001902","E00001902","Total",121,33,8,25,88,77,11
"2011","E00002074","E00002074","Total",218,38,13,25,180,140,40
"2011","E00002075","E00002075","Total",128,24,7,17,104,85,19
"2011","E00002084","E00002084","Total",80,24,15,9,56,44,12
"2011","E00002086","E00002086","Total",104,38,10,28,66,49,17
"2011","E00002088","E00002088","Total",111,34,16,18,77,64,13
"2011","E00002089","E00002089","Total",132,34,10,24,98,77,21
"2011","E00002253","E00002253","Total",198,72,31,41,126,105,21
"2011","E00002254","E00002254","Total",77,19,7,12,58,45,13
"2011","E00002255","E00002255","Total",149,39,11,28,110,91,19
"2011","E00002256","E00002256","Total",168,54,22,32,114,92,22
"2011","E00002258","E00002258","Total",112,28,15,13,84,64,20
"2011","E00002241","E00002241","Total",145,40,11,29,105,84,21
"2011","E00002261","E00002261","Total",79,28,12,16,51,44,7
"2011","E00002264","E00002264","Total",99,18,8,10,81,68,13
"2011","E00002265","E00002265","Total",129,31,14,17,98,74,24
"2011","E00002266","E00002266","Total",215,59,26,33,156,118,38
"2011","E00002267","E00002267","Total",50,13,8,5,37,32,5
"2011","E00001870","E00001870","Total",148,37,12,25,111,89,22
"2011","E00001871","E00001871","Total",111,30,9,21,81,72,9
"2011","E00001876","E00001876","Total",156,41,17,24,115,96,19
"2011","E00001877","E00001877","Total",71,15,5,10,56,42,14
"2011","E00001879","E00001879","Total",159,36,13,23,123,110,13
"2011","E00001882","E00001882","Total",94,26,7,19,68,58,10
"2011","E00001869","E00001869","Total",130,46,23,23,84,68,16
"2011","E00001872","E00001872","Total",127,44,12,32,83,68,15
"2011","E00001885","E00001885","Total",178,45,12,33,133,106,27
"2011","E00001892","E00001892","Total",165,43,14,29,122,98,24
"2011","E00001894","E00001894","Total",103,41,12,29,62,55,7
"2011","E00001874","E00001874","Total",166,39,11,28,127,105,22
"2011","E00001890","E00001890","Total",107,26,6,20,81,72,9
"2011","E00001893","E00001893","Total",108,33,12,21,75,61,14
"2011","E00001895","E00001895","Total",202,51,17,34,151,118,33
"2011","E00001896","E00001896","Total",210,61,22,39,149,125,24
"2011","E00001867","E00001867","Total",104,33,9,24,71,56,15
"2011","E00001875","E00001875","Total",105,36,15,21,69,61,8
"2011","E00001888","E00001888","Total",134,44,18,26,90,82,8
"2011","E00001897","E00001897","Total",79,23,8,15,56,45,11
"2011","E00001898","E00001898","Total",137,46,14,32,91,77,14
"2011","E00001944","E00001944","Total",118,32,7,25,86,72,14
"2011","E00001945","E00001945","Total",197,60,16,44,137,123,14
"2011","E00001946","E00001946","Total",135,37,10,27,98,81,17
"2011","E00001951","E00001951","Total",134,28,10,18,106,91,15
"2011","E00001956","E00001956","Total",130,38,11,27,92,80,12
"2011","E00001952","E00001952","Total",137,39,13,26,98,82,16
"2011","E00001954","E00001954","Total",138,32,12,20,106,90,16
"2011","E00001961","E00001961","Total",168,42,15,27,126,104,22
"2011","E00001964","E00001964","Total",195,68,22,46,127,104,23
"2011","E00001968","E00001968","Total",101,23,6,17,78,70,8
"2011","E00001949","E00001949","Total",151,40,15,25,111,101,10
"2011","E00001958","E00001958","Total",171,50,19,31,121,107,14
"2011","E00001960","E00001960","Total",166,41,16,25,125,105,20
"2011","E00001966","E00001966","Total",153,57,19,38,96,80,16
"2011","E00001967","E00001967","Total",114,25,10,15,89,77,12
"2011","E00001943","E00001943","Total",123,22,9,13,101,84,17
"2011","E00001947","E00001947","Total",124,34,10,24,90,81,9
"2011","E00001948","E00001948","Total",78,31,7,24,47,46,1
"2011","E00001950","E00001950","Total",133,36,7,29,97,88,9
"2011","E00001953","E00001953","Total",160,45,12,33,115,103,12
"2011","E00165791","E00165791","Total",132,27,9,18,105,93,12
"2011","E00002857","E00002857","Total",184,51,12,39,133,113,20
"2011","E00002859","E00002859","Total",188,59,24,35,129,105,24
"2011","E00002865","E00002865","Total",208,65,26,39,143,122,21
"2011","E00002867","E00002867","Total",199,55,22,33,144,120,24
"2011","E00002869","E00002869","Total",197,51,18,33,146,124,22
"2011","E00002872","E00002872","Total",218,54,23,31,164,145,19
"2011","E00002878","E00002878","Total",200,62,28,34,138,116,22
"2011","E00174696","E00174696","Total",189,53,15,38,136,117,19
"2011","E00174697","E00174697","Total",135,47,13,34,88,73,15
"2011","E00002864","E00002864","Total",189,43,12,31,146,125,21
"2011","E00002868","E00002868","Total",196,63,19,44,133,107,26
"2011","E00002870","E00002870","Total",164,55,16,39,109,84,25
"2011","E00002873","E00002873","Total",166,47,20,27,119,99,20
"2011","E00002877","E00002877","Total",140,36,12,24,104,78,26
"2011","E00002850","E00002850","Total",204,53,18,35,151,126,25
"2011","E00002851","E00002851","Total",192,52,12,40,140,121,19
"2011","E00002852","E00002852","Total",195,46,15,31,149,130,19
"2011","E00002856","E00002856","Total",202,60,20,40,142,119,23
"2011","E00002854","E00002854","Total",180,54,13,41,126,110,16
"2011","E00002855","E00002855","Total",212,66,20,46,146,115,31
"2011","E00002862","E00002862","Total",229,57,22,35,172,150,22
"2011","E00174685","E00174685","Total",196,47,13,34,149,124,25
"2011","E00174703","E00174703","Total",222,55,22,33,167,140,27
"2011","E00002858","E00002858","Total",202,66,12,54,136,116,20
"2011","E00002861","E00002861","Total",195,68,32,36,127,113,14
"2011","E00002863","E00002863","Total",199,67,20,47,132,112,20
"2011","E00002871","E00002871","Total",220,62,21,41,158,137,21
"2011","E00002499","E00002499","Total",191,44,11,33,147,127,20
"2011","E00002505","E00002505","Total",201,69,24,45,132,115,17
"2011","E00002509","E00002509","Total",215,65,27,38,150,126,24
"2011","E00002530","E00002530","Total",178,63,22,41,115,94,21
"2011","E00002502","E00002502","Total",217,61,14,47,156,116,40
"2011","E00002504","E00002504","Total",172,44,16,28,128,107,21
"2011","E00002506","E00002506","Total",172,50,20,30,122,112,10
"2011","E00002511","E00002511","Total",229,67,29,38,162,117,45
"2011","E00002496","E00002496","Total",199,67,21,46,132,113,19
"2011","E00002525","E00002525","Total",192,47,15,32,145,117,28
"2011","E00002526","E00002526","Total",237,94,26,68,143,116,27
"2011","E00002529","E00002529","Total",216,63,28,35,153,125,28
"2011","E00002497","E00002497","Total",171,42,14,28,129,105,24
"2011","E00002500","E00002500","Total",131,38,14,24,93,73,20
"2011","E00002501","E00002501","Total",174,60,14,46,114,93,21
"2011","E00002527","E00002527","Total",70,20,7,13,50,43,7
"2011","E00002528","E00002528","Total",161,54,23,31,107,82,25
"2011","E00002866","E00002866","Total",181,76,21,55,105,90,15
"2011","E00002874","E00002874","Total",245,58,15,43,187,149,38
"2011","E00002875","E00002875","Total",239,62,17,45,177,143,34
"2011","E00174698","E00174698","Total",116,40,11,29,76,66,10
"2011","E00174699","E00174699","Total",170,33,14,19,137,119,18
"2011","E00002498","E00002498","Total",189,51,14,37,138,111,27
"2011","E00002508","E00002508","Total",155,46,15,31,109,101,8
"2011","E00002510","E00002510","Total",130,54,21,33,76,64,12
"2011","E00002512","E00002512","Total",152,38,11,27,114,94,20
"2011","E00002513","E00002513","Total",128,38,10,28,90,74,16
"2011","E00002503","E00002503","Total",203,63,26,37,140,114,26
"2011","E00002507","E00002507","Total",213,50,17,33,163,129,34
"2011","E00002515","E00002515","Total",171,44,16,28,127,105,22
"2011","E00002518","E00002518","Total",188,51,18,33,137,114,23
"2011","E00002608","E00002608","Total",200,57,23,34,143,125,18
"2011","E00002634","E00002634","Total",153,45,23,22,108,94,14
"2011","E00002635","E00002635","Total",235,60,20,40,175,153,22
"2011","E00002636","E00002636","Total",176,57,18,39,119,89,30
"2011","E00002849","E00002849","Total",240,59,24,35,181,157,24
"2011","E00002876","E00002876","Total",180,48,19,29,132,104,28
"2011","E00002880","E00002880","Total",213,63,28,35,150,133,17
"2011","E00002881","E00002881","Total",130,39,12,27,91,84,7
"2011","E00002882","E00002882","Total",184,59,24,35,125,114,11
"2011","E00002610","E00002610","Total",171,48,15,33,123,108,15
"2011","E00002612","E00002612","Total",203,57,26,31,146,121,25
"2011","E00002617","E00002617","Total",159,54,11,43,105,86,19
"2011","E00002628","E00002628","Total",220,49,15,34,171,139,32
"2011","E00002629","E00002629","Total",208,69,25,44,139,107,32
"2011","E00002630","E00002630","Total",167,62,34,28,105,88,17
"2011","E00002633","E00002633","Total",206,57,23,34,149,126,23
"2011","E00002613","E00002613","Total",220,72,31,41,148,116,32
"2011","E00002632","E00002632","Total",208,54,22,32,154,122,32
"2011","E00002637","E00002637","Total",168,46,21,25,122,103,19
"2011","E00002638","E00002638","Total",190,59,22,37,131,107,24
"2011","E00002609","E00002609","Total",210,73,24,49,137,113,24
"2011","E00002611","E00002611","Total",193,53,18,35,140,110,30
"2011","E00002615","E00002615","Total",188,57,21,36,131,92,39
"2011","E00002620","E00002620","Total",183,52,15,37,131,99,32
"2011","E00002607","E00002607","Total",91,25,7,18,66,56,10
"2011","E00002614","E00002614","Total",215,51,19,32,164,131,33
"2011","E00002616","E00002616","Total",152,28,11,17,124,106,18
"2011","E00002621","E00002621","Total",174,40,12,28,134,100,34
"2011","E00002625","E00002625","Total",130,32,14,18,98,80,18
"2011","E00002619","E00002619","Total",208,69,25,44,139,105,34
"2011","E00002622","E00002622","Total",169,44,15,29,125,96,29
"2011","E00002623","E00002623","Total",209,52,18,34,157,123,34
"2011","E00002624","E00002624","Total",154,38,11,27,116,93,23
"2011","E00002618","E00002618","Total",92,30,10,20,62,50,12
"2011","E00002626","E00002626","Total",215,54,16,38,161,131,30
"2011","E00002627","E00002627","Total",170,57,14,43,113,92,21
"2011","E00002631","E00002631","Total",247,71,18,53,176,137,39
"2011","E00002514","E00002514","Total",117,39,9,30,78,62,16
"2011","E00002516","E00002516","Total",189,60,25,35,129,95,34
"2011","E00002517","E00002517","Total",185,44,14,30,141,121,20
"2011","E00002519","E00002519","Total",230,68,25,43,162,141,21
"2011","E00002520","E00002520","Total",159,46,12,34,113,95,18
"2011","E00002521","E00002521","Total",164,52,17,35,112,92,20
"2011","E00002522","E00002522","Total",147,44,15,29,103,88,15
"2011","E00002523","E00002523","Total",171,48,16,32,123,95,28
"2011","E00002524","E00002524","Total",188,51,15,36,137,119,18
"2011","E00003003","E00003003","Total",168,49,21,28,119,91,28
"2011","E00003006","E00003006","Total",196,52,12,40,144,123,21
"2011","E00003008","E00003008","Total",226,51,10,41,175,146,29
"2011","E00003009","E00003009","Total",235,72,26,46,163,144,19
"2011","E00003002","E00003002","Total",110,32,11,21,78,66,12
"2011","E00003004","E00003004","Total",116,39,9,30,77,63,14
"2011","E00003005","E00003005","Total",165,53,11,42,112,96,16
"2011","E00003007","E00003007","Total",211,54,21,33,157,135,22
"2011","E00003038","E00003038","Total",151,57,20,37,94,83,11
"2011","E00003034","E00003034","Total",154,43,19,24,111,90,21
"2011","E00003035","E00003035","Total",181,51,14,37,130,108,22
"2011","E00003036","E00003036","Total",197,55,22,33,142,132,10
"2011","E00003037","E00003037","Total",182,44,14,30,138,126,12
"2011","E00003039","E00003039","Total",242,90,40,50,152,131,21
"2011","E00002361","E00002361","Total",222,68,28,40,154,123,31
"2011","E00002362","E00002362","Total",207,52,21,31,155,104,51
"2011","E00002365","E00002365","Total",188,45,12,33,143,120,23
"2011","E00002366","E00002366","Total",247,69,26,43,178,139,39
"2011","E00002345","E00002345","Total",108,33,11,22,75,60,15
"2011","E00002349","E00002349","Total",108,32,6,26,76,71,5
"2011","E00002378","E00002378","Total",82,25,4,21,57,52,5
"2011","E00002379","E00002379","Total",199,60,22,38,139,117,22
"2011","E00002346","E00002346","Total",153,38,10,28,115,101,14
"2011","E00002380","E00002380","Total",194,52,12,40,142,116,26
"2011","E00002381","E00002381","Total",132,34,10,24,98,80,18
"2011","E00002382","E00002382","Total",157,47,13,34,110,98,12
"2011","E00002347","E00002347","Total",206,56,23,33,150,119,31
"2011","E00002351","E00002351","Total",213,63,24,39,150,120,30
"2011","E00002352","E00002352","Total",203,67,26,41,136,115,21
"2011","E00002359","E00002359","Total",183,60,21,39,123,103,20
"2011","E00002348","E00002348","Total",148,28,12,16,120,105,15
"2011","E00002350","E00002350","Total",102,28,12,16,74,58,16
"2011","E00002356","E00002356","Total",191,53,15,38,138,113,25
"2011","E00002358","E00002358","Total",196,68,29,39,128,109,19
"2011","E00002364","E00002364","Total",250,66,22,44,184,148,36
"2011","E00002797","E00002797","Total",193,50,12,38,143,136,7
"2011","E00002798","E00002798","Total",160,46,20,26,114,91,23
"2011","E00002799","E00002799","Total",180,51,21,30,129,102,27
"2011","E00002800","E00002800","Total",185,51,25,26,134,117,17
"2011","E00002773","E00002773","Total",147,38,14,24,109,89,20
"2011","E00002801","E00002801","Total",193,52,21,31,141,121,20
"2011","E00002802","E00002802","Total",173,44,15,29,129,107,22
"2011","E00002803","E00002803","Total",207,42,15,27,165,138,27
"2011","E00002772","E00002772","Total",156,32,9,23,124,102,22
"2011","E00002778","E00002778","Total",175,45,10,35,130,113,17
"2011","E00002804","E00002804","Total",194,55,19,36,139,112,27
"2011","E00002805","E00002805","Total",138,40,10,30,98,76,22
"2011","E00002770","E00002770","Total",219,40,15,25,179,150,29
"2011","E00002776","E00002776","Total",135,46,23,23,89,76,13
"2011","E00002777","E00002777","Total",180,52,21,31,128,107,21
"2011","E00002781","E00002781","Total",217,46,21,25,171,142,29
"2011","E00002806","E00002806","Total",218,57,21,36,161,131,30
"2011","E00002769","E00002769","Total",133,43,15,28,90,72,18
"2011","E00002779","E00002779","Total",182,32,10,22,150,129,21
"2011","E00002790","E00002790","Total",169,48,11,37,121,100,21
"2011","E00174553","E00174553","Total",243,62,20,42,181,158,23
"2011","E00174554","E00174554","Total",128,42,15,27,86,74,12
"2011","E00174704","E00174704","Total",145,40,11,29,105,88,17
"2011","E00002742","E00002742","Total",130,41,14,27,89,74,15
"2011","E00002753","E00002753","Total",217,55,17,38,162,126,36
"2011","E00002759","E00002759","Total",251,68,25,43,183,131,52
"2011","E00002760","E00002760","Total",180,55,25,30,125,91,34
"2011","E00002751","E00002751","Total",188,42,9,33,146,100,46
"2011","E00002757","E00002757","Total",162,31,14,17,131,113,18
"2011","E00002764","E00002764","Total",185,52,15,37,133,106,27
"2011","E00002766","E00002766","Total",183,57,13,44,126,103,23
"2011","E00002755","E00002755","Total",188,40,16,24,148,119,29
"2011","E00002758","E00002758","Total",183,46,17,29,137,117,20
"2011","E00002761","E00002761","Total",207,42,13,29,165,134,31
"2011","E00002768","E00002768","Total",158,47,9,38,111,92,19
"2011","E00002748","E00002748","Total",207,52,22,30,155,123,32
"2011","E00174557","E00174557","Total",565,73,32,41,492,457,35
"2011","E00174695","E00174695","Total",220,114,62,52,106,91,15
"2011","E00174700","E00174700","Total",68,19,6,13,49,41,8
"2011","E00174730","E00174730","Total",103,10,7,3,93,87,6
"2011","E00002750","E00002750","Total",201,55,21,34,146,121,25
"2011","E00002752","E00002752","Total",188,60,26,34,128,96,32
"2011","E00002754","E00002754","Total",180,62,22,40,118,96,22
"2011","E00002756","E00002756","Total",234,66,22,44,168,129,39
"2011","E00002354","E00002354","Total",170,39,8,31,131,107,24
"2011","E00002357","E00002357","Total",170,51,19,32,119,92,27
"2011","E00002363","E00002363","Total",183,55,22,33,128,100,28
"2011","E00002367","E00002367","Total",216,60,19,41,156,117,39
"2011","E00002353","E00002353","Total",96,23,10,13,73,68,5
"2011","E00002355","E00002355","Total",133,37,12,25,96,69,27
"2011","E00002360","E00002360","Total",135,40,16,24,95,77,18
"2011","E00002368","E00002368","Total",136,46,14,32,90,72,18
"2011","E00002369","E00002369","Total",201,44,19,25,157,135,22
"2011","E00002370","E00002370","Total",229,63,18,45,166,139,27
"2011","E00002372","E00002372","Total",188,56,12,44,132,110,22
"2011","E00174713","E00174713","Total",192,45,18,27,147,130,17
"2011","E00174731","E00174731","Total",134,46,21,25,88,80,8
"2011","E00174733","E00174733","Total",114,31,6,25,83,74,9
"2011","E00174736","E00174736","Total",119,53,20,33,66,62,4
"2011","E00174738","E00174738","Total",171,75,29,46,96,79,17
"2011","E00002373","E00002373","Total",158,53,19,34,105,97,8
"2011","E00002374","E00002374","Total",153,59,17,42,94,84,10
"2011","E00002375","E00002375","Total",130,30,8,22,100,77,23
"2011","E00002376","E00002376","Total",105,50,12,38,55,51,4
"2011","E00002377","E00002377","Total",147,43,11,32,104,92,12
"2011","E00003010","E00003010","Total",139,31,12,19,108,89,19
"2011","E00003011","E00003011","Total",86,25,8,17,61,49,12
"2011","E00003012","E00003012","Total",149,42,11,31,107,92,15
"2011","E00003013","E00003013","Total",141,49,16,33,92,72,20
"2011","E00003014","E00003014","Total",139,43,21,22,96,86,10
"2011","E00002426","E00002426","Total",152,59,23,36,93,83,10
"2011","E00002427","E00002427","Total",167,56,14,42,111,96,15
"2011","E00002428","E00002428","Total",173,46,17,29,127,109,18
"2011","E00002430","E00002430","Total",146,48,17,31,98,84,14
"2011","E00003001","E00003001","Total",169,36,9,27,133,109,24
"2011","E00003015","E00003015","Total",122,38,11,27,84,71,13
"2011","E00003016","E00003016","Total",146,38,6,32,108,93,15
"2011","E00003017","E00003017","Total",143,41,15,26,102,84,18
"2011","E00003018","E00003018","Total",187,51,16,35,136,109,27
"2011","E00003019","E00003019","Total",80,32,8,24,48,41,7
"2011","E00003020","E00003020","Total",82,26,11,15,56,47,9
"2011","E00003021","E00003021","Total",114,37,13,24,77,66,11
"2011","E00003023","E00003023","Total",155,44,14,30,111,99,12
"2011","E00003026","E00003026","Total",144,41,16,25,103,91,12
"2011","E00002432","E00002432","Total",156,51,17,34,105,88,17
"2011","E00002433","E00002433","Total",197,63,20,43,134,116,18
"2011","E00002435","E00002435","Total",188,64,24,40,124,107,17
"2011","E00002436","E00002436","Total",175,54,15,39,121,100,21
"2011","E00002442","E00002442","Total",172,61,25,36,111,95,16
"2011","E00002444","E00002444","Total",126,33,10,23,93,83,10
"2011","E00002446","E00002446","Total",148,40,14,26,108,90,18
"2011","E00002431","E00002431","Total",153,40,20,20,113,93,20
"2011","E00002438","E00002438","Total",153,48,14,34,105,81,24
"2011","E00002443","E00002443","Total",188,64,18,46,124,94,30
"2011","E00002448","E00002448","Total",162,41,15,26,121,92,29
"2011","E00002452","E00002452","Total",115,33,8,25,82,69,13
"2011","E00002425","E00002425","Total",182,58,23,35,124,114,10
"2011","E00002429","E00002429","Total",108,45,9,36,63,54,9
"2011","E00002434","E00002434","Total",170,54,23,31,116,102,14
"2011","E00002439","E00002439","Total",199,57,17,40,142,122,20
"2011","E00002423","E00002423","Total",134,52,14,38,82,68,14
"2011","E00002424","E00002424","Total",254,64,20,44,190,155,35
"2011","E00002437","E00002437","Total",130,26,13,13,104,87,17
"2011","E00002441","E00002441","Total",102,35,10,25,67,56,11
"2011","E00002449","E00002449","Total",97,39,15,24,58,53,5
"2011","E00002440","E00002440","Total",114,35,4,31,79,63,16
"2011","E00002445","E00002445","Total",152,36,5,31,116,90,26
"2011","E00002447","E00002447","Total",127,33,11,22,94,76,18
"2011","E00002454","E00002454","Total",182,63,23,40,119,98,21
"2011","E00002422","E00002422","Total",152,41,10,31,111,98,13
"2011","E00002450","E00002450","Total",142,43,10,33,99,85,14
"2011","E00002451","E00002451","Total",247,79,24,55,168,128,40
"2011","E00002453","E00002453","Total",201,73,21,52,128,102,26
"2011","E00002455","E00002455","Total",157,52,15,37,105,87,18
"2011","E00002771","E00002771","Total",181,44,13,31,137,119,18
"2011","E00002784","E00002784","Total",168,52,14,38,116,106,10
"2011","E00002792","E00002792","Total",179,64,20,44,115,95,20
"2011","E00002793","E00002793","Total",185,51,19,32,134,116,18
"2011","E00002791","E00002791","Total",197,65,22,43,132,102,30
"2011","E00002794","E00002794","Total",221,69,16,53,152,116,36
"2011","E00002795","E00002795","Total",184,55,25,30,129,102,27
"2011","E00002796","E00002796","Total",141,39,18,21,102,86,16
"2011","E00002774","E00002774","Total",277,64,22,42,213,185,28
"2011","E00002775","E00002775","Total",175,49,20,29,126,106,20
"2011","E00002783","E00002783","Total",209,66,26,40,143,117,26
"2011","E00002789","E00002789","Total",145,51,18,33,94,69,25
"2011","E00002780","E00002780","Total",207,72,15,57,135,113,22
"2011","E00002785","E00002785","Total",200,44,14,30,156,138,18
"2011","E00002786","E00002786","Total",180,42,12,30,138,112,26
"2011","E00002787","E00002787","Total",85,21,5,16,64,53,11
"2011","E00002788","E00002788","Total",147,28,7,21,119,101,18
"2011","E00002739","E00002739","Total",182,58,26,32,124,98,26
"2011","E00002740","E00002740","Total",262,86,30,56,176,150,26
"2011","E00002763","E00002763","Total",142,41,6,35,101,91,10
"2011","E00002765","E00002765","Total",170,44,11,33,126,111,15
"2011","E00002738","E00002738","Total",152,57,27,30,95,85,10
"2011","E00002746","E00002746","Total",116,33,9,24,83,67,16
"2011","E00002762","E00002762","Total",195,60,21,39,135,110,25
"2011","E00002767","E00002767","Total",195,55,20,35,140,116,24
"2011","E00002934","E00002934","Total",205,77,13,64,128,105,23
"2011","E00002937","E00002937","Total",219,71,21,50,148,123,25
"2011","E00002940","E00002940","Total",222,81,26,55,141,124,17
"2011","E00002962","E00002962","Total",198,57,20,37,141,130,11
"2011","E00002967","E00002967","Total",189,53,18,35,136,118,18
"2011","E00002935","E00002935","Total",201,72,20,52,129,118,11
"2011","E00002939","E00002939","Total",185,68,26,42,117,108,9
"2011","E00002955","E00002955","Total",224,82,25,57,142,125,17
"2011","E00002964","E00002964","Total",155,54,16,38,101,94,7
"2011","E00174690","E00174690","Total",127,52,14,38,75,64,11
"2011","E00174701","E00174701","Total",189,56,13,43,133,107,26
"2011","E00002931","E00002931","Total",191,44,14,30,147,122,25
"2011","E00002932","E00002932","Total",168,54,15,39,114,90,24
"2011","E00002951","E00002951","Total",172,68,21,47,104,92,12
"2011","E00002953","E00002953","Total",136,35,9,26,101,92,9
"2011","E00002954","E00002954","Total",139,33,9,24,106,91,15
"2011","E00002456","E00002456","Total",127,40,9,31,87,79,8
"2011","E00002457","E00002457","Total",146,50,14,36,96,89,7
"2011","E00002468","E00002468","Total",182,53,18,35,129,112,17
"2011","E00002471","E00002471","Total",135,32,10,22,103,89,14
"2011","E00002484","E00002484","Total",188,52,18,34,136,114,22
"2011","E00002488","E00002488","Total",106,28,6,22,78,66,12
"2011","E00002489","E00002489","Total",157,47,14,33,110,87,23
"2011","E00002490","E00002490","Total",199,48,20,28,151,126,25
"2011","E00002492","E00002492","Total",168,44,17,27,124,103,21
"2011","E00002458","E00002458","Total",157,46,23,23,111,90,21
"2011","E00002491","E00002491","Total",216,88,35,53,128,116,12
"2011","E00002493","E00002493","Total",206,51,16,35,155,136,19
"2011","E00002494","E00002494","Total",168,45,16,29,123,104,19
"2011","E00002459","E00002459","Total",189,66,18,48,123,97,26
"2011","E00002460","E00002460","Total",164,47,16,31,117,92,25
"2011","E00002461","E00002461","Total",217,60,14,46,157,130,27
"2011","E00002495","E00002495","Total",135,56,13,43,79,66,13
"2011","E00003022","E00003022","Total",132,38,17,21,94,80,14
"2011","E00003024","E00003024","Total",154,56,14,42,98,89,9
"2011","E00003025","E00003025","Total",145,52,9,43,93,85,8
"2011","E00003027","E00003027","Total",186,56,13,43,130,105,25
"2011","E00003030","E00003030","Total",201,60,14,46,141,123,18
"2011","E00003028","E00003028","Total",203,65,22,43,138,118,20
"2011","E00003029","E00003029","Total",119,35,15,20,84,71,13
"2011","E00003031","E00003031","Total",174,56,22,34,118,93,25
"2011","E00003032","E00003032","Total",159,49,15,34,110,99,11
"2011","E00003033","E00003033","Total",155,40,14,26,115,105,10
"2011","E00002731","E00002731","Total",255,67,25,42,188,159,29
"2011","E00002732","E00002732","Total",221,62,20,42,159,129,30
"2011","E00002734","E00002734","Total",205,48,20,28,157,137,20
"2011","E00002735","E00002735","Total",187,66,26,40,121,102,19
"2011","E00002737","E00002737","Total",199,53,22,31,146,106,40
"2011","E00002697","E00002697","Total",195,43,12,31,152,121,31
"2011","E00002728","E00002728","Total",116,31,6,25,85,71,14
"2011","E00002729","E00002729","Total",179,47,12,35,132,105,27
"2011","E00002730","E00002730","Total",251,62,26,36,189,156,33
"2011","E00002733","E00002733","Total",199,57,16,41,142,110,32
"2011","E00002692","E00002692","Total",192,54,17,37,138,101,37
"2011","E00002695","E00002695","Total",166,45,13,32,121,93,28
"2011","E00002699","E00002699","Total",218,43,18,25,175,132,43
"2011","E00002702","E00002702","Total",171,53,19,34,118,87,31
"2011","E00002693","E00002693","Total",218,69,30,39,149,122,27
"2011","E00002694","E00002694","Total",155,51,21,30,104,86,18
"2011","E00002700","E00002700","Total",204,55,24,31,149,120,29
"2011","E00002701","E00002701","Total",255,72,24,48,183,149,34
"2011","E00002703","E00002703","Total",193,36,11,25,157,127,30
"2011","E00002696","E00002696","Total",194,48,16,32,146,119,27
"2011","E00002698","E00002698","Total",154,39,20,19,115,93,22
"2011","E00002704","E00002704","Total",200,59,21,38,141,112,29
"2011","E00002706","E00002706","Total",229,41,15,26,188,149,39
"2011","E00002736","E00002736","Total",281,109,38,71,172,155,17
"2011","E00002705","E00002705","Total",152,37,12,25,115,92,23
"2011","E00002708","E00002708","Total",193,48,19,29,145,112,33
"2011","E00002710","E00002710","Total",142,34,15,19,108,84,24
"2011","E00002711","E00002711","Total",172,56,19,37,116,89,27
"2011","E00002718","E00002718","Total",190,33,9,24,157,109,48
"2011","E00002741","E00002741","Total",169,59,21,38,110,95,15
"2011","E00002743","E00002743","Total",143,45,19,26,98,81,17
"2011","E00002744","E00002744","Total",185,49,14,35,136,105,31
"2011","E00002745","E00002745","Total",158,48,19,29,110,97,13
"2011","E00002957","E00002957","Total",128,31,5,26,97,78,19
"2011","E00002960","E00002960","Total",142,36,13,23,106,95,11
"2011","E00002963","E00002963","Total",177,56,24,32,121,101,20
"2011","E00002965","E00002965","Total",176,55,22,33,121,99,22
"2011","E00002966","E00002966","Total",187,57,22,35,130,115,15
"2011","E00002933","E00002933","Total",245,66,19,47,179,155,24
"2011","E00002938","E00002938","Total",145,42,13,29,103,96,7
"2011","E00002942","E00002942","Total",206,57,20,37,149,126,23
"2011","E00002958","E00002958","Total",188,44,20,24,144,124,20
"2011","E00002961","E00002961","Total",173,55,15,40,118,102,16
"2011","E00002941","E00002941","Total",121,42,15,27,79,67,12
"2011","E00002944","E00002944","Total",83,30,10,20,53,48,5
"2011","E00002945","E00002945","Total",197,56,13,43,141,121,20
"2011","E00002947","E00002947","Total",270,74,20,54,196,180,16
"2011","E00002968","E00002968","Total",214,40,12,28,174,151,23
"2011","E00002975","E00002975","Total",207,57,25,32,150,134,16
"2011","E00002979","E00002979","Total",175,53,20,33,122,111,11
"2011","E00002999","E00002999","Total",183,42,12,30,141,130,11
"2011","E00002982","E00002982","Total",237,63,27,36,174,154,20
"2011","E00002984","E00002984","Total",201,62,11,51,139,119,20
"2011","E00002985","E00002985","Total",198,59,16,43,139,117,22
"2011","E00002991","E00002991","Total",199,59,18,41,140,114,26
"2011","E00002969","E00002969","Total",111,34,7,27,77,67,10
"2011","E00002983","E00002983","Total",222,55,19,36,167,141,26
"2011","E00002989","E00002989","Total",183,52,17,35,131,121,10
"2011","E00002993","E00002993","Total",169,57,27,30,112,103,9
"2011","E00002980","E00002980","Total",198,72,22,50,126,112,14
"2011","E00002981","E00002981","Total",176,53,16,37,123,106,17
"2011","E00002986","E00002986","Total",243,53,13,40,190,170,20
"2011","E00002988","E00002988","Total",168,48,15,33,120,105,15
"2011","E00174551","E00174551","Total",58,24,14,10,34,30,4
"2011","E00174556","E00174556","Total",255,44,20,24,211,190,21
"2011","E00174693","E00174693","Total",232,38,12,26,194,168,26
"2011","E00174722","E00174722","Total",126,45,19,26,81,69,12
"2011","E00002970","E00002970","Total",241,44,14,30,197,163,34
"2011","E00002971","E00002971","Total",190,56,16,40,134,110,24
"2011","E00002972","E00002972","Total",281,86,26,60,195,162,33
"2011","E00003000","E00003000","Total",231,57,24,33,174,141,33
"2011","E00002464","E00002464","Total",179,36,15,21,143,111,32
"2011","E00002466","E00002466","Total",202,47,15,32,155,119,36
"2011","E00002474","E00002474","Total",193,49,14,35,144,114,30
"2011","E00002477","E00002477","Total",187,43,18,25,144,114,30
"2011","E00002478","E00002478","Total",199,38,14,24,161,128,33
"2011","E00002469","E00002469","Total",210,49,16,33,161,131,30
"2011","E00002479","E00002479","Total",194,48,17,31,146,115,31
"2011","E00002481","E00002481","Total",253,65,21,44,188,152,36
"2011","E00002482","E00002482","Total",104,32,14,18,72,61,11
"2011","E00002462","E00002462","Total",167,52,14,38,115,95,20
"2011","E00002463","E00002463","Total",201,57,17,40,144,113,31
"2011","E00002473","E00002473","Total",199,59,24,35,140,112,28
"2011","E00002480","E00002480","Total",229,83,21,62,146,129,17
"2011","E00002465","E00002465","Total",190,42,10,32,148,113,35
"2011","E00002467","E00002467","Total",217,58,22,36,159,135,24
"2011","E00002470","E00002470","Total",162,32,1,31,130,108,22
"2011","E00002472","E00002472","Total",196,54,19,35,142,113,29
"2011","E00002475","E00002475","Total",214,63,21,42,151,123,28
"2011","E00002707","E00002707","Total",176,47,19,28,129,97,32
"2011","E00002709","E00002709","Total",109,27,10,17,82,70,12
"2011","E00002712","E00002712","Total",159,41,11,30,118,93,25
"2011","E00002715","E00002715","Total",200,45,13,32,155,127,28
"2011","E00002717","E00002717","Total",191,40,16,24,151,122,29
"2011","E00002930","E00002930","Total",207,59,18,41,148,118,30
"2011","E00002936","E00002936","Total",198,73,24,49,125,102,23
"2011","E00002943","E00002943","Total",144,42,14,28,102,91,11
"2011","E00002956","E00002956","Total",160,49,15,34,111,101,10
"2011","E00002959","E00002959","Total",193,51,21,30,142,121,21
"2011","E00002946","E00002946","Total",246,80,24,56,166,146,20
"2011","E00002948","E00002948","Total",192,63,21,42,129,114,15
"2011","E00002949","E00002949","Total",223,63,26,37,160,143,17
"2011","E00002950","E00002950","Total",156,49,9,40,107,90,17
"2011","E00003047","E00003047","Total",212,55,15,40,157,137,20
"2011","E00003054","E00003054","Total",222,52,16,36,170,145,25
"2011","E00003057","E00003057","Total",258,65,27,38,193,173,20
"2011","E00003058","E00003058","Total",231,63,28,35,168,158,10
"2011","E00003049","E00003049","Total",226,58,15,43,168,144,24
"2011","E00003051","E00003051","Total",195,62,22,40,133,117,16
"2011","E00003053","E00003053","Total",252,65,27,38,187,163,24
"2011","E00003059","E00003059","Total",308,79,33,46,229,199,30
"2011","E00003048","E00003048","Total",182,45,14,31,137,121,16
"2011","E00003063","E00003063","Total",204,63,18,45,141,126,15
"2011","E00003064","E00003064","Total",185,59,17,42,126,117,9
"2011","E00003068","E00003068","Total",216,49,22,27,167,156,11
"2011","E00174684","E00174684","Total",187,58,22,36,129,114,15
"2011","E00174735","E00174735","Total",121,41,9,32,80,67,13
"2011","E00002973","E00002973","Total",218,60,18,42,158,134,24
"2011","E00002974","E00002974","Total",203,56,16,40,147,118,29
"2011","E00002976","E00002976","Total",241,68,27,41,173,135,38
"2011","E00002977","E00002977","Total",265,69,27,42,196,167,29
"2011","E00002987","E00002987","Total",183,48,16,32,135,118,17
"2011","E00002990","E00002990","Total",189,58,23,35,131,116,15
"2011","E00002992","E00002992","Total",208,60,16,44,148,121,27
"2011","E00002994","E00002994","Total",213,61,20,41,152,138,14
"2011","E00002995","E00002995","Total",196,50,16,34,146,132,14
"2011","E00002996","E00002996","Total",205,59,16,43,146,131,15
"2011","E00002997","E00002997","Total",263,72,26,46,191,176,15
"2011","E00002998","E00002998","Total",229,69,24,45,160,132,28
"2011","E00003041","E00003041","Total",210,58,17,41,152,138,14
"2011","E00003042","E00003042","Total",235,70,32,38,165,143,22
"2011","E00003065","E00003065","Total",199,77,28,49,122,94,28
"2011","E00174683","E00174683","Total",200,73,17,56,127,107,20
"2011","E00174687","E00174687","Total",160,36,10,26,124,111,13
"2011","E00174729","E00174729","Total",171,40,10,30,131,118,13
"2011","E00003043","E00003043","Total",223,79,22,57,144,128,16
"2011","E00003045","E00003045","Total",225,79,23,56,146,111,35
"2011","E00003046","E00003046","Total",228,49,19,30,179,154,25
"2011","E00003050","E00003050","Total",248,68,25,43,180,158,22
"2011","E00002913","E00002913","Total",134,46,11,35,88,74,14
"2011","E00002914","E00002914","Total",122,38,6,32,84,72,12
"2011","E00002916","E00002916","Total",88,38,15,23,50,46,4
"2011","E00002918","E00002918","Total",105,38,18,20,67,55,12
"2011","E00002926","E00002926","Total",94,40,15,25,54,45,9
"2011","E00002899","E00002899","Total",122,51,13,38,71,52,19
"2011","E00002900","E00002900","Total",111,39,16,23,72,62,10
"2011","E00002901","E00002901","Total",116,37,9,28,79,66,13
"2011","E00002907","E00002907","Total",166,62,20,42,104,89,15
"2011","E00002887","E00002887","Total",173,43,18,25,130,115,15
"2011","E00002902","E00002902","Total",125,55,12,43,70,63,7
"2011","E00002904","E00002904","Total",122,46,17,29,76,68,8
"2011","E00002906","E00002906","Total",128,41,10,31,87,81,6
"2011","E00002888","E00002888","Total",136,39,10,29,97,91,6
"2011","E00002903","E00002903","Total",112,29,3,26,83,74,9
"2011","E00002905","E00002905","Total",128,50,15,35,78,65,13
"2011","E00002910","E00002910","Total",118,32,8,24,86,71,15
"2011","E00002911","E00002911","Total",123,38,14,24,85,75,10
"2011","E00002908","E00002908","Total",140,55,14,41,85,78,7
"2011","E00002909","E00002909","Total",151,60,24,36,91,77,14
"2011","E00002912","E00002912","Total",162,53,14,39,109,104,5
"2011","E00002917","E00002917","Total",153,55,11,44,98,86,12
"2011","E00002920","E00002920","Total",123,44,9,35,79,70,9
"2011","E00002923","E00002923","Total",127,50,10,40,77,71,6
"2011","E00002924","E00002924","Total",186,67,16,51,119,106,13
"2011","E00002925","E00002925","Total",129,46,11,35,83,75,8
"2011","E00002387","E00002387","Total",223,70,24,46,153,103,50
"2011","E00002397","E00002397","Total",149,58,16,42,91,68,23
"2011","E00002413","E00002413","Total",241,53,18,35,188,151,37
"2011","E00002418","E00002418","Total",150,56,17,39,94,72,22
"2011","E00003083","E00003083","Total",184,34,15,19,150,131,19
"2011","E00003084","E00003084","Total",148,54,21,33,94,80,14
"2011","E00003086","E00003086","Total",171,44,12,32,127,101,26
"2011","E00003093","E00003093","Total",184,40,11,29,144,108,36
"2011","E00003100","E00003100","Total",175,33,7,26,142,117,25
"2011","E00003087","E00003087","Total",201,42,21,21,159,136,23
"2011","E00003089","E00003089","Total",178,43,9,34,135,108,27
"2011","E00003092","E00003092","Total",246,45,11,34,201,171,30
"2011","E00003096","E00003096","Total",181,37,9,28,144,120,24
"2011","E00003099","E00003099","Total",276,61,23,38,215,165,50
"2011","E00003097","E00003097","Total",207,33,7,26,174,127,47
"2011","E00003101","E00003101","Total",234,57,18,39,177,137,40
"2011","E00003103","E00003103","Total",151,34,12,22,117,98,19
"2011","E00003104","E00003104","Total",263,53,14,39,210,169,41
"2011","E00003105","E00003105","Total",213,48,11,37,165,136,29
"2011","E00003106","E00003106","Total",178,42,9,33,136,116,20
"2011","E00003073","E00003073","Total",173,59,23,36,114,94,20
"2011","E00003075","E00003075","Total",215,44,13,31,171,152,19
"2011","E00003098","E00003098","Total",151,33,7,26,118,95,23
"2011","E00003108","E00003108","Total",203,55,16,39,148,133,15
"2011","E00003109","E00003109","Total",253,59,25,34,194,163,31
"2011","E00002383","E00002383","Total",183,29,10,19,154,117,37
"2011","E00002393","E00002393","Total",252,57,18,39,195,157,38
"2011","E00002416","E00002416","Total",220,39,16,23,181,139,42
"2011","E00002420","E00002420","Total",174,34,8,26,140,101,39
"2011","E00002421","E00002421","Total",214,47,21,26,167,123,44
"2011","E00002392","E00002392","Total",252,57,21,36,195,153,42
"2011","E00002406","E00002406","Total",171,53,16,37,118,86,32
"2011","E00002412","E00002412","Total",164,28,9,19,136,102,34
"2011","E00002414","E00002414","Total",156,31,13,18,125,100,25
"2011","E00002415","E00002415","Total",141,20,4,16,121,105,16
"2011","E00002386","E00002386","Total",196,32,10,22,164,130,34
"2011","E00002407","E00002407","Total",182,45,12,33,137,103,34
"2011","E00002408","E00002408","Total",101,25,5,20,76,65,11
"2011","E00002409","E00002409","Total",137,28,9,19,109,83,26
"2011","E00002410","E00002410","Total",121,30,10,20,91,71,20
"2011","E00002411","E00002411","Total",116,34,6,28,82,58,24
"2011","E00002713","E00002713","Total",140,29,9,20,111,79,32
"2011","E00002714","E00002714","Total",130,30,15,15,100,74,26
"2011","E00002716","E00002716","Total",151,47,19,28,104,85,19
"2011","E00002720","E00002720","Total",139,26,9,17,113,85,28
"2011","E00002724","E00002724","Total",169,31,13,18,138,99,39
"2011","E00002725","E00002725","Total",218,38,12,26,180,127,53
"2011","E00002719","E00002719","Total",160,31,9,22,129,103,26
"2011","E00002721","E00002721","Total",95,36,10,26,59,55,4
"2011","E00002722","E00002722","Total",229,42,18,24,187,134,53
"2011","E00002723","E00002723","Total",194,52,13,39,142,112,30
"2011","E00002726","E00002726","Total",96,35,13,22,61,49,12
"2011","E00002727","E00002727","Total",219,35,20,15,184,130,54
"2011","E00003081","E00003081","Total",207,66,26,40,141,124,17
"2011","E00003082","E00003082","Total",173,51,12,39,122,91,31
"2011","E00003090","E00003090","Total",222,73,27,46,149,134,15
"2011","E00003091","E00003091","Total",160,48,19,29,112,95,17
"2011","E00003095","E00003095","Total",184,64,21,43,120,107,13
"2011","E00003071","E00003071","Total",186,58,16,42,128,114,14
"2011","E00003072","E00003072","Total",172,54,12,42,118,98,20
"2011","E00003088","E00003088","Total",225,76,27,49,149,122,27
"2011","E00003102","E00003102","Total",227,68,19,49,159,130,29
"2011","E00003107","E00003107","Total",227,70,20,50,157,136,21
"2011","E00003078","E00003078","Total",227,88,32,56,139,118,21
"2011","E00003079","E00003079","Total",181,54,22,32,127,115,12
"2011","E00003080","E00003080","Total",166,54,7,47,112,96,16
"2011","E00003085","E00003085","Total",225,54,21,33,171,144,27
"2011","E00003094","E00003094","Total",160,42,10,32,118,87,31
"2011","E00003069","E00003069","Total",92,33,10,23,59,54,5
"2011","E00003070","E00003070","Total",122,41,9,32,81,73,8
"2011","E00003076","E00003076","Total",131,34,8,26,97,87,10
"2011","E00003077","E00003077","Total",164,53,14,39,111,96,15
"2011","E00174688","E00174688","Total",148,33,7,26,115,100,15
"2011","E00174689","E00174689","Total",161,40,12,28,121,102,19
"2011","E00002476","E00002476","Total",173,72,21,51,101,85,16
"2011","E00002483","E00002483","Total",137,47,18,29,90,80,10
"2011","E00002485","E00002485","Total",131,47,16,31,84,74,10
"2011","E00002486","E00002486","Total",144,42,11,31,102,87,15
"2011","E00002487","E00002487","Total",159,45,13,32,114,94,20
"2011","E00002534","E00002534","Total",163,49,18,31,114,99,15
"2011","E00002538","E00002538","Total",223,86,30,56,137,118,19
"2011","E00002544","E00002544","Total",107,36,9,27,71,60,11
"2011","E00002545","E00002545","Total",156,47,8,39,109,92,17
"2011","E00002546","E00002546","Total",181,85,33,52,96,87,9
"2011","E00002532","E00002532","Total",190,63,17,46,127,103,24
"2011","E00002535","E00002535","Total",145,51,15,36,94,85,9
"2011","E00002537","E00002537","Total",134,45,20,25,89,83,6
"2011","E00002567","E00002567","Total",172,59,11,48,113,103,10
"2011","E00002570","E00002570","Total",122,46,11,35,76,70,6
"2011","E00002558","E00002558","Total",213,70,21,49,143,133,10
"2011","E00002559","E00002559","Total",146,58,16,42,88,78,10
"2011","E00002560","E00002560","Total",138,46,16,30,92,87,5
"2011","E00002563","E00002563","Total",101,32,7,25,69,61,8
"2011","E00174694","E00174694","Total",82,27,12,15,55,49,6
"2011","E00174726","E00174726","Total",135,55,16,39,80,69,11
"2011","E00002533","E00002533","Total",212,65,20,45,147,138,9
"2011","E00002561","E00002561","Total",198,59,18,41,139,123,16
"2011","E00002564","E00002564","Total",144,40,10,30,104,82,22
"2011","E00002565","E00002565","Total",134,58,12,46,76,67,9
"2011","E00002568","E00002568","Total",170,56,13,43,114,101,13
"2011","E00002531","E00002531","Total",120,56,17,39,64,58,6
"2011","E00002536","E00002536","Total",58,16,6,10,42,40,2
"2011","E00002562","E00002562","Total",105,48,12,36,57,52,5
"2011","E00002566","E00002566","Total",100,36,14,22,64,53,11
"2011","E00002569","E00002569","Total",168,66,20,46,102,82,20
"2011","E00002321","E00002321","Total",211,59,19,40,152,125,27
"2011","E00002323","E00002323","Total",197,46,20,26,151,137,14
"2011","E00002324","E00002324","Total",197,60,18,42,137,122,15
"2011","E00002325","E00002325","Total",208,42,17,25,166,152,14
"2011","E00002329","E00002329","Total",264,70,23,47,194,169,25
"2011","E00002331","E00002331","Total",189,45,15,30,144,130,14
"2011","E00002333","E00002333","Total",249,74,22,52,175,160,15
"2011","E00002335","E00002335","Total",207,68,23,45,139,125,14
"2011","E00002310","E00002310","Total",181,48,16,32,133,116,17
"2011","E00002312","E00002312","Total",210,49,20,29,161,143,18
"2011","E00002315","E00002315","Total",155,43,21,22,112,100,12
"2011","E00002342","E00002342","Total",227,49,24,25,178,150,28
"2011","E00002319","E00002319","Total",160,50,20,30,110,90,20
"2011","E00002337","E00002337","Total",164,50,14,36,114,103,11
"2011","E00002338","E00002338","Total",241,53,24,29,188,165,23
"2011","E00002339","E00002339","Total",160,40,10,30,120,106,14
"2011","E00002341","E00002341","Total",196,49,22,27,147,127,20
"2011","E00003044","E00003044","Total",122,51,19,32,71,61,10
"2011","E00003052","E00003052","Total",271,85,24,61,186,169,17
"2011","E00174682","E00174682","Total",238,53,17,36,185,161,24
"2011","E00174721","E00174721","Total",142,36,10,26,106,90,16
"2011","E00174727","E00174727","Total",153,51,11,40,102,90,12
"2011","E00174728","E00174728","Total",98,20,7,13,78,70,8
"2011","E00002891","E00002891","Total",146,47,11,36,99,91,8
"2011","E00002893","E00002893","Total",107,32,11,21,75,62,13
"2011","E00002915","E00002915","Total",125,45,11,34,80,66,14
"2011","E00002919","E00002919","Total",166,55,18,37,111,92,19
"2011","E00002883","E00002883","Total",237,65,20,45,172,151,21
"2011","E00002897","E00002897","Total",140,44,14,30,96,79,17
"2011","E00174702","E00174702","Total",145,54,21,33,91,83,8
"2011","E00002886","E00002886","Total",106,30,6,24,76,56,20
"2011","E00002894","E00002894","Total",101,41,12,29,60,46,14
"2011","E00002898","E00002898","Total",137,52,16,36,85,74,11
"2011","E00174691","E00174691","Total",99,34,11,23,65,58,7
"2011","E00174692","E00174692","Total",128,48,22,26,80,73,7
"2011","E00174715","E00174715","Total",162,28,12,16,134,114,20
"2011","E00002892","E00002892","Total",162,64,14,50,98,90,8
"2011","E00002921","E00002921","Total",116,63,16,47,53,47,6
"2011","E00002922","E00002922","Total",109,25,10,15,84,76,8
"2011","E00002928","E00002928","Total",130,40,11,29,90,81,9
"2011","E00002929","E00002929","Total",116,48,14,34,68,55,13
"2011","E00174725","E00174725","Total",91,42,11,31,49,43,6
"2011","E00002639","E00002639","Total",250,60,21,39,190,154,36
"2011","E00002683","E00002683","Total",107,22,9,13,85,62,23
"2011","E00002684","E00002684","Total",159,42,12,30,117,72,45
"2011","E00002686","E00002686","Total",209,54,13,41,155,115,40
"2011","E00002687","E00002687","Total",232,56,14,42,176,153,23
"2011","E00002689","E00002689","Total",193,41,10,31,152,114,38
"2011","E00002640","E00002640","Total",133,24,6,18,109,76,33
"2011","E00002642","E00002642","Total",161,50,23,27,111,89,22
"2011","E00002685","E00002685","Total",188,34,15,19,154,117,37
"2011","E00002688","E00002688","Total",145,40,10,30,105,67,38
"2011","E00002690","E00002690","Total",166,23,8,15,143,113,30
"2011","E00002691","E00002691","Total",177,51,19,32,126,101,25
"2011","E00002643","E00002643","Total",169,45,14,31,124,95,29
"2011","E00002644","E00002644","Total",123,31,6,25,92,79,13
"2011","E00002645","E00002645","Total",171,38,9,29,133,108,25
"2011","E00002647","E00002647","Total",182,47,10,37,135,104,31
"2011","E00002648","E00002648","Total",177,34,13,21,143,111,32
"2011","E00002651","E00002651","Total",132,25,12,13,107,84,23
"2011","E00002646","E00002646","Total",107,25,15,10,82,71,11
"2011","E00002649","E00002649","Total",295,40,13,27,255,178,77
"2011","E00002650","E00002650","Total",121,31,8,23,90,72,18
"2011","E00002653","E00002653","Total",89,23,6,17,66,54,12
"2011","E00002654","E00002654","Total",229,37,16,21,192,132,60
"2011","E00174681","E00174681","Total",213,28,9,19,185,144,41
"2011","E00174686","E00174686","Total",172,31,7,24,141,115,26
"2011","E00002641","E00002641","Total",303,44,8,36,259,185,74
"2011","E00002652","E00002652","Total",188,51,8,43,137,101,36
"2011","E00002655","E00002655","Total",146,29,5,24,117,86,31
"2011","E00002657","E00002657","Total",165,33,11,22,132,108,24
"2011","E00002658","E00002658","Total",174,41,15,26,133,100,33
"2011","E00002662","E00002662","Total",220,35,13,22,185,130,55
"2011","E00002326","E00002326","Total",178,50,24,26,128,110,18
"2011","E00002327","E00002327","Total",177,30,5,25,147,130,17
"2011","E00002328","E00002328","Total",165,45,8,37,120,105,15
"2011","E00174705","E00174705","Total",244,55,20,35,189,165,24
"2011","E00002311","E00002311","Total",162,49,19,30,113,97,16
"2011","E00002313","E00002313","Total",247,71,21,50,176,155,21
"2011","E00002332","E00002332","Total",276,64,15,49,212,193,19
"2011","E00002336","E00002336","Total",221,56,30,26,165,154,11
"2011","E00002330","E00002330","Total",167,46,8,38,121,108,13
"2011","E00002334","E00002334","Total",207,60,21,39,147,130,17
"2011","E00002343","E00002343","Total",239,62,22,40,177,159,18
"2011","E00174723","E00174723","Total",217,59,22,37,158,136,22
"2011","E00174724","E00174724","Total",141,43,14,29,98,92,6
"2011","E00002314","E00002314","Total",239,61,17,44,178,154,24
"2011","E00002316","E00002316","Total",214,51,18,33,163,150,13
"2011","E00002322","E00002322","Total",169,41,14,27,128,110,18
"2011","E00002340","E00002340","Total",193,50,14,36,143,131,12
"2011","E00003056","E00003056","Total",208,48,13,35,160,135,25
"2011","E00003060","E00003060","Total",271,86,24,62,185,165,20
"2011","E00003061","E00003061","Total",269,86,32,54,183,158,25
"2011","E00003062","E00003062","Total",230,69,25,44,161,131,30
"2011","E00002391","E00002391","Total",163,56,20,36,107,91,16
"2011","E00002394","E00002394","Total",184,40,16,24,144,110,34
"2011","E00002395","E00002395","Total",144,39,9,30,105,93,12
"2011","E00002417","E00002417","Total",109,20,5,15,89,69,20
"2011","E00002419","E00002419","Total",192,58,21,37,134,103,31
"2011","E00002384","E00002384","Total",286,62,14,48,224,166,58
"2011","E00002385","E00002385","Total",153,38,15,23,115,84,31
"2011","E00002388","E00002388","Total",192,43,19,24,149,112,37
"2011","E00002390","E00002390","Total",127,30,8,22,97,80,17
"2011","E00002398","E00002398","Total",210,49,24,25,161,105,56
"2011","E00002389","E00002389","Total",181,47,15,32,134,102,32
"2011","E00002396","E00002396","Total",152,37,9,28,115,93,22
"2011","E00002399","E00002399","Total",173,49,12,37,124,99,25
"2011","E00002401","E00002401","Total",180,53,19,34,127,104,23
"2011","E00002400","E00002400","Total",172,41,15,26,131,105,26
"2011","E00002402","E00002402","Total",191,67,16,51,124,104,20
"2011","E00002403","E00002403","Total",165,43,19,24,122,96,26
"2011","E00002404","E00002404","Total",139,45,12,33,94,80,14
"2011","E00002405","E00002405","Total",164,36,8,28,128,89,39
"2011","E00002828","E00002828","Total",132,33,16,17,99,73,26
"2011","E00002829","E00002829","Total",182,36,12,24,146,121,25
"2011","E00002830","E00002830","Total",180,41,15,26,139,100,39
"2011","E00002832","E00002832","Total",205,34,13,21,171,126,45
"2011","E00002837","E00002837","Total",172,33,14,19,139,109,30
"2011","E00002539","E00002539","Total",221,79,26,53,142,125,17
"2011","E00002540","E00002540","Total",162,32,5,27,130,106,24
"2011","E00002541","E00002541","Total",239,83,28,55,156,132,24
"2011","E00002542","E00002542","Total",255,75,23,52,180,153,27
"2011","E00174706","E00174706","Total",141,37,7,30,104,92,12
"2011","E00174707","E00174707","Total",96,36,11,25,60,51,9
"2011","E00174709","E00174709","Total",44,12,6,6,32,29,3
"2011","E00002547","E00002547","Total",80,31,8,23,49,43,6
"2011","E00002548","E00002548","Total",118,51,17,34,67,55,12
"2011","E00002549","E00002549","Total",196,71,28,43,125,103,22
"2011","E00002550","E00002550","Total",139,52,13,39,87,71,16
"2011","E00174708","E00174708","Total",108,42,12,30,66,63,3
"2011","E00174710","E00174710","Total",128,55,20,35,73,61,12
"2011","E00174712","E00174712","Total",132,36,15,21,96,81,15
"2011","E00174719","E00174719","Total",142,42,15,27,100,77,23
"2011","E00002552","E00002552","Total",160,53,21,32,107,92,15
"2011","E00002553","E00002553","Total",160,54,12,42,106,89,17
"2011","E00002554","E00002554","Total",140,45,13,32,95,86,9
"2011","E00002555","E00002555","Total",134,50,15,35,84,77,7
"2011","E00002556","E00002556","Total",255,89,23,66,166,149,17
"2011","E00002577","E00002577","Total",257,74,18,56,183,156,27
"2011","E00002579","E00002579","Total",221,78,19,59,143,119,24
"2011","E00002580","E00002580","Total",282,88,17,71,194,162,32
"2011","E00002581","E00002581","Total",105,34,11,23,71,52,19
"2011","E00002583","E00002583","Total",173,39,12,27,134,104,30
"2011","E00002586","E00002586","Total",214,76,28,48,138,111,27
"2011","E00002591","E00002591","Total",262,63,23,40,199,152,47
"2011","E00002596","E00002596","Total",229,63,20,43,166,151,15
"2011","E00002598","E00002598","Total",206,62,22,40,144,123,21
"2011","E00002604","E00002604","Total",208,56,19,37,152,131,21
"2011","E00002594","E00002594","Total",207,79,18,61,128,104,24
"2011","E00174711","E00174711","Total",105,35,10,25,70,64,6
"2011","E00174718","E00174718","Total",131,39,15,24,92,72,20
"2011","E00174720","E00174720","Total",100,35,10,25,65,54,11
"2011","E00002588","E00002588","Total",179,50,12,38,129,110,19
"2011","E00002589","E00002589","Total",210,66,23,43,144,109,35
"2011","E00002601","E00002601","Total",225,41,15,26,184,158,26
"2011","E00002603","E00002603","Total",218,79,23,56,139,124,15
"2011","E00002816","E00002816","Total",212,39,12,27,173,136,37
"2011","E00002818","E00002818","Total",181,44,15,29,137,103,34
"2011","E00002819","E00002819","Total",189,32,10,22,157,115,42
"2011","E00002821","E00002821","Total",178,43,13,30,135,85,50
"2011","E00002823","E00002823","Total",168,39,14,25,129,106,23
"2011","E00002824","E00002824","Total",166,30,9,21,136,99,37
"2011","E00002825","E00002825","Total",222,48,17,31,174,128,46
"2011","E00002826","E00002826","Total",246,63,22,41,183,129,54
"2011","E00002833","E00002833","Total",232,65,13,52,167,111,56
"2011","E00002834","E00002834","Total",211,46,6,40,165,108,57
"2011","E00002838","E00002838","Total",205,55,18,37,150,107,43
"2011","E00002844","E00002844","Total",167,33,13,20,134,96,38
"2011","E00002846","E00002846","Total",245,53,16,37,192,141,51
"2011","E00002847","E00002847","Total",215,46,14,32,169,111,58
"2011","E00002848","E00002848","Total",202,39,9,30,163,115,48
"2011","E00002807","E00002807","Total",228,34,9,25,194,133,61
"2011","E00002808","E00002808","Total",117,39,15,24,78,63,15
"2011","E00002827","E00002827","Total",206,43,9,34,163,125,38
"2011","E00002831","E00002831","Total",233,58,30,28,175,134,41
"2011","E00002839","E00002839","Total",268,53,15,38,215,152,63
"2011","E00002840","E00002840","Total",288,48,14,34,240,175,65
"2011","E00002810","E00002810","Total",85,31,12,19,54,39,15
"2011","E00002811","E00002811","Total",236,47,17,30,189,159,30
"2011","E00002815","E00002815","Total",263,45,5,40,218,169,49
"2011","E00002820","E00002820","Total",304,75,33,42,229,182,47
"2011","E00002822","E00002822","Total",302,70,20,50,232,176,56
"2011","E00002845","E00002845","Total",289,77,23,54,212,171,41
"2011","E00002585","E00002585","Total",214,56,25,31,158,133,25
"2011","E00002587","E00002587","Total",197,44,11,33,153,126,27
"2011","E00002593","E00002593","Total",228,71,15,56,157,126,31
"2011","E00002600","E00002600","Total",173,33,10,23,140,108,32
"2011","E00002602","E00002602","Total",224,61,18,43,163,137,26
"2011","E00002572","E00002572","Total",239,80,27,53,159,138,21
"2011","E00002597","E00002597","Total",250,58,22,36,192,154,38
"2011","E00002599","E00002599","Total",197,35,10,25,162,122,40
"2011","E00002605","E00002605","Total",153,34,12,22,119,88,31
"2011","E00174714","E00174714","Total",88,32,15,17,56,52,4
"2011","E00174716","E00174716","Total",105,28,6,22,77,69,8
"2011","E00174717","E00174717","Total",63,31,12,19,32,28,4
"2011","E00002571","E00002571","Total",194,37,20,17,157,127,30
"2011","E00002573","E00002573","Total",200,44,20,24,156,127,29
"2011","E00002575","E00002575","Total",220,38,11,27,182,147,35
"2011","E00002576","E00002576","Total",189,45,16,29,144,113,31
"2011","E00002606","E00002606","Total",128,28,8,20,100,72,28
"2011","E00002578","E00002578","Total",182,54,24,30,128,99,29
"2011","E00002582","E00002582","Total",146,36,13,23,110,94,16
"2011","E00002584","E00002584","Total",145,46,17,29,99,83,16
"2011","E00002592","E00002592","Total",165,51,15,36,114,92,22
"2011","E00002595","E00002595","Total",235,62,24,38,173,140,33
"2011","E00002835","E00002835","Total",178,40,17,23,138,120,18
"2011","E00002836","E00002836","Total",131,45,18,27,86,72,14
"2011","E00002841","E00002841","Total",216,62,23,39,154,121,33
"2011","E00002842","E00002842","Total",209,58,15,43,151,124,27
"2011","E00002843","E00002843","Total",171,35,9,26,136,97,39
"2011","E00002809","E00002809","Total",197,59,20,39,138,105,33
"2011","E00002812","E00002812","Total",214,52,18,34,162,119,43
"2011","E00002813","E00002813","Total",193,51,23,28,142,113,29
"2011","E00002814","E00002814","Total",196,38,11,27,158,117,41
"2011","E00002817","E00002817","Total",220,35,14,21,185,139,46
"2011","E00002668","E00002668","Total",228,40,13,27,188,151,37
"2011","E00002678","E00002678","Total",119,40,15,25,79,70,9
"2011","E00002680","E00002680","Total",111,40,10,30,71,66,5
"2011","E00002681","E00002681","Total",161,58,21,37,103,93,10
"2011","E00002682","E00002682","Total",173,45,19,26,128,106,22
"2011","E00002659","E00002659","Total",198,36,10,26,162,117,45
"2011","E00002660","E00002660","Total",77,30,14,16,47,43,4
"2011","E00002661","E00002661","Total",165,43,15,28,122,104,18
"2011","E00002663","E00002663","Total",177,37,15,22,140,114,26
"2011","E00002664","E00002664","Total",115,40,17,23,75,63,12
"2011","E00002670","E00002670","Total",210,53,20,33,157,126,31
"2011","E00002665","E00002665","Total",117,39,10,29,78,66,12
"2011","E00002666","E00002666","Total",107,42,9,33,65,58,7
"2011","E00002667","E00002667","Total",248,65,17,48,183,139,44
"2011","E00002669","E00002669","Total",121,45,13,32,76,68,8
"2011","E00002671","E00002671","Total",95,32,7,25,63,57,6
"2011","E00002672","E00002672","Total",129,44,18,26,85,73,12
"2011","E00002673","E00002673","Total",107,41,15,26,66,56,10
"2011","E00002674","E00002674","Total",127,55,22,33,72,64,8
"2011","E00002675","E00002675","Total",112,32,12,20,80,68,12
"2011","E00002676","E00002676","Total",87,28,5,23,59,50,9
"2011","E00002677","E00002677","Total",110,50,16,34,60,53,7
"2011","E00002679","E00002679","Total",106,46,20,26,60,55,5
"2011","E00003814","E00003814","Total",122,34,12,22,88,64,24
"2011","E00003815","E00003815","Total",126,28,10,18,98,78,20
"2011","E00003837","E00003837","Total",131,33,14,19,98,75,23
"2011","E00003838","E00003838","Total",113,27,7,20,86,70,16
"2011","E00003839","E00003839","Total",134,24,8,16,110,76,34
"2011","E00003812","E00003812","Total",123,38,15,23,85,71,14
"2011","E00003813","E00003813","Total",176,42,14,28,134,114,20
"2011","E00003817","E00003817","Total",55,12,4,8,43,37,6
"2011","E00003818","E00003818","Total",133,43,12,31,90,79,11
"2011","E00003819","E00003819","Total",185,56,20,36,129,107,22
"2011","E00003809","E00003809","Total",114,31,7,24,83,70,13
"2011","E00003810","E00003810","Total",114,27,7,20,87,74,13
"2011","E00003811","E00003811","Total",116,32,7,25,84,73,11
"2011","E00003820","E00003820","Total",96,20,4,16,76,65,11
"2011","E00003821","E00003821","Total",133,41,7,34,92,79,13
"2011","E00003816","E00003816","Total",107,27,10,17,80,69,11
"2011","E00003823","E00003823","Total",114,32,11,21,82,70,12
"2011","E00003825","E00003825","Total",92,28,6,22,64,56,8
"2011","E00003827","E00003827","Total",140,41,8,33,99,87,12
"2011","E00003830","E00003830","Total",115,31,8,23,84,68,16
"2011","E00003822","E00003822","Total",88,25,5,20,63,49,14
"2011","E00003824","E00003824","Total",136,34,10,24,102,81,21
"2011","E00003826","E00003826","Total",116,32,11,21,84,65,19
"2011","E00003831","E00003831","Total",153,43,14,29,110,97,13
"2011","E00003832","E00003832","Total",113,27,10,17,86,68,18
"2011","E00003806","E00003806","Total",102,41,10,31,61,51,10
"2011","E00003807","E00003807","Total",141,42,15,27,99,85,14
"2011","E00003828","E00003828","Total",109,41,8,33,68,56,12
"2011","E00003833","E00003833","Total",115,33,12,21,82,69,13
"2011","E00003836","E00003836","Total",129,41,16,25,88,69,19
"2011","E00003338","E00003338","Total",126,36,18,18,90,64,26
"2011","E00003346","E00003346","Total",158,40,15,25,118,97,21
"2011","E00003347","E00003347","Total",134,40,12,28,94,82,12
"2011","E00003348","E00003348","Total",102,30,11,19,72,60,12
"2011","E00003363","E00003363","Total",133,24,8,16,109,87,22
"2011","E00003333","E00003333","Total",179,51,16,35,128,92,36
"2011","E00003335","E00003335","Total",193,49,14,35,144,110,34
"2011","E00003354","E00003354","Total",177,52,22,30,125,97,28
"2011","E00003357","E00003357","Total",161,40,13,27,121,98,23
"2011","E00003334","E00003334","Total",153,48,15,33,105,84,21
"2011","E00003349","E00003349","Total",146,26,6,20,120,97,23
"2011","E00003350","E00003350","Total",174,52,15,37,122,98,24
"2011","E00003352","E00003352","Total",151,45,13,32,106,91,15
"2011","E00003356","E00003356","Total",98,20,4,16,78,65,13
"2011","E00003336","E00003336","Total",208,68,17,51,140,113,27
"2011","E00003351","E00003351","Total",191,53,18,35,138,104,34
"2011","E00003359","E00003359","Total",149,28,7,21,121,90,31
"2011","E00003360","E00003360","Total",140,26,4,22,114,80,34
"2011","E00003364","E00003364","Total",159,51,25,26,108,77,31
"2011","E00003805","E00003805","Total",168,56,25,31,112,90,22
"2011","E00003808","E00003808","Total",181,48,14,34,133,103,30
"2011","E00003829","E00003829","Total",156,39,14,25,117,99,18
"2011","E00003834","E00003834","Total",170,44,15,29,126,95,31
"2011","E00003835","E00003835","Total",113,25,7,18,88,70,18
"2011","E00003889","E00003889","Total",156,42,15,27,114,92,22
"2011","E00003925","E00003925","Total",182,61,19,42,121,107,14
"2011","E00003926","E00003926","Total",210,49,16,33,161,144,17
"2011","E00003932","E00003932","Total",171,49,14,35,122,103,19
"2011","E00003940","E00003940","Total",183,37,15,22,146,124,22
"2011","E00003895","E00003895","Total",175,43,11,32,132,105,27
"2011","E00003902","E00003902","Total",144,32,11,21,112,93,19
"2011","E00003903","E00003903","Total",160,33,8,25,127,107,20
"2011","E00003906","E00003906","Total",155,32,10,22,123,99,24
"2011","E00003907","E00003907","Total",142,46,14,32,96,84,12
"2011","E00003909","E00003909","Total",167,37,8,29,130,93,37
"2011","E00003896","E00003896","Total",110,26,8,18,84,74,10
"2011","E00003898","E00003898","Total",166,39,13,26,127,95,32
"2011","E00003899","E00003899","Total",148,31,14,17,117,102,15
"2011","E00003900","E00003900","Total",155,38,14,24,117,103,14
"2011","E00003904","E00003904","Total",119,41,11,30,78,70,8
"2011","E00003947","E00003947","Total",138,31,11,20,107,85,22
"2011","E00003890","E00003890","Total",179,59,22,37,120,82,38
"2011","E00003897","E00003897","Total",136,36,16,20,100,75,25
"2011","E00003901","E00003901","Total",138,24,9,15,114,82,32
"2011","E00003915","E00003915","Total",152,36,15,21,116,90,26
"2011","E00003946","E00003946","Total",137,38,10,28,99,83,16
"2011","E00003892","E00003892","Total",150,54,16,38,96,84,12
"2011","E00003905","E00003905","Total",158,44,14,30,114,89,25
"2011","E00003908","E00003908","Total",124,28,10,18,96,81,15
"2011","E00003912","E00003912","Total",100,21,5,16,79,64,15
"2011","E00003917","E00003917","Total",133,31,13,18,102,84,18
"2011","E00003918","E00003918","Total",123,43,16,27,80,63,17
"2011","E00003603","E00003603","Total",144,33,6,27,111,102,9
"2011","E00003604","E00003604","Total",111,34,13,21,77,66,11
"2011","E00003607","E00003607","Total",98,31,6,25,67,52,15
"2011","E00003614","E00003614","Total",143,42,11,31,101,84,17
"2011","E00003618","E00003618","Total",136,40,17,23,96,83,13
"2011","E00003627","E00003627","Total",168,38,10,28,130,109,21
"2011","E00003628","E00003628","Total",166,38,12,26,128,112,16
"2011","E00003617","E00003617","Total",122,41,17,24,81,72,9
"2011","E00003620","E00003620","Total",128,21,6,15,107,86,21
"2011","E00003622","E00003622","Total",166,37,9,28,129,104,25
"2011","E00003623","E00003623","Total",131,25,9,16,106,82,24
"2011","E00003624","E00003624","Total",189,36,13,23,153,131,22
"2011","E00003626","E00003626","Total",132,30,10,20,102,90,12
"2011","E00003600","E00003600","Total",194,44,13,31,150,136,14
"2011","E00003602","E00003602","Total",141,26,8,18,115,99,16
"2011","E00003606","E00003606","Total",252,56,19,37,196,162,34
"2011","E00003612","E00003612","Total",124,27,9,18,97,84,13
"2011","E00003615","E00003615","Total",175,34,12,22,141,116,25
"2011","E00003619","E00003619","Total",116,23,6,17,93,77,16
"2011","E00003621","E00003621","Total",143,39,7,32,104,90,14
"2011","E00003599","E00003599","Total",154,31,7,24,123,102,21
"2011","E00003637","E00003637","Total",182,25,11,14,157,132,25
"2011","E00003638","E00003638","Total",107,32,8,24,75,63,12
"2011","E00003639","E00003639","Total",84,15,7,8,69,57,12
"2011","E00003640","E00003640","Total",152,28,16,12,124,101,23
"2011","E00003641","E00003641","Total",144,30,10,20,114,89,25
"2011","E00003642","E00003642","Total",137,17,6,11,120,100,20
"2011","E00003601","E00003601","Total",170,26,10,16,144,115,29
"2011","E00003605","E00003605","Total",146,31,6,25,115,89,26
"2011","E00003611","E00003611","Total",189,58,19,39,131,104,27
"2011","E00003613","E00003613","Total",145,31,9,22,114,96,18
"2011","E00003616","E00003616","Total",204,28,12,16,176,139,37
"2011","E00003643","E00003643","Total",193,38,15,23,155,128,27
"2011","E00003378","E00003378","Total",126,24,6,18,102,86,16
"2011","E00003379","E00003379","Total",175,32,8,24,143,109,34
"2011","E00003380","E00003380","Total",173,32,12,20,141,119,22
"2011","E00003415","E00003415","Total",160,28,11,17,132,114,18
"2011","E00003422","E00003422","Total",56,6,3,3,50,43,7
"2011","E00003433","E00003433","Total",170,26,6,20,144,123,21
"2011","E00003434","E00003434","Total",144,20,3,17,124,98,26
"2011","E00003436","E00003436","Total",165,18,6,12,147,119,28
"2011","E00003461","E00003461","Total",91,16,5,11,75,64,11
"2011","E00003463","E00003463","Total",115,15,3,12,100,81,19
"2011","E00003464","E00003464","Total",185,46,12,34,139,97,42
"2011","E00003466","E00003466","Total",108,18,4,14,90,75,15
"2011","E00003432","E00003432","Total",120,18,7,11,102,81,21
"2011","E00003438","E00003438","Total",141,11,4,7,130,105,25
"2011","E00003439","E00003439","Total",127,28,12,16,99,77,22
"2011","E00003443","E00003443","Total",128,17,2,15,111,83,28
"2011","E00003465","E00003465","Total",113,18,6,12,95,75,20
"2011","E00003467","E00003467","Total",190,21,6,15,169,132,37
"2011","E00003469","E00003469","Total",132,12,3,9,120,98,22
"2011","E00003471","E00003471","Total",104,14,2,12,90,71,19
"2011","E00003447","E00003447","Total",190,34,8,26,156,104,52
"2011","E00003448","E00003448","Total",172,28,12,16,144,111,33
"2011","E00003474","E00003474","Total",141,35,11,24,106,83,23
"2011","E00003477","E00003477","Total",134,11,4,7,123,98,25
"2011","E00003480","E00003480","Total",203,30,10,20,173,142,31
"2011","E00166107","E00166107","Total",150,26,11,15,124,98,26
"2011","E00166109","E00166109","Total",170,17,3,14,153,123,30
"2011","E00003435","E00003435","Total",219,30,12,18,189,155,34
"2011","E00003460","E00003460","Total",106,26,9,17,80,62,18
"2011","E00003462","E00003462","Total",64,21,1,20,43,38,5
"2011","E00003487","E00003487","Total",105,15,6,9,90,76,14
"2011","E00003488","E00003488","Total",117,31,10,21,86,67,19
"2011","E00003489","E00003489","Total",109,16,3,13,93,81,12
"2011","E00003490","E00003490","Total",103,25,10,15,78,65,13
"2011","E00003491","E00003491","Total",60,10,1,9,50,38,12
"2011","E00003492","E00003492","Total",106,16,4,12,90,76,14
"2011","E00003117","E00003117","Total",175,46,24,22,129,78,51
"2011","E00003128","E00003128","Total",174,43,20,23,131,94,37
"2011","E00003131","E00003131","Total",157,48,16,32,109,62,47
"2011","E00003133","E00003133","Total",164,40,20,20,124,79,45
"2011","E00003119","E00003119","Total",153,37,17,20,116,81,35
"2011","E00003122","E00003122","Total",153,50,23,27,103,67,36
"2011","E00003143","E00003143","Total",170,43,13,30,127,79,48
"2011","E00003145","E00003145","Total",159,31,9,22,128,93,35
"2011","E00166105","E00166105","Total",127,25,7,18,102,66,36
"2011","E00166626","E00166626","Total",126,34,13,21,92,69,23
"2011","E00166627","E00166627","Total",73,23,10,13,50,38,12
"2011","E00003337","E00003337","Total",125,33,14,19,92,60,32
"2011","E00003355","E00003355","Total",88,26,4,22,62,48,14
"2011","E00003362","E00003362","Total",148,43,12,31,105,64,41
"2011","E00003365","E00003365","Total",126,30,11,19,96,52,44
"2011","E00003368","E00003368","Total",214,54,16,38,160,93,67
"2011","E00003358","E00003358","Total",135,41,13,28,94,70,24
"2011","E00003361","E00003361","Total",130,35,14,21,95,78,17
"2011","E00003366","E00003366","Total",134,35,14,21,99,66,33
"2011","E00003370","E00003370","Total",130,28,15,13,102,68,34
"2011","E00003373","E00003373","Total",175,39,14,25,136,84,52
"2011","E00003340","E00003340","Total",131,27,11,16,104,81,23
"2011","E00003342","E00003342","Total",116,27,11,16,89,59,30
"2011","E00003367","E00003367","Total",129,39,13,26,90,63,27
"2011","E00003374","E00003374","Total",150,33,14,19,117,70,47
"2011","E00003376","E00003376","Total",137,42,19,23,95,56,39
"2011","E00003329","E00003329","Total",174,38,12,26,136,99,37
"2011","E00003341","E00003341","Total",149,21,6,15,128,91,37
"2011","E00003343","E00003343","Total",104,20,5,15,84,59,25
"2011","E00003371","E00003371","Total",158,37,21,16,121,77,44
"2011","E00003372","E00003372","Total",166,32,11,21,134,97,37
"2011","E00003375","E00003375","Total",168,29,13,16,139,102,37
"2011","E00003232","E00003232","Total",253,62,18,44,191,155,36
"2011","E00003246","E00003246","Total",138,41,16,25,97,81,16
"2011","E00003251","E00003251","Total",205,40,12,28,165,137,28
"2011","E00003282","E00003282","Total",193,40,15,25,153,125,28
"2011","E00003284","E00003284","Total",80,14,5,9,66,47,19
"2011","E00003245","E00003245","Total",160,35,17,18,125,114,11
"2011","E00003247","E00003247","Total",126,28,9,19,98,80,18
"2011","E00003249","E00003249","Total",161,28,10,18,133,105,28
"2011","E00003250","E00003250","Total",180,18,7,11,162,126,36
"2011","E00003255","E00003255","Total",159,31,7,24,128,99,29
"2011","E00003256","E00003256","Total",143,41,12,29,102,84,18
"2011","E00003996","E00003996","Total",117,29,7,22,88,74,14
"2011","E00004000","E00004000","Total",172,39,15,24,133,93,40
"2011","E00004025","E00004025","Total",78,20,12,8,58,39,19
"2011","E00004026","E00004026","Total",123,25,9,16,98,84,14
"2011","E00004027","E00004027","Total",111,24,9,15,87,59,28
"2011","E00004028","E00004028","Total",78,15,2,13,63,54,9
"2011","E00003997","E00003997","Total",168,40,8,32,128,105,23
"2011","E00003999","E00003999","Total",194,31,11,20,163,132,31
"2011","E00004029","E00004029","Total",172,40,15,25,132,101,31
"2011","E00004031","E00004031","Total",183,38,15,23,145,121,24
"2011","E00004032","E00004032","Total",125,32,13,19,93,74,19
"2011","E00003998","E00003998","Total",256,57,17,40,199,165,34
"2011","E00004001","E00004001","Total",210,49,16,33,161,115,46
"2011","E00004033","E00004033","Total",185,41,19,22,144,112,32
"2011","E00004035","E00004035","Total",161,48,15,33,113,90,23
"2011","E00004040","E00004040","Total",170,31,12,19,139,118,21
"2011","E00004030","E00004030","Total",159,42,15,27,117,96,21
"2011","E00004034","E00004034","Total",200,30,10,20,170,138,32
"2011","E00004036","E00004036","Total",96,29,8,21,67,53,14
"2011","E00004037","E00004037","Total",209,69,22,47,140,106,34
"2011","E00004002","E00004002","Total",187,30,10,20,157,121,36
"2011","E00004005","E00004005","Total",114,23,9,14,91,74,17
"2011","E00004038","E00004038","Total",180,35,7,28,145,110,35
"2011","E00004039","E00004039","Total",167,28,12,16,139,113,26
"2011","E00004041","E00004041","Total",174,34,8,26,140,122,18
"2011","E00003608","E00003608","Total",82,21,11,10,61,48,13
"2011","E00003625","E00003625","Total",84,24,4,20,60,54,6
"2011","E00003630","E00003630","Total",148,52,13,39,96,77,19
"2011","E00003631","E00003631","Total",136,24,8,16,112,96,16
"2011","E00003632","E00003632","Total",107,30,8,22,77,64,13
"2011","E00003634","E00003634","Total",183,42,8,34,141,129,12
"2011","E00003609","E00003609","Total",101,40,10,30,61,55,6
"2011","E00003610","E00003610","Total",107,39,14,25,68,60,8
"2011","E00003629","E00003629","Total",80,20,4,16,60,51,9
"2011","E00003633","E00003633","Total",92,36,12,24,56,47,9
"2011","E00003635","E00003635","Total",114,37,19,18,77,70,7
"2011","E00003636","E00003636","Total",92,29,12,17,63,54,9
"2011","E00003893","E00003893","Total",118,41,15,26,77,70,7
"2011","E00003924","E00003924","Total",124,50,14,36,74,60,14
"2011","E00003929","E00003929","Total",99,24,7,17,75,64,11
"2011","E00003931","E00003931","Total",183,65,26,39,118,100,18
"2011","E00003934","E00003934","Total",128,29,10,19,99,87,12
"2011","E00003894","E00003894","Total",114,22,9,13,92,76,16
"2011","E00003921","E00003921","Total",129,51,16,35,78,71,7
"2011","E00003923","E00003923","Total",113,45,18,27,68,57,11
"2011","E00003930","E00003930","Total",148,43,16,27,105,90,15
"2011","E00003937","E00003937","Total",102,37,17,20,65,53,12
"2011","E00003920","E00003920","Total",124,24,9,15,100,96,4
"2011","E00003928","E00003928","Total",97,24,5,19,73,60,13
"2011","E00003933","E00003933","Total",145,22,11,11,123,104,19
"2011","E00003936","E00003936","Total",119,23,8,15,96,81,15
"2011","E00003939","E00003939","Total",145,39,22,17,106,89,17
"2011","E00003942","E00003942","Total",173,30,12,18,143,107,36
"2011","E00003891","E00003891","Total",242,71,17,54,171,153,18
"2011","E00003910","E00003910","Total",146,34,8,26,112,102,10
"2011","E00003911","E00003911","Total",190,46,10,36,144,118,26
"2011","E00003913","E00003913","Total",121,37,12,25,84,67,17
"2011","E00003916","E00003916","Total",134,49,12,37,85,75,10
"2011","E00003330","E00003330","Total",126,29,10,19,97,72,25
"2011","E00003339","E00003339","Total",157,41,14,27,116,81,35
"2011","E00003353","E00003353","Total",157,43,20,23,114,81,33
"2011","E00003369","E00003369","Total",145,31,11,20,114,71,43
"2011","E00003331","E00003331","Total",143,53,24,29,90,69,21
"2011","E00003332","E00003332","Total",127,39,15,24,88,67,21
"2011","E00003344","E00003344","Total",140,55,15,40,85,60,25
"2011","E00003345","E00003345","Total",122,37,13,24,85,56,29
"2011","E00003550","E00003550","Total",121,29,8,21,92,82,10
"2011","E00003577","E00003577","Total",152,51,18,33,101,83,18
"2011","E00003579","E00003579","Total",168,49,11,38,119,103,16
"2011","E00003580","E00003580","Total",134,44,17,27,90,71,19
"2011","E00003585","E00003585","Total",96,23,11,12,73,56,17
"2011","E00003551","E00003551","Total",84,22,9,13,62,52,10
"2011","E00003553","E00003553","Total",119,31,12,19,88,73,15
"2011","E00003576","E00003576","Total",137,37,9,28,100,77,23
"2011","E00003578","E00003578","Total",102,34,10,24,68,58,10
"2011","E00003590","E00003590","Total",113,27,8,19,86,65,21
"2011","E00003241","E00003241","Total",107,21,8,13,86,69,17
"2011","E00003242","E00003242","Total",199,35,9,26,164,134,30
"2011","E00003243","E00003243","Total",297,60,19,41,237,186,51
"2011","E00003281","E00003281","Total",177,53,25,28,124,102,22
"2011","E00003244","E00003244","Total",139,36,12,24,103,81,22
"2011","E00003248","E00003248","Total",152,31,12,19,121,101,20
"2011","E00003252","E00003252","Total",106,32,6,26,74,56,18
"2011","E00003253","E00003253","Total",142,19,6,13,123,100,23
"2011","E00003280","E00003280","Total",138,42,9,33,96,76,20
"2011","E00003283","E00003283","Total",133,41,11,30,92,74,18
"2011","E00003452","E00003452","Total",157,19,10,9,138,121,17
"2011","E00003453","E00003453","Total",134,37,15,22,97,76,21
"2011","E00003455","E00003455","Total",119,21,6,15,98,79,19
"2011","E00003458","E00003458","Total",132,45,19,26,87,62,25
"2011","E00003483","E00003483","Total",148,48,18,30,100,74,26
"2011","E00003484","E00003484","Total",72,23,8,15,49,33,16
"2011","E00003456","E00003456","Total",173,26,6,20,147,117,30
"2011","E00003457","E00003457","Total",159,23,3,20,136,105,31
"2011","E00003459","E00003459","Total",193,40,17,23,153,122,31
"2011","E00003476","E00003476","Total",74,19,5,14,55,48,7
"2011","E00003478","E00003478","Total",122,23,9,14,99,86,13
"2011","E00003479","E00003479","Total",110,23,10,13,87,63,24
"2011","E00003486","E00003486","Total",132,22,8,14,110,90,20
"2011","E00004043","E00004043","Total",134,29,11,18,105,82,23
"2011","E00004044","E00004044","Total",78,13,3,10,65,55,10
"2011","E00004045","E00004045","Total",92,21,9,12,71,56,15
"2011","E00004046","E00004046","Total",161,36,16,20,125,102,23
"2011","E00004047","E00004047","Total",156,42,17,25,114,84,30
"2011","E00004070","E00004070","Total",163,32,15,17,131,96,35
"2011","E00003437","E00003437","Total",139,37,15,22,102,79,23
"2011","E00003442","E00003442","Total",207,41,18,23,166,128,38
"2011","E00003445","E00003445","Total",167,28,13,15,139,112,27
"2011","E00003446","E00003446","Total",189,22,6,16,167,138,29
"2011","E00003470","E00003470","Total",153,28,13,15,125,105,20
"2011","E00003472","E00003472","Total",129,32,9,23,97,85,12
"2011","E00003440","E00003440","Total",189,44,20,24,145,114,31
"2011","E00003441","E00003441","Total",231,49,15,34,182,135,47
"2011","E00003444","E00003444","Total",169,31,9,22,138,115,23
"2011","E00003450","E00003450","Total",209,25,8,17,184,135,49
"2011","E00003468","E00003468","Total",198,38,15,23,160,116,44
"2011","E00003449","E00003449","Total",108,13,3,10,95,76,19
"2011","E00003451","E00003451","Total",123,27,11,16,96,76,20
"2011","E00003454","E00003454","Total",167,30,8,22,137,113,24
"2011","E00003475","E00003475","Total",170,30,9,21,140,98,42
"2011","E00003481","E00003481","Total",73,11,1,10,62,54,8
"2011","E00003482","E00003482","Total",148,27,10,17,121,95,26
"2011","E00003485","E00003485","Total",134,30,11,19,104,74,30
"2011","E00003759","E00003759","Total",164,43,24,19,121,82,39
"2011","E00003765","E00003765","Total",73,13,4,9,60,45,15
"2011","E00003770","E00003770","Total",206,29,10,19,177,144,33
"2011","E00003778","E00003778","Total",65,13,3,10,52,36,16
"2011","E00003781","E00003781","Total",150,45,25,20,105,67,38
"2011","E00003766","E00003766","Total",168,37,7,30,131,95,36
"2011","E00003767","E00003767","Total",93,23,7,16,70,56,14
"2011","E00003771","E00003771","Total",138,34,11,23,104,76,28
"2011","E00003774","E00003774","Total",161,45,14,31,116,92,24
"2011","E00003775","E00003775","Total",119,38,12,26,81,55,26
"2011","E00003382","E00003382","Total",86,18,2,16,68,62,6
"2011","E00003383","E00003383","Total",159,27,7,20,132,109,23
"2011","E00003385","E00003385","Total",140,25,9,16,115,89,26
"2011","E00003388","E00003388","Total",165,30,8,22,135,109,26
"2011","E00003389","E00003389","Total",161,37,12,25,124,104,20
"2011","E00003427","E00003427","Total",137,23,6,17,114,105,9
"2011","E00003416","E00003416","Total",162,30,8,22,132,111,21
"2011","E00003417","E00003417","Total",131,26,14,12,105,86,19
"2011","E00003418","E00003418","Total",188,34,10,24,154,129,25
"2011","E00003420","E00003420","Total",168,36,5,31,132,102,30
"2011","E00003421","E00003421","Total",151,33,10,23,118,87,31
"2011","E00003381","E00003381","Total",208,46,22,24,162,130,32
"2011","E00003384","E00003384","Total",175,41,8,33,134,108,26
"2011","E00003419","E00003419","Total",244,59,21,38,185,146,39
"2011","E00003423","E00003423","Total",131,19,7,12,112,90,22
"2011","E00003430","E00003430","Total",141,43,16,27,98,73,25
"2011","E00003386","E00003386","Total",164,38,9,29,126,111,15
"2011","E00003391","E00003391","Total",168,24,9,15,144,130,14
"2011","E00003402","E00003402","Total",122,30,9,21,92,77,15
"2011","E00003413","E00003413","Total",134,30,12,18,104,84,20
"2011","E00003414","E00003414","Total",101,28,9,19,73,59,14
"2011","E00003914","E00003914","Total",135,33,15,18,102,70,32
"2011","E00003919","E00003919","Total",203,58,15,43,145,106,39
"2011","E00003922","E00003922","Total",193,36,16,20,157,131,26
"2011","E00003927","E00003927","Total",180,44,19,25,136,109,27
"2011","E00003935","E00003935","Total",153,53,13,40,100,84,16
"2011","E00003549","E00003549","Total",135,40,15,25,95,78,17
"2011","E00003575","E00003575","Total",118,36,7,29,82,72,10
"2011","E00003581","E00003581","Total",128,35,12,23,93,78,15
"2011","E00003584","E00003584","Total",120,45,10,35,75,63,12
"2011","E00003586","E00003586","Total",70,14,2,12,56,51,5
"2011","E00003587","E00003587","Total",103,34,15,19,69,57,12
"2011","E00003554","E00003554","Total",161,42,17,25,119,103,16
"2011","E00003555","E00003555","Total",129,39,13,26,90,77,13
"2011","E00003557","E00003557","Total",124,49,19,30,75,65,10
"2011","E00003595","E00003595","Total",131,46,17,29,85,72,13
"2011","E00003598","E00003598","Total",122,47,16,31,75,64,11
"2011","E00003547","E00003547","Total",111,31,11,20,80,66,14
"2011","E00003548","E00003548","Total",160,54,20,34,106,92,14
"2011","E00003571","E00003571","Total",127,30,11,19,97,75,22
"2011","E00003572","E00003572","Total",94,29,13,16,65,54,11
"2011","E00003573","E00003573","Total",124,36,10,26,88,80,8
"2011","E00003574","E00003574","Total",126,43,18,25,83,70,13
"2011","E00003582","E00003582","Total",149,37,16,21,112,91,21
"2011","E00003583","E00003583","Total",151,52,21,31,99,88,11
"2011","E00003591","E00003591","Total",140,30,12,18,110,89,21
"2011","E00003592","E00003592","Total",149,49,11,38,100,80,20
"2011","E00003552","E00003552","Total",93,34,16,18,59,47,12
"2011","E00003588","E00003588","Total",139,36,15,21,103,87,16
"2011","E00003589","E00003589","Total",118,42,14,28,76,63,13
"2011","E00003593","E00003593","Total",107,37,16,21,70,62,8
"2011","E00003594","E00003594","Total",93,35,10,25,58,50,8
"2011","E00003387","E00003387","Total",167,35,15,20,132,111,21
"2011","E00003392","E00003392","Total",143,49,12,37,94,82,12
"2011","E00003398","E00003398","Total",145,29,9,20,116,93,23
"2011","E00003424","E00003424","Total",184,51,17,34,133,113,20
"2011","E00003426","E00003426","Total",124,29,5,24,95,80,15
"2011","E00003399","E00003399","Total",132,33,10,23,99,87,12
"2011","E00003425","E00003425","Total",154,34,15,19,120,97,23
"2011","E00003428","E00003428","Total",159,36,13,23,123,98,25
"2011","E00003429","E00003429","Total",134,23,4,19,111,94,17
"2011","E00003431","E00003431","Total",162,28,14,14,134,110,24
"2011","E00003395","E00003395","Total",152,34,14,20,118,100,18
"2011","E00003400","E00003400","Total",106,25,10,15,81,73,8
"2011","E00003401","E00003401","Total",165,43,11,32,122,102,20
"2011","E00003406","E00003406","Total",152,34,9,25,118,103,15
"2011","E00003410","E00003410","Total",180,45,19,26,135,117,18
"2011","E00003393","E00003393","Total",175,37,9,28,138,118,20
"2011","E00003394","E00003394","Total",157,37,12,25,120,94,26
"2011","E00003397","E00003397","Total",111,34,12,22,77,66,11
"2011","E00003404","E00003404","Total",129,28,5,23,101,85,16
"2011","E00003408","E00003408","Total",118,24,10,14,94,75,19
"2011","E00003938","E00003938","Total",134,35,9,26,99,81,18
"2011","E00003941","E00003941","Total",114,31,6,25,83,70,13
"2011","E00003943","E00003943","Total",169,34,8,26,135,117,18
"2011","E00003944","E00003944","Total",138,38,12,26,100,83,17
"2011","E00003945","E00003945","Total",160,48,17,31,112,92,20
"2011","E00003118","E00003118","Total",175,15,7,8,160,135,25
"2011","E00003132","E00003132","Total",158,35,11,24,123,94,29
"2011","E00003134","E00003134","Total",191,45,17,28,146,96,50
"2011","E00003135","E00003135","Total",154,31,5,26,123,92,31
"2011","E00003137","E00003137","Total",144,12,3,9,132,106,26
"2011","E00003136","E00003136","Total",152,35,12,23,117,93,24
"2011","E00003138","E00003138","Total",147,42,14,28,105,82,23
"2011","E00003140","E00003140","Total",180,47,16,31,133,102,31
"2011","E00003141","E00003141","Total",207,50,18,32,157,123,34
"2011","E00003142","E00003142","Total",183,38,16,22,145,123,22
"2011","E00003120","E00003120","Total",166,46,15,31,120,95,25
"2011","E00003123","E00003123","Total",217,58,19,39,159,119,40
"2011","E00003139","E00003139","Total",172,38,17,21,134,93,41
"2011","E00003144","E00003144","Total",172,47,16,31,125,103,22
"2011","E00003147","E00003147","Total",179,59,26,33,120,98,22
"2011","E00003116","E00003116","Total",153,32,12,20,121,84,37
"2011","E00003126","E00003126","Total",145,42,11,31,103,68,35
"2011","E00003127","E00003127","Total",56,22,8,14,34,26,8
"2011","E00003129","E00003129","Total",146,38,12,26,108,80,28
"2011","E00003130","E00003130","Total",158,45,19,26,113,82,31
"2011","E00003233","E00003233","Total",145,49,17,32,96,70,26
"2011","E00003234","E00003234","Total",129,33,11,22,96,75,21
"2011","E00003235","E00003235","Total",202,51,18,33,151,109,42
"2011","E00003270","E00003270","Total",232,35,10,25,197,169,28
"2011","E00003271","E00003271","Total",172,39,11,28,133,113,20
"2011","E00003238","E00003238","Total",178,31,10,21,147,116,31
"2011","E00003239","E00003239","Total",198,45,18,27,153,125,28
"2011","E00003278","E00003278","Total",167,38,20,18,129,97,32
"2011","E00166615","E00166615","Total",157,38,10,28,119,95,24
"2011","E00166619","E00166619","Total",117,11,5,6,106,90,16
"2011","E00166621","E00166621","Total",155,15,6,9,140,96,44
"2011","E00166624","E00166624","Total",99,32,16,16,67,42,25
"2011","E00003236","E00003236","Total",127,25,7,18,102,88,14
"2011","E00003254","E00003254","Total",224,48,16,32,176,136,40
"2011","E00003258","E00003258","Total",172,43,16,27,129,91,38
"2011","E00003259","E00003259","Total",123,36,14,22,87,59,28
"2011","E00003262","E00003262","Total",113,27,9,18,86,66,20
"2011","E00003264","E00003264","Total",136,34,10,24,102,84,18
"2011","E00003257","E00003257","Total",187,36,8,28,151,130,21
"2011","E00003260","E00003260","Total",126,28,5,23,98,78,20
"2011","E00003261","E00003261","Total",140,24,8,16,116,95,21
"2011","E00003263","E00003263","Total",186,44,16,28,142,110,32
"2011","E00003265","E00003265","Total",214,58,25,33,156,123,33
"2011","E00003266","E00003266","Total",176,26,9,17,150,126,24
"2011","E00003710","E00003710","Total",119,33,16,17,86,63,23
"2011","E00003738","E00003738","Total",167,37,9,28,130,112,18
"2011","E00003739","E00003739","Total",105,21,8,13,84,64,20
"2011","E00003740","E00003740","Total",155,48,12,36,107,81,26
"2011","E00003741","E00003741","Total",87,14,5,9,73,60,13
"2011","E00003742","E00003742","Total",147,46,19,27,101,86,15
"2011","E00004049","E00004049","Total",223,44,12,32,179,140,39
"2011","E00004053","E00004053","Total",192,43,16,27,149,118,31
"2011","E00004056","E00004056","Total",182,38,11,27,144,111,33
"2011","E00004071","E00004071","Total",174,56,19,37,118,95,23
"2011","E00004074","E00004074","Total",183,56,19,37,127,95,32
"2011","E00003502","E00003502","Total",149,46,9,37,103,96,7
"2011","E00003504","E00003504","Total",152,34,13,21,118,102,16
"2011","E00003507","E00003507","Total",80,14,6,8,66,52,14
"2011","E00003508","E00003508","Total",233,51,12,39,182,158,24
"2011","E00003509","E00003509","Total",131,30,7,23,101,89,12
"2011","E00003543","E00003543","Total",128,25,4,21,103,90,13
"2011","E00003503","E00003503","Total",132,38,7,31,94,80,14
"2011","E00003505","E00003505","Total",150,31,13,18,119,108,11
"2011","E00003506","E00003506","Total",129,25,5,20,104,87,17
"2011","E00003513","E00003513","Total",123,32,10,22,91,74,17
"2011","E00003520","E00003520","Total",153,38,15,23,115,66,49
"2011","E00003512","E00003512","Total",100,41,13,28,59,53,6
"2011","E00003514","E00003514","Total",156,43,13,30,113,97,16
"2011","E00003516","E00003516","Total",123,47,12,35,76,60,16
"2011","E00166117","E00166117","Total",78,15,4,11,63,55,8
"2011","E00003493","E00003493","Total",105,41,15,26,64,56,8
"2011","E00003494","E00003494","Total",109,36,10,26,73,66,7
"2011","E00003517","E00003517","Total",156,48,23,25,108,101,7
"2011","E00003521","E00003521","Total",147,40,12,28,107,92,15
"2011","E00003523","E00003523","Total",130,44,13,31,86,73,13
"2011","E00003501","E00003501","Total",116,36,12,24,80,69,11
"2011","E00003540","E00003540","Total",109,32,14,18,77,67,10
"2011","E00003541","E00003541","Total",118,26,11,15,92,79,13
"2011","E00003542","E00003542","Total",141,33,11,22,108,86,22
"2011","E00003544","E00003544","Total",161,46,12,34,115,95,20
"2011","E00003110","E00003110","Total",127,24,12,12,103,81,22
"2011","E00003113","E00003113","Total",165,57,16,41,108,68,40
"2011","E00003148","E00003148","Total",161,39,9,30,122,96,26
"2011","E00003149","E00003149","Total",150,41,19,22,109,95,14
"2011","E00003150","E00003150","Total",151,39,15,24,112,85,27
"2011","E00003189","E00003189","Total",211,44,12,32,167,141,26
"2011","E00003190","E00003190","Total",191,36,14,22,155,121,34
"2011","E00003193","E00003193","Total",126,37,8,29,89,66,23
"2011","E00003229","E00003229","Total",181,46,15,31,135,113,22
"2011","E00003230","E00003230","Total",180,54,14,40,126,94,32
"2011","E00003191","E00003191","Total",266,69,18,51,197,165,32
"2011","E00003192","E00003192","Total",152,32,11,21,120,107,13
"2011","E00003195","E00003195","Total",166,39,11,28,127,107,20
"2011","E00003200","E00003200","Total",185,50,15,35,135,117,18
"2011","E00003231","E00003231","Total",112,29,7,22,83,71,12
"2011","E00003237","E00003237","Total",208,41,17,24,167,146,21
"2011","E00003240","E00003240","Total",95,27,9,18,68,51,17
"2011","E00003268","E00003268","Total",204,67,26,41,137,115,22
"2011","E00003275","E00003275","Total",88,19,4,15,69,54,15
"2011","E00003276","E00003276","Total",165,29,6,23,136,110,26
"2011","E00003279","E00003279","Total",140,45,12,33,95,81,14
"2011","E00003267","E00003267","Total",189,50,19,31,139,115,24
"2011","E00003269","E00003269","Total",126,30,7,23,96,87,9
"2011","E00003272","E00003272","Total",212,49,11,38,163,133,30
"2011","E00003273","E00003273","Total",180,46,9,37,134,108,26
"2011","E00003277","E00003277","Total",189,45,15,30,144,127,17
"2011","E00004051","E00004051","Total",162,44,18,26,118,87,31
"2011","E00004063","E00004063","Total",143,60,29,31,83,64,19
"2011","E00004066","E00004066","Total",173,55,15,40,118,85,33
"2011","E00004068","E00004068","Total",158,52,21,31,106,84,22
"2011","E00004069","E00004069","Total",146,43,23,20,103,70,33
"2011","E00004059","E00004059","Total",89,19,12,7,70,56,14
"2011","E00004060","E00004060","Total",140,41,17,24,99,76,23
"2011","E00004062","E00004062","Total",151,32,15,17,119,94,25
"2011","E00004064","E00004064","Total",104,35,12,23,69,52,17
"2011","E00004065","E00004065","Total",164,29,12,17,135,109,26
"2011","E00004067","E00004067","Total",132,38,9,29,94,71,23
"2011","E00004048","E00004048","Total",126,39,17,22,87,65,22
"2011","E00004054","E00004054","Total",148,50,23,27,98,64,34
"2011","E00004055","E00004055","Total",138,39,20,19,99,72,27
"2011","E00004057","E00004057","Total",149,58,29,29,91,61,30
"2011","E00004061","E00004061","Total",156,46,17,29,110,84,26
"2011","E00004042","E00004042","Total",128,28,14,14,100,76,24
"2011","E00004050","E00004050","Total",107,33,15,18,74,54,20
"2011","E00004052","E00004052","Total",179,62,31,31,117,84,33
"2011","E00004058","E00004058","Total",126,42,14,28,84,64,20
"2011","E00004072","E00004072","Total",130,32,12,20,98,77,21
"2011","E00004073","E00004073","Total",123,21,7,14,102,77,25
"2011","E00004077","E00004077","Total",189,63,19,44,126,106,20
"2011","E00004104","E00004104","Total",169,55,18,37,114,84,30
"2011","E00004105","E00004105","Total",176,49,16,33,127,93,34
"2011","E00004107","E00004107","Total",141,48,19,29,93,71,22
"2011","E00003111","E00003111","Total",179,56,23,33,123,76,47
"2011","E00003112","E00003112","Total",117,45,20,25,72,49,23
"2011","E00003114","E00003114","Total",113,36,10,26,77,61,16
"2011","E00003146","E00003146","Total",253,56,15,41,197,140,57
"2011","E00003154","E00003154","Total",190,61,30,31,129,87,42
"2011","E00003115","E00003115","Total",99,24,11,13,75,62,13
"2011","E00003124","E00003124","Total",175,51,25,26,124,103,21
"2011","E00003125","E00003125","Total",145,42,13,29,103,82,21
"2011","E00003151","E00003151","Total",107,31,13,18,76,66,10
"2011","E00003152","E00003152","Total",143,37,10,27,106,85,21
"2011","E00003153","E00003153","Total",136,43,16,27,93,70,23
"2011","E00003964","E00003964","Total",165,50,20,30,115,86,29
"2011","E00003965","E00003965","Total",130,34,17,17,96,69,27
"2011","E00003969","E00003969","Total",145,39,19,20,106,72,34
"2011","E00003973","E00003973","Total",122,35,14,21,87,67,20
"2011","E00003974","E00003974","Total",154,35,11,24,119,92,27
"2011","E00003949","E00003949","Total",210,63,28,35,147,125,22
"2011","E00003957","E00003957","Total",104,26,12,14,78,68,10
"2011","E00003970","E00003970","Total",185,55,18,37,130,103,27
"2011","E00003976","E00003976","Total",155,42,17,25,113,85,28
"2011","E00003984","E00003984","Total",81,20,13,7,61,49,12
"2011","E00003510","E00003510","Total",159,47,20,27,112,92,20
"2011","E00003518","E00003518","Total",134,48,18,30,86,75,11
"2011","E00003519","E00003519","Total",141,38,15,23,103,92,11
"2011","E00003522","E00003522","Total",165,38,11,27,127,105,22
"2011","E00003524","E00003524","Total",184,42,16,26,142,114,28
"2011","E00003495","E00003495","Total",84,28,11,17,56,49,7
"2011","E00003496","E00003496","Total",171,46,12,34,125,109,16
"2011","E00003526","E00003526","Total",122,33,8,25,89,78,11
"2011","E00003528","E00003528","Total",171,43,12,31,128,109,19
"2011","E00003529","E00003529","Total",120,39,11,28,81,67,14
"2011","E00003530","E00003530","Total",110,14,6,8,96,83,13
"2011","E00003556","E00003556","Total",191,50,15,35,141,117,24
"2011","E00003560","E00003560","Total",155,49,18,31,106,87,19
"2011","E00003596","E00003596","Total",134,37,11,26,97,85,12
"2011","E00003597","E00003597","Total",112,30,6,24,82,63,19
"2011","E00003545","E00003545","Total",153,43,15,28,110,87,23
"2011","E00003559","E00003559","Total",112,33,12,21,79,60,19
"2011","E00003561","E00003561","Total",146,49,17,32,97,82,15
"2011","E00003565","E00003565","Total",125,34,16,18,91,60,31
"2011","E00003566","E00003566","Total",133,34,10,24,99,77,22
"2011","E00003558","E00003558","Total",215,57,17,40,158,138,20
"2011","E00003562","E00003562","Total",191,56,20,36,135,119,16
"2011","E00003563","E00003563","Total",110,28,10,18,82,72,10
"2011","E00003564","E00003564","Total",113,32,15,17,81,71,10
"2011","E00003567","E00003567","Total",141,40,18,22,101,68,33
"2011","E00003762","E00003762","Total",176,55,18,37,121,105,16
"2011","E00003763","E00003763","Total",134,50,15,35,84,75,9
"2011","E00003764","E00003764","Total",177,57,24,33,120,94,26
"2011","E00003802","E00003802","Total",199,51,23,28,148,120,28
"2011","E00003772","E00003772","Total",21,7,3,4,14,11,3
"2011","E00003777","E00003777","Total",152,39,14,25,113,87,26
"2011","E00003783","E00003783","Total",177,51,15,36,126,106,20
"2011","E00003790","E00003790","Total",155,43,14,29,112,84,28
"2011","E00003791","E00003791","Total",196,55,17,38,141,109,32
"2011","E00003760","E00003760","Total",136,40,17,23,96,78,18
"2011","E00003761","E00003761","Total",155,43,17,26,112,92,20
"2011","E00003788","E00003788","Total",96,23,4,19,73,60,13
"2011","E00003795","E00003795","Total",178,58,19,39,120,98,22
"2011","E00166112","E00166112","Total",150,32,13,19,118,82,36
"2011","E00166114","E00166114","Total",198,56,20,36,142,93,49
"2011","E00166115","E00166115","Total",186,60,29,31,126,77,49
"2011","E00003792","E00003792","Total",232,67,21,46,165,137,28
"2011","E00003796","E00003796","Total",221,58,17,41,163,127,36
"2011","E00003797","E00003797","Total",153,49,19,30,104,89,15
"2011","E00003803","E00003803","Total",185,52,16,36,133,100,33
"2011","E00003758","E00003758","Total",131,45,15,30,86,71,15
"2011","E00003799","E00003799","Total",161,54,21,33,107,89,18
"2011","E00003800","E00003800","Total",176,44,13,31,132,112,20
"2011","E00003801","E00003801","Total",119,34,10,24,85,75,10
"2011","E00003804","E00003804","Total",198,55,16,39,143,114,29
"2011","E00003951","E00003951","Total",164,40,14,26,124,95,29
"2011","E00003982","E00003982","Total",148,41,16,25,107,80,27
"2011","E00003987","E00003987","Total",104,30,5,25,74,58,16
"2011","E00003988","E00003988","Total",162,52,19,33,110,87,23
"2011","E00003990","E00003990","Total",138,43,23,20,95,71,24
"2011","E00003972","E00003972","Total",161,54,21,33,107,67,40
"2011","E00003975","E00003975","Total",164,38,11,27,126,104,22
"2011","E00003977","E00003977","Total",101,36,6,30,65,45,20
"2011","E00003979","E00003979","Total",142,32,11,21,110,87,23
"2011","E00003980","E00003980","Total",129,37,13,24,92,69,23
"2011","E00003948","E00003948","Total",184,46,18,28,138,102,36
"2011","E00003950","E00003950","Total",160,36,8,28,124,95,29
"2011","E00003978","E00003978","Total",193,53,25,28,140,118,22
"2011","E00003983","E00003983","Total",151,32,9,23,119,106,13
"2011","E00003960","E00003960","Total",167,44,18,26,123,100,23
"2011","E00003963","E00003963","Total",156,63,25,38,93,71,22
"2011","E00003981","E00003981","Total",122,28,12,16,94,73,21
"2011","E00003985","E00003985","Total",142,31,12,19,111,87,24
"2011","E00003986","E00003986","Total",140,49,20,29,91,71,20
"2011","E00003955","E00003955","Total",144,45,21,24,99,65,34
"2011","E00003966","E00003966","Total",137,44,24,20,93,61,32
"2011","E00003967","E00003967","Total",191,73,37,36,118,73,45
"2011","E00003968","E00003968","Total",130,34,15,19,96,65,31
"2011","E00003971","E00003971","Total",131,43,18,25,88,56,32
"2011","E00003196","E00003196","Total",153,35,10,25,118,96,22
"2011","E00003205","E00003205","Total",128,44,14,30,84,76,8
"2011","E00003206","E00003206","Total",130,34,9,25,96,84,12
"2011","E00003208","E00003208","Total",93,33,11,22,60,48,12
"2011","E00003212","E00003212","Total",108,41,12,29,67,55,12
"2011","E00003194","E00003194","Total",160,43,12,31,117,94,23
"2011","E00003197","E00003197","Total",173,44,11,33,129,115,14
"2011","E00003198","E00003198","Total",184,65,19,46,119,102,17
"2011","E00003201","E00003201","Total",124,39,15,24,85,70,15
"2011","E00003202","E00003202","Total",156,42,14,28,114,91,23
"2011","E00003199","E00003199","Total",139,32,12,20,107,79,28
"2011","E00003203","E00003203","Total",148,42,11,31,106,80,26
"2011","E00003207","E00003207","Total",170,45,14,31,125,102,23
"2011","E00003209","E00003209","Total",99,29,12,17,70,57,13
"2011","E00003211","E00003211","Total",169,60,12,48,109,92,17
"2011","E00003204","E00003204","Total",213,71,35,36,142,125,17
"2011","E00003210","E00003210","Total",108,29,10,19,79,64,15
"2011","E00003213","E00003213","Total",115,38,11,27,77,62,15
"2011","E00003216","E00003216","Total",148,43,15,28,105,86,19
"2011","E00003218","E00003218","Total",165,44,20,24,121,104,17
"2011","E00003711","E00003711","Total",177,55,25,30,122,88,34
"2011","E00003712","E00003712","Total",208,59,14,45,149,123,26
"2011","E00003744","E00003744","Total",165,54,19,35,111,78,33
"2011","E00003747","E00003747","Total",167,48,15,33,119,96,23
"2011","E00003743","E00003743","Total",166,49,18,31,117,94,23
"2011","E00003745","E00003745","Total",145,42,17,25,103,83,20
"2011","E00003746","E00003746","Total",128,32,10,22,96,77,19
"2011","E00003748","E00003748","Total",174,52,15,37,122,105,17
"2011","E00003749","E00003749","Total",146,45,15,30,101,84,17
"2011","E00003713","E00003713","Total",167,57,26,31,110,77,33
"2011","E00003715","E00003715","Total",147,47,18,29,100,76,24
"2011","E00003750","E00003750","Total",195,54,13,41,141,108,33
"2011","E00003751","E00003751","Total",178,57,24,33,121,99,22
"2011","E00003756","E00003756","Total",163,52,26,26,111,75,36
"2011","E00003714","E00003714","Total",161,45,14,31,116,97,19
"2011","E00003752","E00003752","Total",177,59,22,37,118,97,21
"2011","E00003753","E00003753","Total",186,57,20,37,129,104,25
"2011","E00003754","E00003754","Total",129,40,16,24,89,77,12
"2011","E00003755","E00003755","Total",169,59,21,38,110,85,25
"2011","E00004108","E00004108","Total",191,65,23,42,126,96,30
"2011","E00004110","E00004110","Total",146,47,20,27,99,84,15
"2011","E00004111","E00004111","Total",175,56,21,35,119,98,21
"2011","E00004114","E00004114","Total",194,54,19,35,140,124,16
"2011","E00003497","E00003497","Total",123,28,14,14,95,83,12
"2011","E00003498","E00003498","Total",201,57,24,33,144,111,33
"2011","E00003500","E00003500","Total",123,28,11,17,95,75,20
"2011","E00003531","E00003531","Total",190,41,15,26,149,127,22
"2011","E00003535","E00003535","Total",105,34,10,24,71,56,15
"2011","E00003546","E00003546","Total",194,50,19,31,144,98,46
"2011","E00003568","E00003568","Total",174,55,13,42,119,92,27
"2011","E00003569","E00003569","Total",166,43,15,28,123,107,16
"2011","E00003570","E00003570","Total",135,42,8,34,93,79,14
"2011","E00003849","E00003849","Total",168,41,20,21,127,99,28
"2011","E00003850","E00003850","Total",182,50,20,30,132,100,32
"2011","E00003852","E00003852","Total",189,43,10,33,146,119,27
"2011","E00003868","E00003868","Total",140,35,13,22,105,79,26
"2011","E00166616","E00166616","Total",183,27,9,18,156,135,21
"2011","E00166618","E00166618","Total",185,57,19,38,128,108,20
"2011","E00003952","E00003952","Total",175,52,19,33,123,100,23
"2011","E00003956","E00003956","Total",167,53,20,33,114,80,34
"2011","E00003958","E00003958","Total",168,35,13,22,133,111,22
"2011","E00003961","E00003961","Total",129,34,9,25,95,75,20
"2011","E00003989","E00003989","Total",116,29,8,21,87,68,19
"2011","E00003953","E00003953","Total",207,74,39,35,133,102,31
"2011","E00003954","E00003954","Total",216,68,32,36,148,107,41
"2011","E00003959","E00003959","Total",185,62,35,27,123,82,41
"2011","E00003962","E00003962","Total",165,43,8,35,122,96,26
"2011","E00003499","E00003499","Total",122,38,15,23,84,66,18
"2011","E00003534","E00003534","Total",134,41,10,31,93,77,16
"2011","E00003537","E00003537","Total",116,35,9,26,81,71,10
"2011","E00003538","E00003538","Total",91,29,12,17,62,49,13
"2011","E00003539","E00003539","Total",104,32,13,19,72,61,11
"2011","E00003525","E00003525","Total",114,28,9,19,86,76,10
"2011","E00003527","E00003527","Total",132,39,23,16,93,79,14
"2011","E00003532","E00003532","Total",115,32,15,17,83,61,22
"2011","E00003533","E00003533","Total",149,41,8,33,108,92,16
"2011","E00003536","E00003536","Total",140,41,11,30,99,75,24
"2011","E00003844","E00003844","Total",118,38,13,25,80,64,16
"2011","E00003845","E00003845","Total",130,27,8,19,103,88,15
"2011","E00003853","E00003853","Total",119,32,10,22,87,80,7
"2011","E00003855","E00003855","Total",148,50,15,35,98,92,6
"2011","E00003888","E00003888","Total",119,32,7,25,87,68,19
"2011","E00003847","E00003847","Total",123,39,15,24,84,70,14
"2011","E00003851","E00003851","Total",169,46,19,27,123,105,18
"2011","E00003859","E00003859","Total",150,46,14,32,104,78,26
"2011","E00003867","E00003867","Total",136,38,14,24,98,86,12
"2011","E00003870","E00003870","Total",151,42,12,30,109,87,22
"2011","E00003846","E00003846","Total",141,52,20,32,89,71,18
"2011","E00003854","E00003854","Total",107,33,12,21,74,63,11
"2011","E00003862","E00003862","Total",157,43,16,27,114,94,20
"2011","E00003866","E00003866","Total",136,38,12,26,98,86,12
"2011","E00003872","E00003872","Total",103,24,8,16,79,65,14
"2011","E00004085","E00004085","Total",166,49,17,32,117,100,17
"2011","E00004086","E00004086","Total",151,55,19,36,96,75,21
"2011","E00004106","E00004106","Total",163,56,27,29,107,79,28
"2011","E00004109","E00004109","Total",102,29,7,22,73,50,23
"2011","E00004112","E00004112","Total",141,50,17,33,91,63,28
"2011","E00004079","E00004079","Total",159,43,17,26,116,89,27
"2011","E00004080","E00004080","Total",164,55,29,26,109,83,26
"2011","E00004082","E00004082","Total",130,43,21,22,87,63,24
"2011","E00004087","E00004087","Total",133,38,11,27,95,75,20
"2011","E00004088","E00004088","Total",209,66,24,42,143,116,27
"2011","E00004113","E00004113","Total",163,57,24,33,106,90,16
"2011","E00004116","E00004116","Total",178,49,11,38,129,100,29
"2011","E00004117","E00004117","Total",187,62,17,45,125,105,20
"2011","E00004118","E00004118","Total",183,57,20,37,126,96,30
"2011","E00004078","E00004078","Total",208,69,26,43,139,112,27
"2011","E00004084","E00004084","Total",97,20,5,15,77,61,16
"2011","E00004094","E00004094","Total",116,25,7,18,91,76,15
"2011","E00004115","E00004115","Total",109,38,17,21,71,58,13
"2011","E00004119","E00004119","Total",156,56,18,38,100,82,18
"2011","E00004075","E00004075","Total",173,55,23,32,118,89,29
"2011","E00004083","E00004083","Total",195,61,23,38,134,102,32
"2011","E00004089","E00004089","Total",167,54,19,35,113,90,23
"2011","E00004092","E00004092","Total",136,43,13,30,93,83,10
"2011","E00004091","E00004091","Total",259,85,31,54,174,148,26
"2011","E00004096","E00004096","Total",192,53,17,36,139,105,34
"2011","E00004099","E00004099","Total",164,53,21,32,111,87,24
"2011","E00004100","E00004100","Total",151,54,21,33,97,73,24
"2011","E00004076","E00004076","Total",153,54,20,34,99,77,22
"2011","E00004097","E00004097","Total",9,6,3,3,3,3,0
"2011","E00004098","E00004098","Total",169,52,20,32,117,91,26
"2011","E00004101","E00004101","Total",202,70,34,36,132,103,29
"2011","E00004103","E00004103","Total",152,49,19,30,103,79,24
"2011","E00004081","E00004081","Total",177,60,23,37,117,87,30
"2011","E00004090","E00004090","Total",126,38,15,23,88,68,20
"2011","E00004093","E00004093","Total",174,49,17,32,125,103,22
"2011","E00004095","E00004095","Total",148,48,18,30,100,82,18
"2011","E00004102","E00004102","Total",154,47,21,26,107,82,25
"2011","E00003686","E00003686","Total",110,34,14,20,76,59,17
"2011","E00003693","E00003693","Total",81,32,12,20,49,35,14
"2011","E00003694","E00003694","Total",144,29,7,22,115,93,22
"2011","E00003700","E00003700","Total",134,45,16,29,89,73,16
"2011","E00003701","E00003701","Total",171,51,28,23,120,93,27
"2011","E00003706","E00003706","Total",111,37,21,16,74,59,15
"2011","E00003663","E00003663","Total",143,51,15,36,92,76,16
"2011","E00003666","E00003666","Total",124,31,10,21,93,72,21
"2011","E00003685","E00003685","Total",148,50,16,34,98,85,13
"2011","E00003687","E00003687","Total",133,31,11,20,102,86,16
"2011","E00003689","E00003689","Total",110,33,13,20,77,66,11
"2011","E00003690","E00003690","Total",144,39,9,30,105,81,24
"2011","E00003664","E00003664","Total",148,36,8,28,112,95,17
"2011","E00003688","E00003688","Total",144,46,16,30,98,78,20
"2011","E00003691","E00003691","Total",152,59,27,32,93,78,15
"2011","E00003692","E00003692","Total",105,39,10,29,66,57,9
"2011","E00003696","E00003696","Total",154,45,12,33,109,86,23
"2011","E00003672","E00003672","Total",122,36,13,23,86,72,14
"2011","E00003697","E00003697","Total",143,47,15,32,96,78,18
"2011","E00003698","E00003698","Total",145,39,15,24,106,85,21
"2011","E00003702","E00003702","Total",123,32,13,19,91,74,17
"2011","E00003705","E00003705","Total",174,48,17,31,126,96,30
"2011","E00003668","E00003668","Total",170,50,19,31,120,99,21
"2011","E00003671","E00003671","Total",124,40,21,19,84,71,13
"2011","E00003673","E00003673","Total",178,43,16,27,135,108,27
"2011","E00003699","E00003699","Total",162,49,16,33,113,81,32
"2011","E00003703","E00003703","Total",88,24,12,12,64,54,10
"2011","E00003841","E00003841","Total",125,42,15,27,83,62,21
"2011","E00003842","E00003842","Total",136,44,14,30,92,70,22
"2011","E00003871","E00003871","Total",108,29,12,17,79,63,16
"2011","E00003877","E00003877","Total",150,44,17,27,106,83,23
"2011","E00003881","E00003881","Total",96,30,6,24,66,52,14
"2011","E00003856","E00003856","Total",97,33,9,24,64,58,6
"2011","E00003857","E00003857","Total",155,55,17,38,100,87,13
"2011","E00003860","E00003860","Total",118,35,12,23,83,71,12
"2011","E00003861","E00003861","Total",117,37,16,21,80,65,15
"2011","E00003863","E00003863","Total",144,54,20,34,90,82,8
"2011","E00003848","E00003848","Total",117,33,13,20,84,68,16
"2011","E00003864","E00003864","Total",55,20,9,11,35,26,9
"2011","E00003865","E00003865","Total",49,16,5,11,33,27,6
"2011","E00003869","E00003869","Total",143,28,8,20,115,91,24
"2011","E00003875","E00003875","Total",113,30,8,22,83,66,17
"2011","E00003873","E00003873","Total",149,41,17,24,108,96,12
"2011","E00003874","E00003874","Total",129,44,21,23,85,72,13
"2011","E00003876","E00003876","Total",150,56,24,32,94,77,17
"2011","E00003878","E00003878","Total",152,48,15,33,104,84,20
"2011","E00003882","E00003882","Total",157,41,14,27,116,81,35
"2011","E00003843","E00003843","Total",149,48,23,25,101,78,23
"2011","E00003885","E00003885","Total",150,49,15,34,101,88,13
"2011","E00003886","E00003886","Total",217,66,30,36,151,127,24
"2011","E00003887","E00003887","Total",130,28,8,20,102,85,17
"2011","E00003214","E00003214","Total",117,39,15,24,78,68,10
"2011","E00003215","E00003215","Total",168,52,19,33,116,95,21
"2011","E00003217","E00003217","Total",186,60,24,36,126,105,21
"2011","E00003219","E00003219","Total",149,43,20,23,106,82,24
"2011","E00003220","E00003220","Total",154,50,15,35,104,81,23
"2011","E00003221","E00003221","Total",145,34,13,21,111,90,21
"2011","E00003186","E00003186","Total",130,35,15,20,95,67,28
"2011","E00003188","E00003188","Total",228,74,34,40,154,104,50
"2011","E00003223","E00003223","Total",119,47,21,26,72,49,23
"2011","E00003226","E00003226","Total",123,32,11,21,91,73,18
"2011","E00003227","E00003227","Total",117,30,12,18,87,58,29
"2011","E00003228","E00003228","Total",138,40,11,29,98,70,28
"2011","E00003185","E00003185","Total",154,45,20,25,109,54,55
"2011","E00003187","E00003187","Total",149,43,15,28,106,61,45
"2011","E00003222","E00003222","Total",147,61,26,35,86,68,18
"2011","E00003224","E00003224","Total",148,53,15,38,95,68,27
"2011","E00003225","E00003225","Total",109,36,13,23,73,58,15
"2011","E00003665","E00003665","Total",164,55,23,32,109,69,40
"2011","E00003667","E00003667","Total",120,37,20,17,83,54,29
"2011","E00003669","E00003669","Total",158,57,28,29,101,78,23
"2011","E00003695","E00003695","Total",102,35,16,19,67,51,16
"2011","E00003704","E00003704","Total",164,59,26,33,105,84,21
"2011","E00003709","E00003709","Total",179,62,25,37,117,89,28
"2011","E00003725","E00003725","Total",73,24,11,13,49,33,16
"2011","E00003731","E00003731","Total",176,55,24,31,121,90,31
"2011","E00003734","E00003734","Total",178,57,32,25,121,99,22
"2011","E00003736","E00003736","Total",176,48,24,24,128,97,31
"2011","E00003724","E00003724","Total",133,41,16,25,92,74,18
"2011","E00003727","E00003727","Total",130,37,15,22,93,76,17
"2011","E00003728","E00003728","Total",103,28,9,19,75,60,15
"2011","E00003730","E00003730","Total",177,57,19,38,120,90,30
"2011","E00003733","E00003733","Total",182,47,15,32,135,108,27
"2011","E00003726","E00003726","Total",157,61,20,41,96,76,20
"2011","E00003729","E00003729","Total",198,65,18,47,133,99,34
"2011","E00003732","E00003732","Total",132,35,11,24,97,74,23
"2011","E00003735","E00003735","Total",157,43,13,30,114,92,22
"2011","E00003737","E00003737","Total",144,43,15,28,101,79,22
"2011","E00003707","E00003707","Total",161,45,12,33,116,89,27
"2011","E00003716","E00003716","Total",147,38,18,20,109,88,21
"2011","E00003717","E00003717","Total",138,40,13,27,98,63,35
"2011","E00003718","E00003718","Total",204,59,18,41,145,97,48
"2011","E00003719","E00003719","Total",216,43,14,29,173,144,29
"2011","E00003708","E00003708","Total",122,35,17,18,87,59,28
"2011","E00003720","E00003720","Total",155,41,15,26,114,75,39
"2011","E00003721","E00003721","Total",124,32,9,23,92,77,15
"2011","E00003722","E00003722","Total",148,39,13,26,109,92,17
"2011","E00003723","E00003723","Total",178,66,28,38,112,85,27
"2011","E00003312","E00003312","Total",194,57,22,35,137,125,12
"2011","E00003313","E00003313","Total",163,48,18,30,115,88,27
"2011","E00003314","E00003314","Total",164,46,15,31,118,93,25
"2011","E00003315","E00003315","Total",167,42,14,28,125,107,18
"2011","E00003319","E00003319","Total",196,65,22,43,131,103,28
"2011","E00003322","E00003322","Total",136,51,14,37,85,78,7
"2011","E00003323","E00003323","Total",126,32,9,23,94,75,19
"2011","E00003325","E00003325","Total",163,43,15,28,120,97,23
"2011","E00003327","E00003327","Total",117,39,17,22,78,68,10
"2011","E00003328","E00003328","Total",171,58,19,39,113,101,12
"2011","E00003311","E00003311","Total",148,42,11,31,106,85,21
"2011","E00003316","E00003316","Total",218,41,12,29,177,144,33
"2011","E00003318","E00003318","Total",171,48,21,27,123,110,13
"2011","E00003320","E00003320","Total",145,42,13,29,103,83,20
"2011","E00003321","E00003321","Total",155,37,14,23,118,93,25
"2011","E00003294","E00003294","Total",137,41,17,24,96,69,27
"2011","E00003296","E00003296","Total",163,57,21,36,106,85,21
"2011","E00003297","E00003297","Total",170,44,21,23,126,96,30
"2011","E00003326","E00003326","Total",171,45,16,29,126,97,29
"2011","E00166110","E00166110","Total",187,58,22,36,129,89,40
"2011","E00166623","E00166623","Total",196,36,12,24,160,122,38
"2011","E00003840","E00003840","Total",144,44,13,31,100,78,22
"2011","E00003879","E00003879","Total",142,41,17,24,101,82,19
"2011","E00003880","E00003880","Total",128,50,21,29,78,64,14
"2011","E00003883","E00003883","Total",149,47,15,32,102,82,20
"2011","E00003884","E00003884","Total",154,49,20,29,105,87,18
"2011","E00003645","E00003645","Total",163,60,29,31,103,77,26
"2011","E00003647","E00003647","Total",97,32,11,21,65,53,12
"2011","E00003648","E00003648","Total",120,34,13,21,86,59,27
"2011","E00003657","E00003657","Total",184,63,20,43,121,97,24
"2011","E00003658","E00003658","Total",172,55,17,38,117,92,25
"2011","E00003660","E00003660","Total",81,25,6,19,56,50,6
"2011","E00003661","E00003661","Total",142,47,15,32,95,84,11
"2011","E00003674","E00003674","Total",171,63,24,39,108,92,16
"2011","E00003677","E00003677","Total",125,37,14,23,88,75,13
"2011","E00003681","E00003681","Total",137,42,18,24,95,70,25
"2011","E00003659","E00003659","Total",184,60,24,36,124,98,26
"2011","E00003670","E00003670","Total",275,73,28,45,202,158,44
"2011","E00003675","E00003675","Total",147,36,18,18,111,91,20
"2011","E00003676","E00003676","Total",194,59,15,44,135,107,28
"2011","E00003679","E00003679","Total",168,48,16,32,120,93,27
"2011","E00003662","E00003662","Total",107,28,10,18,79,69,10
"2011","E00003678","E00003678","Total",120,30,15,15,90,70,20
"2011","E00003680","E00003680","Total",113,37,9,28,76,59,17
"2011","E00003682","E00003682","Total",83,32,13,19,51,37,14
"2011","E00003683","E00003683","Total",109,36,13,23,73,60,13
"2011","E00003684","E00003684","Total",142,36,16,20,106,82,24
"2011","E00003291","E00003291","Total",175,47,24,23,128,85,43
"2011","E00003302","E00003302","Total",149,54,23,31,95,64,31
"2011","E00003308","E00003308","Total",168,46,13,33,122,88,34
"2011","E00003309","E00003309","Total",134,46,16,30,88,53,35
"2011","E00003310","E00003310","Total",174,47,23,24,127,95,32
"2011","E00003293","E00003293","Total",161,45,19,26,116,100,16
"2011","E00003295","E00003295","Total",173,57,24,33,116,91,25
"2011","E00003299","E00003299","Total",126,26,10,16,100,82,18
"2011","E00003300","E00003300","Total",162,55,20,35,107,83,24
"2011","E00003324","E00003324","Total",157,46,14,32,111,87,24
"2011","E00003285","E00003285","Total",139,37,12,25,102,79,23
"2011","E00003289","E00003289","Total",177,46,19,27,131,109,22
"2011","E00003290","E00003290","Total",177,58,29,29,119,88,31
"2011","E00003292","E00003292","Total",70,15,5,10,55,48,7
"2011","E00003298","E00003298","Total",174,61,32,29,113,92,21
"2011","E00003286","E00003286","Total",173,50,15,35,123,103,20
"2011","E00003304","E00003304","Total",109,24,11,13,85,74,11
"2011","E00003305","E00003305","Total",160,61,27,34,99,66,33
"2011","E00003306","E00003306","Total",180,50,17,33,130,102,28
"2011","E00003307","E00003307","Total",167,52,27,25,115,89,26
"2011","E00003287","E00003287","Total",168,55,28,27,113,78,35
"2011","E00003288","E00003288","Total",171,57,21,36,114,90,24
"2011","E00003301","E00003301","Total",191,49,22,27,142,99,43
"2011","E00003303","E00003303","Total",159,48,16,32,111,86,25
"2011","E00003174","E00003174","Total",169,47,17,30,122,90,32
"2011","E00003176","E00003176","Total",226,59,23,36,167,141,26
"2011","E00003177","E00003177","Total",162,46,16,30,116,88,28
"2011","E00003178","E00003178","Total",169,49,10,39,120,97,23
"2011","E00003172","E00003172","Total",170,46,15,31,124,101,23
"2011","E00003173","E00003173","Total",199,51,16,35,148,119,29
"2011","E00003179","E00003179","Total",175,53,20,33,122,98,24
"2011","E00003180","E00003180","Total",174,43,12,31,131,109,22
"2011","E00003160","E00003160","Total",158,51,18,33,107,86,21
"2011","E00003163","E00003163","Total",200,56,22,34,144,120,24
"2011","E00003181","E00003181","Total",214,71,30,41,143,111,32
"2011","E00003182","E00003182","Total",211,64,21,43,147,127,20
"2011","E00003155","E00003155","Total",213,43,15,28,170,143,27
"2011","E00003156","E00003156","Total",172,54,18,36,118,95,23
"2011","E00003157","E00003157","Total",212,65,20,45,147,123,24
"2011","E00003161","E00003161","Total",142,36,16,20,106,84,22
"2011","E00003162","E00003162","Total",117,20,5,15,97,78,19
"2011","E00003165","E00003165","Total",205,71,24,47,134,112,22
"2011","E00003166","E00003166","Total",239,68,23,45,171,130,41
"2011","E00003167","E00003167","Total",203,53,24,29,150,122,28
"2011","E00003171","E00003171","Total",202,68,24,44,134,116,18
"2011","E00004003","E00004003","Total",192,51,17,34,141,126,15
"2011","E00004007","E00004007","Total",159,31,10,21,128,100,28
"2011","E00004009","E00004009","Total",126,36,12,24,90,77,13
"2011","E00004010","E00004010","Total",126,36,9,27,90,77,13
"2011","E00004018","E00004018","Total",151,39,9,30,112,92,20
"2011","E00004006","E00004006","Total",146,40,20,20,106,85,21
"2011","E00004008","E00004008","Total",145,42,13,29,103,85,18
"2011","E00004011","E00004011","Total",151,37,8,29,114,95,19
"2011","E00004013","E00004013","Total",167,48,18,30,119,91,28
"2011","E00004014","E00004014","Total",132,40,15,25,92,80,12
"2011","E00003991","E00003991","Total",97,32,9,23,65,52,13
"2011","E00003993","E00003993","Total",113,32,7,25,81,58,23
"2011","E00004015","E00004015","Total",45,16,5,11,29,24,5
"2011","E00004017","E00004017","Total",235,61,15,46,174,143,31
"2011","E00004020","E00004020","Total",103,33,8,25,70,58,12
"2011","E00004022","E00004022","Total",133,34,11,23,99,77,22
"2011","E00003992","E00003992","Total",131,49,11,38,82,72,10
"2011","E00004004","E00004004","Total",124,36,7,29,88,85,3
"2011","E00004012","E00004012","Total",123,41,16,25,82,68,14
"2011","E00004016","E00004016","Total",96,37,12,25,59,49,10
"2011","E00165787","E00165787","Total",145,35,12,23,110,89,21
"2011","E00003994","E00003994","Total",145,46,16,30,99,71,28
"2011","E00003995","E00003995","Total",148,49,21,28,99,72,27
"2011","E00004023","E00004023","Total",118,29,6,23,89,73,16
"2011","E00004024","E00004024","Total",139,37,16,21,102,71,31
"2011","E00165788","E00165788","Total",109,29,11,18,80,58,22
"2011","E00003390","E00003390","Total",193,38,11,27,155,133,22
"2011","E00003396","E00003396","Total",208,55,15,40,153,127,26
"2011","E00003403","E00003403","Total",177,39,11,28,138,114,24
"2011","E00003405","E00003405","Total",207,54,23,31,153,116,37
"2011","E00003377","E00003377","Total",185,44,15,29,141,108,33
"2011","E00003407","E00003407","Total",175,30,4,26,145,120,25
"2011","E00003409","E00003409","Total",131,29,9,20,102,79,23
"2011","E00003411","E00003411","Total",149,40,9,31,109,80,29
"2011","E00003412","E00003412","Total",166,51,13,38,115,102,13
"2011","E00003768","E00003768","Total",153,51,19,32,102,74,28
"2011","E00003769","E00003769","Total",164,26,10,16,138,109,29
"2011","E00003773","E00003773","Total",213,64,26,38,149,119,30
"2011","E00003776","E00003776","Total",168,60,23,37,108,88,20
"2011","E00003779","E00003779","Total",163,53,14,39,110,94,16
"2011","E00003780","E00003780","Total",127,27,8,19,100,82,18
"2011","E00003782","E00003782","Total",148,25,10,15,123,108,15
"2011","E00003785","E00003785","Total",162,52,17,35,110,94,16
"2011","E00003786","E00003786","Total",167,43,18,25,124,108,16
"2011","E00003793","E00003793","Total",143,41,14,27,102,89,13
"2011","E00003784","E00003784","Total",189,47,14,33,142,127,15
"2011","E00003787","E00003787","Total",172,30,11,19,142,118,24
"2011","E00003789","E00003789","Total",151,33,12,21,118,108,10
"2011","E00003798","E00003798","Total",114,27,14,13,87,77,10
"2011","E00165793","E00165793","Total",91,29,9,20,62,53,9
"2011","E00003164","E00003164","Total",177,47,15,32,130,103,27
"2011","E00003169","E00003169","Total",133,41,16,25,92,66,26
"2011","E00003183","E00003183","Total",181,61,28,33,120,91,29
"2011","E00003184","E00003184","Total",154,43,15,28,111,92,19
"2011","E00003646","E00003646","Total",189,57,29,28,132,87,45
"2011","E00003649","E00003649","Total",165,58,17,41,107,73,34
"2011","E00003650","E00003650","Total",174,52,20,32,122,82,40
"2011","E00003653","E00003653","Total",94,33,9,24,61,46,15
"2011","E00166118","E00166118","Total",150,43,13,30,107,88,19
"2011","E00166613","E00166613","Total",170,45,16,29,125,98,27
"2011","E00003644","E00003644","Total",135,40,15,25,95,78,17
"2011","E00003651","E00003651","Total",174,54,27,27,120,75,45
"2011","E00003654","E00003654","Total",167,51,9,42,116,82,34
"2011","E00003655","E00003655","Total",159,39,17,22,120,92,28
"2011","E00003656","E00003656","Total",130,39,22,17,91,67,24
"2011","E00003158","E00003158","Total",187,69,22,47,118,92,26
"2011","E00003159","E00003159","Total",186,36,13,23,150,116,34
"2011","E00003168","E00003168","Total",111,40,14,26,71,48,23
"2011","E00003170","E00003170","Total",80,24,11,13,56,47,9
"2011","E00165795","E00165795","Total",185,67,20,47,118,97,21
"2011","E00005656","E00005656","Total",139,26,11,15,113,91,22
"2011","E00005682","E00005682","Total",124,27,11,16,97,82,15
"2011","E00005683","E00005683","Total",126,37,18,19,89,74,15
"2011","E00005685","E00005685","Total",177,28,9,19,149,123,26
"2011","E00005686","E00005686","Total",68,23,7,16,45,37,8
"2011","E00005687","E00005687","Total",182,44,16,28,138,120,18
"2011","E00005689","E00005689","Total",98,37,9,28,61,56,5
"2011","E00005657","E00005657","Total",144,31,9,22,113,86,27
"2011","E00005658","E00005658","Total",202,37,10,27,165,137,28
"2011","E00005684","E00005684","Total",114,23,9,14,91,74,17
"2011","E00005688","E00005688","Total",146,42,7,35,104,85,19
"2011","E00005690","E00005690","Total",123,36,13,23,87,74,13
"2011","E00005691","E00005691","Total",151,33,8,25,118,103,15
"2011","E00005772","E00005772","Total",120,50,23,27,70,56,14
"2011","E00005778","E00005778","Total",168,38,13,25,130,92,38
"2011","E00005781","E00005781","Total",187,41,17,24,146,117,29
"2011","E00005784","E00005784","Total",154,39,9,30,115,95,20
"2011","E00005788","E00005788","Total",153,44,17,27,109,98,11
"2011","E00005767","E00005767","Total",129,25,5,20,104,82,22
"2011","E00005768","E00005768","Total",133,38,11,27,95,80,15
"2011","E00005771","E00005771","Total",170,53,16,37,117,105,12
"2011","E00005807","E00005807","Total",122,45,15,30,77,64,13
"2011","E00005809","E00005809","Total",128,47,10,37,81,63,18
"2011","E00005810","E00005810","Total",133,28,9,19,105,92,13
"2011","E00005769","E00005769","Total",144,33,11,22,111,93,18
"2011","E00005770","E00005770","Total",215,55,18,37,160,138,22
"2011","E00005774","E00005774","Total",229,47,19,28,182,153,29
"2011","E00005775","E00005775","Total",221,49,12,37,172,144,28
"2011","E00005776","E00005776","Total",164,36,14,22,128,102,26
"2011","E00005808","E00005808","Total",186,40,16,24,146,125,21
"2011","E00005419","E00005419","Total",203,48,20,28,155,114,41
"2011","E00005420","E00005420","Total",124,26,6,20,98,87,11
"2011","E00005421","E00005421","Total",141,28,11,17,113,92,21
"2011","E00005422","E00005422","Total",188,55,22,33,133,108,25
"2011","E00005424","E00005424","Total",212,56,12,44,156,130,26
"2011","E00005765","E00005765","Total",259,80,22,58,179,145,34
"2011","E00005780","E00005780","Total",101,32,12,20,69,57,12
"2011","E00005782","E00005782","Total",150,37,17,20,113,95,18
"2011","E00005785","E00005785","Total",177,42,16,26,135,121,14
"2011","E00005790","E00005790","Total",137,39,11,28,98,77,21
"2011","E00005773","E00005773","Total",186,40,18,22,146,119,27
"2011","E00005779","E00005779","Total",115,48,16,32,67,56,11
"2011","E00005783","E00005783","Total",168,44,11,33,124,103,21
"2011","E00005786","E00005786","Total",112,40,18,22,72,54,18
"2011","E00005806","E00005806","Total",153,36,13,23,117,100,17
"2011","E00005811","E00005811","Total",138,37,6,31,101,83,18
"2011","E00005764","E00005764","Total",171,48,16,32,123,99,24
"2011","E00005789","E00005789","Total",188,45,21,24,143,117,26
"2011","E00005791","E00005791","Total",192,62,18,44,130,100,30
"2011","E00005792","E00005792","Total",183,46,17,29,137,115,22
"2011","E00005798","E00005798","Total",155,33,12,21,122,97,25
"2011","E00005777","E00005777","Total",230,55,18,37,175,136,39
"2011","E00005802","E00005802","Total",165,39,14,25,126,101,25
"2011","E00005803","E00005803","Total",231,49,13,36,182,157,25
"2011","E00005804","E00005804","Total",131,32,7,25,99,82,17
"2011","E00005805","E00005805","Total",244,55,16,39,189,163,26
"2011","E00005396","E00005396","Total",166,50,14,36,116,96,20
"2011","E00005397","E00005397","Total",208,53,17,36,155,121,34
"2011","E00005423","E00005423","Total",195,45,18,27,150,115,35
"2011","E00005425","E00005425","Total",173,55,18,37,118,92,26
"2011","E00005399","E00005399","Total",145,40,9,31,105,89,16
"2011","E00005407","E00005407","Total",182,44,15,29,138,120,18
"2011","E00005410","E00005410","Total",186,57,19,38,129,109,20
"2011","E00005412","E00005412","Total",169,38,16,22,131,114,17
"2011","E00005415","E00005415","Total",171,43,16,27,128,103,25
"2011","E00005405","E00005405","Total",232,65,29,36,167,135,32
"2011","E00005426","E00005426","Total",66,15,3,12,51,42,9
"2011","E00005430","E00005430","Total",206,62,28,34,144,123,21
"2011","E00005433","E00005433","Total",238,68,17,51,170,153,17
"2011","E00174927","E00174927","Total",208,55,15,40,153,126,27
"2011","E00174928","E00174928","Total",144,29,5,24,115,97,18
"2011","E00005766","E00005766","Total",151,45,19,26,106,94,12
"2011","E00005793","E00005793","Total",145,44,9,35,101,89,12
"2011","E00005797","E00005797","Total",85,36,12,24,49,40,9
"2011","E00005800","E00005800","Total",152,43,14,29,109,87,22
"2011","E00005801","E00005801","Total",162,60,21,39,102,87,15
"2011","E00005427","E00005427","Total",132,33,5,28,99,83,16
"2011","E00005428","E00005428","Total",180,66,19,47,114,100,14
"2011","E00005429","E00005429","Total",114,27,8,19,87,70,17
"2011","E00005431","E00005431","Total",142,35,11,24,107,93,14
"2011","E00005432","E00005432","Total",155,45,22,23,110,90,20
"2011","E00005400","E00005400","Total",168,57,22,35,111,99,12
"2011","E00005406","E00005406","Total",152,48,17,31,104,84,20
"2011","E00005408","E00005408","Total",152,42,11,31,110,96,14
"2011","E00005411","E00005411","Total",193,59,16,43,134,114,20
"2011","E00005438","E00005438","Total",137,38,10,28,99,88,11
"2011","E00005402","E00005402","Total",116,32,5,27,84,72,12
"2011","E00005404","E00005404","Total",172,63,17,46,109,95,14
"2011","E00005435","E00005435","Total",229,79,25,54,150,127,23
"2011","E00005436","E00005436","Total",70,25,6,19,45,39,6
"2011","E00005437","E00005437","Total",189,54,13,41,135,118,17
"2011","E00005398","E00005398","Total",176,48,14,34,128,104,24
"2011","E00005401","E00005401","Total",139,43,11,32,96,83,13
"2011","E00005409","E00005409","Total",202,58,21,37,144,125,19
"2011","E00005439","E00005439","Total",159,61,21,40,98,79,19
"2011","E00174926","E00174926","Total",101,31,6,25,70,62,8
"2011","E00174929","E00174929","Total",136,26,10,16,110,96,14
"2011","E00174930","E00174930","Total",143,27,10,17,116,96,20
"2011","E00005413","E00005413","Total",170,44,15,29,126,101,25
"2011","E00005414","E00005414","Total",148,55,26,29,93,76,17
"2011","E00005416","E00005416","Total",130,45,10,35,85,72,13
"2011","E00005417","E00005417","Total",176,55,19,36,121,103,18
"2011","E00005418","E00005418","Total",153,41,14,27,112,88,24
"2011","E00005722","E00005722","Total",178,54,25,29,124,109,15
"2011","E00005755","E00005755","Total",106,37,14,23,69,61,8
"2011","E00005756","E00005756","Total",121,42,14,28,79,74,5
"2011","E00005758","E00005758","Total",118,53,11,42,65,59,6
"2011","E00005760","E00005760","Total",130,43,12,31,87,74,13
"2011","E00005718","E00005718","Total",132,34,9,25,98,88,10
"2011","E00005719","E00005719","Total",204,58,21,37,146,126,20
"2011","E00005721","E00005721","Total",169,51,22,29,118,108,10
"2011","E00005723","E00005723","Total",171,48,17,31,123,112,11
"2011","E00005754","E00005754","Total",104,28,10,18,76,63,13
"2011","E00005713","E00005713","Total",103,28,9,19,75,66,9
"2011","E00005727","E00005727","Total",160,57,15,42,103,87,16
"2011","E00005730","E00005730","Total",129,43,9,34,86,77,9
"2011","E00005732","E00005732","Total",144,57,13,44,87,73,14
"2011","E00005737","E00005737","Total",130,37,11,26,93,85,8
"2011","E00005714","E00005714","Total",146,56,12,44,90,73,17
"2011","E00005728","E00005728","Total",157,44,12,32,113,95,18
"2011","E00005729","E00005729","Total",142,45,12,33,97,85,12
"2011","E00005738","E00005738","Total",154,36,12,24,118,98,20
"2011","E00005739","E00005739","Total",167,53,14,39,114,105,9
"2011","E00005787","E00005787","Total",132,30,4,26,102,84,18
"2011","E00005794","E00005794","Total",155,50,14,36,105,82,23
"2011","E00005795","E00005795","Total",149,35,8,27,114,95,19
"2011","E00005796","E00005796","Total",175,36,12,24,139,120,19
"2011","E00005799","E00005799","Total",156,40,15,25,116,100,16
"2011","E00005724","E00005724","Total",188,58,16,42,130,105,25
"2011","E00005731","E00005731","Total",164,43,10,33,121,108,13
"2011","E00005751","E00005751","Total",157,46,16,30,111,95,16
"2011","E00005752","E00005752","Total",113,35,8,27,78,68,10
"2011","E00005762","E00005762","Total",134,32,8,24,102,90,12
"2011","E00005720","E00005720","Total",194,55,13,42,139,120,19
"2011","E00005725","E00005725","Total",172,49,8,41,123,103,20
"2011","E00005753","E00005753","Total",136,43,13,30,93,77,16
"2011","E00005757","E00005757","Total",131,26,9,17,105,97,8
"2011","E00005763","E00005763","Total",109,24,6,18,85,72,13
"2011","E00005733","E00005733","Total",122,23,6,17,99,83,16
"2011","E00005736","E00005736","Total",144,35,13,22,109,89,20
"2011","E00005740","E00005740","Total",223,50,15,35,173,160,13
"2011","E00005759","E00005759","Total",154,43,11,32,111,100,11
"2011","E00005761","E00005761","Total",155,44,19,25,111,95,16
"2011","E00005726","E00005726","Total",151,42,19,23,109,97,12
"2011","E00005734","E00005734","Total",153,47,12,35,106,87,19
"2011","E00005735","E00005735","Total",155,52,18,34,103,95,8
"2011","E00005741","E00005741","Total",151,45,15,30,106,88,18
"2011","E00005742","E00005742","Total",162,42,8,34,120,109,11
"2011","E00005715","E00005715","Total",169,62,12,50,107,95,12
"2011","E00005743","E00005743","Total",188,53,19,34,135,118,17
"2011","E00005745","E00005745","Total",145,45,19,26,100,89,11
"2011","E00005747","E00005747","Total",184,57,24,33,127,114,13
"2011","E00005749","E00005749","Total",171,50,18,32,121,102,19
"2011","E00005670","E00005670","Total",125,38,13,25,87,70,17
"2011","E00005671","E00005671","Total",114,38,13,25,76,66,10
"2011","E00005677","E00005677","Total",204,49,12,37,155,135,20
"2011","E00005678","E00005678","Total",149,35,6,29,114,100,14
"2011","E00005680","E00005680","Total",175,56,14,42,119,101,18
"2011","E00005681","E00005681","Total",133,31,5,26,102,85,17
"2011","E00005669","E00005669","Total",132,36,10,26,96,84,12
"2011","E00005699","E00005699","Total",121,18,4,14,103,88,15
"2011","E00005701","E00005701","Total",128,29,8,21,99,85,14
"2011","E00005708","E00005708","Total",154,41,17,24,113,94,19
"2011","E00005709","E00005709","Total",122,33,10,23,89,77,12
"2011","E00005710","E00005710","Total",148,37,13,24,111,94,17
"2011","E00005659","E00005659","Total",149,30,9,21,119,100,19
"2011","E00005692","E00005692","Total",126,23,6,17,103,90,13
"2011","E00005693","E00005693","Total",159,32,5,27,127,110,17
"2011","E00005694","E00005694","Total",144,23,4,19,121,103,18
"2011","E00005695","E00005695","Total",142,38,14,24,104,87,17
"2011","E00005696","E00005696","Total",151,36,18,18,115,98,17
"2011","E00005664","E00005664","Total",138,33,11,22,105,84,21
"2011","E00005700","E00005700","Total",150,34,7,27,116,97,19
"2011","E00005703","E00005703","Total",155,42,15,27,113,90,23
"2011","E00005704","E00005704","Total",182,40,7,33,142,120,22
"2011","E00005707","E00005707","Total",121,28,11,17,93,76,17
"2011","E00005655","E00005655","Total",123,32,9,23,91,80,11
"2011","E00005665","E00005665","Total",141,43,13,30,98,88,10
"2011","E00005673","E00005673","Total",126,44,18,26,82,72,10
"2011","E00005675","E00005675","Total",170,51,18,33,119,105,14
"2011","E00005676","E00005676","Total",173,41,10,31,132,115,17
"2011","E00005660","E00005660","Total",122,45,16,29,77,69,8
"2011","E00005661","E00005661","Total",138,28,12,16,110,97,13
"2011","E00005697","E00005697","Total",103,23,5,18,80,73,7
"2011","E00005698","E00005698","Total",110,35,17,18,75,66,9
"2011","E00005702","E00005702","Total",129,29,11,18,100,85,15
"2011","E00005667","E00005667","Total",100,40,9,31,60,52,8
"2011","E00005668","E00005668","Total",117,34,9,25,83,70,13
"2011","E00005705","E00005705","Total",90,23,8,15,67,55,12
"2011","E00005706","E00005706","Total",187,50,17,33,137,113,24
"2011","E00005711","E00005711","Total",145,43,15,28,102,92,10
"2011","E00005712","E00005712","Total",172,56,20,36,116,102,14
"2011","E00005662","E00005662","Total",95,21,5,16,74,63,11
"2011","E00005663","E00005663","Total",115,55,19,36,60,56,4
"2011","E00005666","E00005666","Total",154,45,17,28,109,93,16
"2011","E00005672","E00005672","Total",111,37,11,26,74,67,7
"2011","E00005674","E00005674","Total",130,33,11,22,97,86,11
"2011","E00005679","E00005679","Total",106,45,16,29,61,53,8
"2011","E00005913","E00005913","Total",189,61,20,41,128,111,17
"2011","E00005942","E00005942","Total",170,58,16,42,112,93,19
"2011","E00005944","E00005944","Total",145,33,10,23,112,92,20
"2011","E00005945","E00005945","Total",93,26,8,18,67,55,12
"2011","E00005946","E00005946","Total",161,39,11,28,122,108,14
"2011","E00005947","E00005947","Total",130,40,16,24,90,79,11
"2011","E00005912","E00005912","Total",218,68,15,53,150,135,15
"2011","E00005940","E00005940","Total",115,28,6,22,87,75,12
"2011","E00005941","E00005941","Total",146,37,9,28,109,95,14
"2011","E00005943","E00005943","Total",143,31,7,24,112,92,20
"2011","E00005949","E00005949","Total",117,23,6,17,94,77,17
"2011","E00004962","E00004962","Total",130,40,10,30,90,81,9
"2011","E00004963","E00004963","Total",131,41,11,30,90,82,8
"2011","E00004975","E00004975","Total",163,49,16,33,114,97,17
"2011","E00004976","E00004976","Total",157,38,13,25,119,88,31
"2011","E00004978","E00004978","Total",135,44,24,20,91,83,8
"2011","E00004964","E00004964","Total",152,52,14,38,100,82,18
"2011","E00004979","E00004979","Total",142,43,10,33,99,89,10
"2011","E00004982","E00004982","Total",123,34,12,22,89,74,15
"2011","E00004986","E00004986","Total",144,49,16,33,95,86,9
"2011","E00004993","E00004993","Total",148,49,8,41,99,95,4
"2011","E00004980","E00004980","Total",172,47,21,26,125,104,21
"2011","E00004983","E00004983","Total",133,37,9,28,96,85,11
"2011","E00004985","E00004985","Total",143,33,13,20,110,92,18
"2011","E00004990","E00004990","Total",182,52,17,35,130,113,17
"2011","E00004989","E00004989","Total",142,44,19,25,98,83,15
"2011","E00004995","E00004995","Total",188,54,11,43,134,117,17
"2011","E00004999","E00004999","Total",145,40,14,26,105,89,16
"2011","E00005000","E00005000","Total",150,43,16,27,107,100,7
"2011","E00004992","E00004992","Total",193,53,14,39,140,114,26
"2011","E00004994","E00004994","Total",155,40,17,23,115,101,14
"2011","E00004996","E00004996","Total",128,31,9,22,97,85,12
"2011","E00004998","E00004998","Total",167,40,16,24,127,115,12
"2011","E00004959","E00004959","Total",175,48,13,35,127,110,17
"2011","E00004961","E00004961","Total",143,47,17,30,96,82,14
"2011","E00004966","E00004966","Total",130,44,18,26,86,73,13
"2011","E00004968","E00004968","Total",179,51,17,34,128,118,10
"2011","E00004977","E00004977","Total",155,46,19,27,109,98,11
"2011","E00004981","E00004981","Total",114,25,12,13,89,76,13
"2011","E00004984","E00004984","Total",110,36,14,22,74,62,12
"2011","E00004987","E00004987","Total",212,59,21,38,153,132,21
"2011","E00004988","E00004988","Total",143,36,15,21,107,90,17
"2011","E00004956","E00004956","Total",158,42,21,21,116,93,23
"2011","E00004958","E00004958","Total",158,48,16,32,110,99,11
"2011","E00005001","E00005001","Total",116,25,9,16,91,74,17
"2011","E00174952","E00174952","Total",185,53,16,37,132,118,14
"2011","E00004957","E00004957","Total",153,37,13,24,116,100,16
"2011","E00004965","E00004965","Total",118,32,12,20,86,73,13
"2011","E00004967","E00004967","Total",112,23,8,15,89,81,8
"2011","E00004971","E00004971","Total",215,44,11,33,171,152,19
"2011","E00005004","E00005004","Total",138,36,19,17,102,86,16
"2011","E00005534","E00005534","Total",186,60,26,34,126,105,21
"2011","E00005535","E00005535","Total",157,49,13,36,108,93,15
"2011","E00005536","E00005536","Total",127,31,15,16,96,85,11
"2011","E00005537","E00005537","Total",143,29,11,18,114,101,13
"2011","E00005538","E00005538","Total",147,43,16,27,104,87,17
"2011","E00005716","E00005716","Total",160,45,11,34,115,104,11
"2011","E00005744","E00005744","Total",159,47,9,38,112,86,26
"2011","E00005746","E00005746","Total",53,11,2,9,42,38,4
"2011","E00005748","E00005748","Total",121,39,13,26,82,76,6
"2011","E00174940","E00174940","Total",136,44,15,29,92,85,7
"2011","E00005889","E00005889","Total",100,30,8,22,70,60,10
"2011","E00005893","E00005893","Total",174,47,17,30,127,110,17
"2011","E00005894","E00005894","Total",145,48,15,33,97,87,10
"2011","E00005895","E00005895","Total",144,42,18,24,102,91,11
"2011","E00005896","E00005896","Total",142,42,15,27,100,88,12
"2011","E00005862","E00005862","Total",104,33,8,25,71,57,14
"2011","E00005865","E00005865","Total",129,37,11,26,92,81,11
"2011","E00005892","E00005892","Total",169,71,30,41,98,85,13
"2011","E00005898","E00005898","Total",133,33,12,21,100,90,10
"2011","E00005899","E00005899","Total",108,41,8,33,67,59,8
"2011","E00005861","E00005861","Total",192,65,13,52,127,111,16
"2011","E00005863","E00005863","Total",146,40,11,29,106,88,18
"2011","E00005864","E00005864","Total",184,53,10,43,131,116,15
"2011","E00005900","E00005900","Total",135,50,17,33,85,75,10
"2011","E00005903","E00005903","Total",152,43,23,20,109,97,12
"2011","E00005880","E00005880","Total",184,62,23,39,122,101,21
"2011","E00005881","E00005881","Total",137,41,17,24,96,82,14
"2011","E00005882","E00005882","Total",173,44,13,31,129,113,16
"2011","E00005883","E00005883","Total",115,44,10,34,71,65,6
"2011","E00005867","E00005867","Total",194,65,20,45,129,113,16
"2011","E00005887","E00005887","Total",152,56,28,28,96,82,14
"2011","E00005890","E00005890","Total",146,34,10,24,112,102,10
"2011","E00005891","E00005891","Total",222,68,21,47,154,127,27
"2011","E00005884","E00005884","Total",177,57,18,39,120,99,21
"2011","E00005885","E00005885","Total",129,52,15,37,77,65,12
"2011","E00005886","E00005886","Total",149,48,11,37,101,85,16
"2011","E00005888","E00005888","Total",163,46,16,30,117,91,26
"2011","E00004960","E00004960","Total",154,40,16,24,114,96,18
"2011","E00005002","E00005002","Total",116,34,13,21,82,71,11
"2011","E00005003","E00005003","Total",126,38,10,28,88,75,13
"2011","E00005005","E00005005","Total",113,25,13,12,88,78,10
"2011","E00005521","E00005521","Total",150,42,7,35,108,99,9
"2011","E00005526","E00005526","Total",129,32,10,22,97,80,17
"2011","E00005533","E00005533","Total",52,18,5,13,34,33,1
"2011","E00005555","E00005555","Total",191,69,21,48,122,102,20
"2011","E00005560","E00005560","Total",185,54,29,25,131,116,15
"2011","E00005563","E00005563","Total",114,35,10,25,79,70,9
"2011","E00005525","E00005525","Total",96,27,12,15,69,64,5
"2011","E00005539","E00005539","Total",134,34,14,20,100,88,12
"2011","E00005541","E00005541","Total",122,26,7,19,96,80,16
"2011","E00005542","E00005542","Total",112,34,10,24,78,69,9
"2011","E00005543","E00005543","Total",164,56,10,46,108,100,8
"2011","E00005544","E00005544","Total",136,34,9,25,102,94,8
"2011","E00005540","E00005540","Total",136,34,8,26,102,95,7
"2011","E00005545","E00005545","Total",146,40,11,29,106,98,8
"2011","E00005547","E00005547","Total",168,48,13,35,120,108,12
"2011","E00005548","E00005548","Total",77,19,6,13,58,50,8
"2011","E00005551","E00005551","Total",156,46,9,37,110,96,14
"2011","E00005557","E00005557","Total",176,39,11,28,137,126,11
"2011","E00005546","E00005546","Total",78,31,9,22,47,42,5
"2011","E00005549","E00005549","Total",118,33,8,25,85,75,10
"2011","E00005550","E00005550","Total",125,43,13,30,82,74,8
"2011","E00005553","E00005553","Total",183,56,20,36,127,105,22
"2011","E00005554","E00005554","Total",63,15,3,12,48,45,3
"2011","E00005556","E00005556","Total",124,36,13,23,88,83,5
"2011","E00005558","E00005558","Total",110,30,14,16,80,71,9
"2011","E00005559","E00005559","Total",128,43,14,29,85,77,8
"2011","E00005561","E00005561","Total",101,27,3,24,74,65,9
"2011","E00005562","E00005562","Total",162,61,19,42,101,88,13
"2011","E00004920","E00004920","Total",86,28,10,18,58,49,9
"2011","E00004921","E00004921","Total",136,48,23,25,88,76,12
"2011","E00004922","E00004922","Total",186,52,14,38,134,109,25
"2011","E00004924","E00004924","Total",125,35,12,23,90,82,8
"2011","E00174953","E00174953","Total",189,67,17,50,122,104,18
"2011","E00174954","E00174954","Total",125,19,6,13,106,88,18
"2011","E00005911","E00005911","Total",114,22,10,12,92,81,11
"2011","E00005925","E00005925","Total",130,38,15,23,92,79,13
"2011","E00005929","E00005929","Total",152,44,10,34,108,90,18
"2011","E00005930","E00005930","Total",125,31,8,23,94,72,22
"2011","E00005931","E00005931","Total",176,44,13,31,132,110,22
"2011","E00005932","E00005932","Total",142,44,14,30,98,88,10
"2011","E00005917","E00005917","Total",155,44,11,33,111,89,22
"2011","E00005919","E00005919","Total",127,31,5,26,96,84,12
"2011","E00005921","E00005921","Total",75,10,2,8,65,56,9
"2011","E00005922","E00005922","Total",142,33,8,25,109,100,9
"2011","E00005923","E00005923","Total",96,17,4,13,79,69,10
"2011","E00005958","E00005958","Total",60,20,2,18,40,37,3
"2011","E00005961","E00005961","Total",135,36,14,22,99,86,13
"2011","E00005950","E00005950","Total",135,34,7,27,101,90,11
"2011","E00005952","E00005952","Total",131,45,13,32,86,74,12
"2011","E00005953","E00005953","Total",163,42,9,33,121,113,8
"2011","E00005955","E00005955","Total",128,32,15,17,96,80,16
"2011","E00005956","E00005956","Total",116,31,10,21,85,73,12
"2011","E00005959","E00005959","Total",169,46,15,31,123,113,10
"2011","E00005920","E00005920","Total",167,54,20,34,113,99,14
"2011","E00005962","E00005962","Total",175,53,14,39,122,108,14
"2011","E00005963","E00005963","Total",196,80,25,55,116,101,15
"2011","E00005965","E00005965","Total",184,58,13,45,126,113,13
"2011","E00004969","E00004969","Total",103,28,8,20,75,68,7
"2011","E00004970","E00004970","Total",114,37,7,30,77,64,13
"2011","E00004973","E00004973","Total",147,51,10,41,96,86,10
"2011","E00004974","E00004974","Total",161,49,17,32,112,107,5
"2011","E00174942","E00174942","Total",121,27,10,17,94,86,8
"2011","E00174943","E00174943","Total",140,31,9,22,109,94,15
"2011","E00174944","E00174944","Total",150,56,19,37,94,80,14
"2011","E00005520","E00005520","Total",176,53,15,38,123,108,15
"2011","E00005522","E00005522","Total",87,23,7,16,64,53,11
"2011","E00005552","E00005552","Total",99,29,5,24,70,53,17
"2011","E00005568","E00005568","Total",125,48,17,31,77,64,13
"2011","E00005572","E00005572","Total",155,50,11,39,105,90,15
"2011","E00005519","E00005519","Total",143,35,11,24,108,99,9
"2011","E00005528","E00005528","Total",208,65,16,49,143,122,21
"2011","E00005566","E00005566","Total",231,83,31,52,148,125,23
"2011","E00005570","E00005570","Total",152,34,7,27,118,108,10
"2011","E00174923","E00174923","Total",188,64,14,50,124,110,14
"2011","E00174924","E00174924","Total",302,58,16,42,244,222,22
"2011","E00174925","E00174925","Total",71,15,4,11,56,47,9
"2011","E00005901","E00005901","Total",72,19,5,14,53,47,6
"2011","E00005902","E00005902","Total",160,56,16,40,104,92,12
"2011","E00005906","E00005906","Total",95,38,15,23,57,48,9
"2011","E00005909","E00005909","Total",167,51,21,30,116,92,24
"2011","E00005868","E00005868","Total",163,49,17,32,114,104,10
"2011","E00005874","E00005874","Total",77,25,7,18,52,48,4
"2011","E00005877","E00005877","Total",187,52,19,33,135,119,16
"2011","E00005904","E00005904","Total",120,43,11,32,77,66,11
"2011","E00174931","E00174931","Total",131,36,9,27,95,82,13
"2011","E00174941","E00174941","Total",124,28,9,19,96,90,6
"2011","E00005012","E00005012","Total",175,31,4,27,144,121,23
"2011","E00005021","E00005021","Total",148,44,16,28,104,93,11
"2011","E00005024","E00005024","Total",68,34,8,26,34,31,3
"2011","E00005047","E00005047","Total",162,40,12,28,122,100,22
"2011","E00005052","E00005052","Total",139,45,11,34,94,83,11
"2011","E00005039","E00005039","Total",162,54,15,39,108,98,10
"2011","E00005040","E00005040","Total",164,57,24,33,107,91,16
"2011","E00005042","E00005042","Total",181,59,18,41,122,101,21
"2011","E00005043","E00005043","Total",157,58,19,39,99,89,10
"2011","E00005044","E00005044","Total",180,59,18,41,121,111,10
"2011","E00005871","E00005871","Total",201,79,17,62,122,106,16
"2011","E00005872","E00005872","Total",169,50,18,32,119,103,16
"2011","E00005873","E00005873","Total",148,43,6,37,105,90,15
"2011","E00005897","E00005897","Total",166,57,17,40,109,102,7
"2011","E00005866","E00005866","Total",115,35,7,28,80,68,12
"2011","E00005869","E00005869","Total",152,38,18,20,114,102,12
"2011","E00005905","E00005905","Total",138,49,16,33,89,79,10
"2011","E00005907","E00005907","Total",142,48,16,32,94,78,16
"2011","E00005910","E00005910","Total",152,41,14,27,111,98,13
"2011","E00005875","E00005875","Total",155,65,21,44,90,78,12
"2011","E00005876","E00005876","Total",128,45,19,26,83,71,12
"2011","E00005878","E00005878","Total",194,64,12,52,130,112,18
"2011","E00005879","E00005879","Total",154,52,17,35,102,93,9
"2011","E00005908","E00005908","Total",146,34,14,20,112,98,14
"2011","E00004854","E00004854","Total",170,35,12,23,135,109,26
"2011","E00004863","E00004863","Total",165,38,12,26,127,115,12
"2011","E00004865","E00004865","Total",147,28,8,20,119,96,23
"2011","E00004866","E00004866","Total",153,38,11,27,115,99,16
"2011","E00004913","E00004913","Total",86,22,7,15,64,59,5
"2011","E00004862","E00004862","Total",148,37,9,28,111,96,15
"2011","E00004864","E00004864","Total",153,31,7,24,122,113,9
"2011","E00004867","E00004867","Total",128,26,8,18,102,89,13
"2011","E00004868","E00004868","Total",106,27,9,18,79,67,12
"2011","E00004871","E00004871","Total",169,45,14,31,124,111,13
"2011","E00004875","E00004875","Total",149,36,8,28,113,104,9
"2011","E00004855","E00004855","Total",166,39,20,19,127,112,15
"2011","E00004869","E00004869","Total",132,34,11,23,98,89,9
"2011","E00004870","E00004870","Total",133,34,7,27,99,79,20
"2011","E00004874","E00004874","Total",151,37,10,27,114,104,10
"2011","E00004877","E00004877","Total",136,36,9,27,100,84,16
"2011","E00004879","E00004879","Total",135,20,10,10,115,98,17
"2011","E00004856","E00004856","Total",157,48,20,28,109,89,20
"2011","E00004878","E00004878","Total",172,41,19,22,131,112,19
"2011","E00004882","E00004882","Total",186,48,14,34,138,123,15
"2011","E00004883","E00004883","Total",184,52,23,29,132,113,19
"2011","E00004884","E00004884","Total",254,63,11,52,191,161,30
"2011","E00005914","E00005914","Total",143,48,13,35,95,85,10
"2011","E00005926","E00005926","Total",139,32,7,25,107,92,15
"2011","E00005927","E00005927","Total",191,51,14,37,140,124,16
"2011","E00005928","E00005928","Total",140,45,14,31,95,80,15
"2011","E00005933","E00005933","Total",178,48,12,36,130,120,10
"2011","E00005934","E00005934","Total",163,37,8,29,126,115,11
"2011","E00004947","E00004947","Total",163,49,21,28,114,101,13
"2011","E00004948","E00004948","Total",206,65,14,51,141,117,24
"2011","E00004949","E00004949","Total",163,48,13,35,115,102,13
"2011","E00004951","E00004951","Total",192,45,13,32,147,122,25
"2011","E00004952","E00004952","Total",173,54,12,42,119,99,20
"2011","E00004923","E00004923","Total",165,57,16,41,108,81,27
"2011","E00004925","E00004925","Total",163,44,16,28,119,96,23
"2011","E00004927","E00004927","Total",178,54,22,32,124,101,23
"2011","E00004954","E00004954","Total",194,48,15,33,146,131,15
"2011","E00004955","E00004955","Total",152,42,14,28,110,95,15
"2011","E00005610","E00005610","Total",234,66,22,44,168,140,28
"2011","E00005611","E00005611","Total",188,50,21,29,138,116,22
"2011","E00005645","E00005645","Total",59,19,5,14,40,35,5
"2011","E00005646","E00005646","Total",144,29,10,19,115,98,17
"2011","E00005647","E00005647","Total",171,54,15,39,117,100,17
"2011","E00005615","E00005615","Total",162,44,19,25,118,96,22
"2011","E00005648","E00005648","Total",140,41,13,28,99,76,23
"2011","E00005649","E00005649","Total",143,48,18,30,95,76,19
"2011","E00005650","E00005650","Total",97,29,7,22,68,55,13
"2011","E00005651","E00005651","Total",178,59,19,40,119,103,16
"2011","E00005612","E00005612","Total",139,29,11,18,110,83,27
"2011","E00005613","E00005613","Total",147,33,20,13,114,85,29
"2011","E00005616","E00005616","Total",145,42,14,28,103,85,18
"2011","E00005623","E00005623","Total",143,34,8,26,109,83,26
"2011","E00005652","E00005652","Total",139,22,8,14,117,94,23
"2011","E00005654","E00005654","Total",163,36,11,25,127,105,22
"2011","E00005006","E00005006","Total",164,47,15,32,117,102,15
"2011","E00005045","E00005045","Total",171,56,20,36,115,94,21
"2011","E00005050","E00005050","Total",182,78,23,55,104,93,11
"2011","E00005053","E00005053","Total",122,36,7,29,86,77,9
"2011","E00005054","E00005054","Total",108,35,5,30,73,66,7
"2011","E00005013","E00005013","Total",142,40,17,23,102,91,11
"2011","E00005014","E00005014","Total",155,57,14,43,98,93,5
"2011","E00005017","E00005017","Total",128,44,13,31,84,70,14
"2011","E00005022","E00005022","Total",98,36,8,28,62,59,3
"2011","E00005051","E00005051","Total",126,43,8,35,83,71,12
"2011","E00005025","E00005025","Total",133,45,13,32,88,79,9
"2011","E00005041","E00005041","Total",220,72,23,49,148,131,17
"2011","E00005046","E00005046","Total",159,53,17,36,106,97,9
"2011","E00005048","E00005048","Total",145,47,17,30,98,88,10
"2011","E00005049","E00005049","Total",148,55,23,32,93,78,15
"2011","E00005009","E00005009","Total",183,73,23,50,110,101,9
"2011","E00005010","E00005010","Total",243,83,21,62,160,138,22
"2011","E00005026","E00005026","Total",70,22,5,17,48,41,7
"2011","E00005029","E00005029","Total",161,42,11,31,119,106,13
"2011","E00005007","E00005007","Total",159,52,20,32,107,101,6
"2011","E00005008","E00005008","Total",124,42,10,32,82,73,9
"2011","E00005020","E00005020","Total",270,70,27,43,200,170,30
"2011","E00005023","E00005023","Total",195,70,31,39,125,110,15
"2011","E00005027","E00005027","Total",131,44,12,32,87,73,14
"2011","E00005015","E00005015","Total",245,92,35,57,153,140,13
"2011","E00005016","E00005016","Total",162,55,18,37,107,98,9
"2011","E00005018","E00005018","Total",168,58,16,42,110,93,17
"2011","E00005019","E00005019","Total",131,21,5,16,110,98,12
"2011","E00005028","E00005028","Total",136,33,13,20,103,95,8
"2011","E00005030","E00005030","Total",78,29,15,14,49,42,7
"2011","E00005031","E00005031","Total",236,77,18,59,159,140,19
"2011","E00005032","E00005032","Total",103,38,14,24,65,58,7
"2011","E00005033","E00005033","Total",88,33,8,25,55,48,7
"2011","E00005034","E00005034","Total",111,31,8,23,80,72,8
"2011","E00005035","E00005035","Total",141,57,22,35,84,69,15
"2011","E00005195","E00005195","Total",171,43,11,32,128,118,10
"2011","E00005196","E00005196","Total",107,12,2,10,95,88,7
"2011","E00005224","E00005224","Total",150,33,8,25,117,99,18
"2011","E00005225","E00005225","Total",181,60,17,43,121,106,15
"2011","E00005226","E00005226","Total",149,56,13,43,93,84,9
"2011","E00005227","E00005227","Total",138,25,8,17,113,93,20
"2011","E00005228","E00005228","Total",138,23,5,18,115,99,16
"2011","E00005524","E00005524","Total",131,45,11,34,86,79,7
"2011","E00005527","E00005527","Total",232,44,12,32,188,161,27
"2011","E00005530","E00005530","Total",165,44,16,28,121,107,14
"2011","E00005531","E00005531","Total",205,66,31,35,139,124,15
"2011","E00005532","E00005532","Total",141,30,9,21,111,96,15
"2011","E00005523","E00005523","Total",144,30,8,22,114,100,14
"2011","E00005529","E00005529","Total",68,21,5,16,47,43,4
"2011","E00005564","E00005564","Total",166,55,14,41,111,91,20
"2011","E00005565","E00005565","Total",105,33,17,16,72,56,16
"2011","E00005567","E00005567","Total",181,47,18,29,134,114,20
"2011","E00005571","E00005571","Total",89,31,4,27,58,55,3
"2011","E00004928","E00004928","Total",207,59,18,41,148,123,25
"2011","E00004937","E00004937","Total",193,58,16,42,135,113,22
"2011","E00004940","E00004940","Total",181,43,16,27,138,115,23
"2011","E00004941","E00004941","Total",166,52,18,34,114,90,24
"2011","E00004936","E00004936","Total",220,59,14,45,161,140,21
"2011","E00004938","E00004938","Total",150,26,10,16,124,96,28
"2011","E00004939","E00004939","Total",163,39,14,25,124,102,22
"2011","E00004942","E00004942","Total",185,39,11,28,146,110,36
"2011","E00004943","E00004943","Total",149,40,11,29,109,81,28
"2011","E00004914","E00004914","Total",171,49,16,33,122,106,16
"2011","E00004931","E00004931","Total",189,46,18,28,143,120,23
"2011","E00004932","E00004932","Total",186,47,14,33,139,121,18
"2011","E00004935","E00004935","Total",232,63,20,43,169,147,22
"2011","E00004926","E00004926","Total",175,50,14,36,125,108,17
"2011","E00004929","E00004929","Total",110,37,11,26,73,60,13
"2011","E00004930","E00004930","Total",154,36,10,26,118,92,26
"2011","E00004933","E00004933","Total",185,49,12,37,136,122,14
"2011","E00004934","E00004934","Total",210,60,18,42,150,121,29
"2011","E00004889","E00004889","Total",182,28,9,19,154,135,19
"2011","E00004902","E00004902","Total",167,26,13,13,141,115,26
"2011","E00004903","E00004903","Total",70,12,3,9,58,50,8
"2011","E00004905","E00004905","Total",191,34,7,27,157,140,17
"2011","E00004910","E00004910","Total",154,30,10,20,124,104,20
"2011","E00004911","E00004911","Total",171,33,17,16,138,111,27
"2011","E00004873","E00004873","Total",162,29,4,25,133,118,15
"2011","E00004876","E00004876","Total",160,28,9,19,132,104,28
"2011","E00004881","E00004881","Total",49,11,6,5,38,32,6
"2011","E00004885","E00004885","Total",177,40,18,22,137,117,20
"2011","E00004888","E00004888","Total",98,21,7,14,77,60,17
"2011","E00004892","E00004892","Total",192,48,13,35,144,120,24
"2011","E00004894","E00004894","Total",147,29,12,17,118,93,25
"2011","E00004886","E00004886","Total",158,34,10,24,124,109,15
"2011","E00004887","E00004887","Total",123,29,8,21,94,75,19
"2011","E00004891","E00004891","Total",96,31,5,26,65,55,10
"2011","E00004893","E00004893","Total",56,16,2,14,40,38,2
"2011","E00004897","E00004897","Total",171,37,11,26,134,118,16
"2011","E00004899","E00004899","Total",141,18,5,13,123,112,11
"2011","E00004904","E00004904","Total",137,28,10,18,109,92,17
"2011","E00004861","E00004861","Total",133,16,2,14,117,101,16
"2011","E00004895","E00004895","Total",130,25,7,18,105,92,13
"2011","E00004900","E00004900","Total",189,28,5,23,161,134,27
"2011","E00004901","E00004901","Total",175,24,12,12,151,129,22
"2011","E00004907","E00004907","Total",195,27,6,21,168,145,23
"2011","E00004912","E00004912","Total",209,28,10,18,181,154,27
"2011","E00004890","E00004890","Total",106,22,9,13,84,66,18
"2011","E00004896","E00004896","Total",165,28,16,12,137,111,26
"2011","E00004898","E00004898","Total",173,36,8,28,137,113,24
"2011","E00004906","E00004906","Total",170,24,8,16,146,130,16
"2011","E00004908","E00004908","Total",195,37,8,29,158,127,31
"2011","E00004909","E00004909","Total",216,35,15,20,181,157,24
"2011","E00004857","E00004857","Total",196,48,10,38,148,137,11
"2011","E00004858","E00004858","Total",86,30,11,19,56,49,7
"2011","E00004859","E00004859","Total",211,39,16,23,172,150,22
"2011","E00004860","E00004860","Total",94,16,5,11,78,70,8
"2011","E00004872","E00004872","Total",151,30,15,15,121,99,22
"2011","E00004880","E00004880","Total",123,25,12,13,98,87,11
"2011","E00005190","E00005190","Total",121,16,3,13,105,84,21
"2011","E00005192","E00005192","Total",136,26,8,18,110,89,21
"2011","E00005194","E00005194","Total",163,25,14,11,138,115,23
"2011","E00005205","E00005205","Total",164,40,17,23,124,100,24
"2011","E00005211","E00005211","Total",119,21,7,14,98,79,19
"2011","E00005218","E00005218","Total",139,21,6,15,118,93,25
"2011","E00005219","E00005219","Total",112,28,12,16,84,71,13
"2011","E00005187","E00005187","Total",108,26,9,17,82,63,19
"2011","E00005188","E00005188","Total",114,22,6,16,92,78,14
"2011","E00005200","E00005200","Total",133,23,8,15,110,94,16
"2011","E00005203","E00005203","Total",136,23,12,11,113,100,13
"2011","E00005236","E00005236","Total",148,31,10,21,117,104,13
"2011","E00005241","E00005241","Total",155,24,11,13,131,114,17
"2011","E00005242","E00005242","Total",130,17,9,8,113,91,22
"2011","E00005198","E00005198","Total",111,18,4,14,93,71,22
"2011","E00005212","E00005212","Total",128,28,11,17,100,74,26
"2011","E00005229","E00005229","Total",152,42,15,27,110,75,35
"2011","E00005230","E00005230","Total",108,38,17,21,70,47,23
"2011","E00005238","E00005238","Total",157,39,21,18,118,85,33
"2011","E00005199","E00005199","Total",79,29,14,15,50,38,12
"2011","E00005231","E00005231","Total",146,12,3,9,134,114,20
"2011","E00005232","E00005232","Total",112,21,9,12,91,72,19
"2011","E00005234","E00005234","Total",146,19,8,11,127,104,23
"2011","E00005235","E00005235","Total",53,16,8,8,37,34,3
"2011","E00005237","E00005237","Total",148,27,13,14,121,104,17
"2011","E00005239","E00005239","Total",38,4,2,2,34,26,8
"2011","E00005011","E00005011","Total",182,63,21,42,119,107,12
"2011","E00005036","E00005036","Total",136,40,11,29,96,83,13
"2011","E00174932","E00174932","Total",188,40,10,30,148,129,19
"2011","E00174933","E00174933","Total",127,22,4,18,105,91,14
"2011","E00174934","E00174934","Total",104,31,7,24,73,63,10
"2011","E00174935","E00174935","Total",151,41,11,30,110,94,16
"2011","E00174936","E00174936","Total",306,43,19,24,263,218,45
"2011","E00174937","E00174937","Total",147,40,4,36,107,101,6
"2011","E00005202","E00005202","Total",176,63,11,52,113,98,15
"2011","E00005208","E00005208","Total",138,24,5,19,114,98,16
"2011","E00005209","E00005209","Total",197,32,4,28,165,136,29
"2011","E00005210","E00005210","Total",122,38,14,24,84,70,14
"2011","E00005243","E00005243","Total",226,28,8,20,198,158,40
"2011","E00005244","E00005244","Total",121,34,16,18,87,73,14
"2011","E00005850","E00005850","Total",228,35,10,25,193,167,26
"2011","E00005852","E00005852","Total",182,42,10,32,140,123,17
"2011","E00005853","E00005853","Total",173,51,20,31,122,105,17
"2011","E00005856","E00005856","Total",151,44,15,29,107,85,22
"2011","E00005859","E00005859","Total",175,43,10,33,132,115,17
"2011","E00005825","E00005825","Total",201,45,11,34,156,131,25
"2011","E00005849","E00005849","Total",157,43,16,27,114,100,14
"2011","E00005851","E00005851","Total",190,50,13,37,140,119,21
"2011","E00005854","E00005854","Total",177,38,11,27,139,123,16
"2011","E00005858","E00005858","Total",51,21,6,15,30,27,3
"2011","E00005860","E00005860","Total",89,42,11,31,47,42,5
"2011","E00005812","E00005812","Total",191,48,20,28,143,120,23
"2011","E00005813","E00005813","Total",203,54,15,39,149,129,20
"2011","E00005821","E00005821","Total",179,32,10,22,147,119,28
"2011","E00005855","E00005855","Total",178,36,15,21,142,120,22
"2011","E00005857","E00005857","Total",174,36,10,26,138,112,26
"2011","E00005629","E00005629","Total",166,55,22,33,111,91,20
"2011","E00005630","E00005630","Total",196,68,27,41,128,109,19
"2011","E00005632","E00005632","Total",142,41,16,25,101,89,12
"2011","E00005637","E00005637","Total",158,50,22,28,108,93,15
"2011","E00005642","E00005642","Total",171,56,20,36,115,93,22
"2011","E00005633","E00005633","Total",159,56,18,38,103,85,18
"2011","E00005635","E00005635","Total",104,40,9,31,64,60,4
"2011","E00005636","E00005636","Total",102,29,8,21,73,70,3
"2011","E00005639","E00005639","Total",109,46,12,34,63,58,5
"2011","E00005640","E00005640","Total",128,33,14,19,95,82,13
"2011","E00005609","E00005609","Total",123,49,13,36,74,66,8
"2011","E00005638","E00005638","Total",94,41,12,29,53,49,4
"2011","E00005641","E00005641","Total",91,34,10,24,57,53,4
"2011","E00005643","E00005643","Total",116,48,15,33,68,60,8
"2011","E00005644","E00005644","Total",134,61,18,43,73,65,8
"2011","E00005617","E00005617","Total",176,45,18,27,131,117,14
"2011","E00005619","E00005619","Total",210,51,14,37,159,134,25
"2011","E00005620","E00005620","Total",178,58,16,42,120,102,18
"2011","E00005624","E00005624","Total",120,46,16,30,74,55,19
"2011","E00005625","E00005625","Total",176,47,18,29,129,111,18
"2011","E00005278","E00005278","Total",124,34,11,23,90,65,25
"2011","E00005287","E00005287","Total",164,50,14,36,114,82,32
"2011","E00005288","E00005288","Total",158,48,18,30,110,97,13
"2011","E00005289","E00005289","Total",147,38,19,19,109,86,23
"2011","E00005296","E00005296","Total",178,61,33,28,117,96,21
"2011","E00005290","E00005290","Total",159,37,10,27,122,96,26
"2011","E00005291","E00005291","Total",187,61,23,38,126,97,29
"2011","E00005292","E00005292","Total",148,40,12,28,108,92,16
"2011","E00005293","E00005293","Total",132,34,10,24,98,81,17
"2011","E00005294","E00005294","Total",184,50,24,26,134,107,27
"2011","E00005295","E00005295","Total",158,45,18,27,113,85,28
"2011","E00005297","E00005297","Total",143,52,20,32,91,58,33
"2011","E00005298","E00005298","Total",169,51,20,31,118,94,24
"2011","E00005300","E00005300","Total",153,38,10,28,115,91,24
"2011","E00005301","E00005301","Total",125,39,11,28,86,73,13
"2011","E00005626","E00005626","Total",183,52,18,34,131,108,23
"2011","E00005628","E00005628","Total",175,57,23,34,118,91,27
"2011","E00005631","E00005631","Total",208,54,16,38,154,114,40
"2011","E00005634","E00005634","Total",211,57,17,40,154,125,29
"2011","E00005614","E00005614","Total",151,41,19,22,110,88,22
"2011","E00005618","E00005618","Total",79,17,5,12,62,55,7
"2011","E00005621","E00005621","Total",65,19,5,14,46,38,8
"2011","E00005622","E00005622","Total",169,45,14,31,124,102,22
"2011","E00005627","E00005627","Total",137,43,19,24,94,76,18
"2011","E00005653","E00005653","Total",71,21,8,13,50,42,8
"2011","E00005134","E00005134","Total",160,41,12,29,119,104,15
"2011","E00005140","E00005140","Total",166,27,12,15,139,125,14
"2011","E00005141","E00005141","Total",151,21,9,12,130,113,17
"2011","E00005144","E00005144","Total",190,23,12,11,167,141,26
"2011","E00005146","E00005146","Total",173,29,11,18,144,121,23
"2011","E00005147","E00005147","Total",196,27,9,18,169,146,23
"2011","E00005206","E00005206","Total",345,64,18,46,281,235,46
"2011","E00005213","E00005213","Total",165,30,8,22,135,102,33
"2011","E00005214","E00005214","Total",249,53,16,37,196,162,34
"2011","E00005215","E00005215","Total",140,23,8,15,117,103,14
"2011","E00005216","E00005216","Total",139,33,11,22,106,96,10
"2011","E00174938","E00174938","Total",99,19,5,14,80,68,12
"2011","E00174939","E00174939","Total",222,31,8,23,191,157,34
"2011","E00174945","E00174945","Total",125,25,8,17,100,87,13
"2011","E00005189","E00005189","Total",106,16,5,11,90,76,14
"2011","E00005191","E00005191","Total",197,22,8,14,175,152,23
"2011","E00005197","E00005197","Total",166,27,5,22,139,115,24
"2011","E00005201","E00005201","Total",155,37,18,19,118,94,24
"2011","E00005233","E00005233","Total",154,24,5,19,130,115,15
"2011","E00005240","E00005240","Total",235,49,12,37,186,156,30
"2011","E00005193","E00005193","Total",104,13,8,5,91,75,16
"2011","E00005204","E00005204","Total",123,22,9,13,101,76,25
"2011","E00005217","E00005217","Total",161,37,6,31,124,106,18
"2011","E00005220","E00005220","Total",171,30,6,24,141,118,23
"2011","E00005221","E00005221","Total",115,17,6,11,98,85,13
"2011","E00005222","E00005222","Total",176,21,6,15,155,147,8
"2011","E00005223","E00005223","Total",137,31,10,21,106,90,16
"2011","E00005814","E00005814","Total",211,47,13,34,164,126,38
"2011","E00005826","E00005826","Total",151,32,12,20,119,102,17
"2011","E00005831","E00005831","Total",178,30,6,24,148,133,15
"2011","E00005832","E00005832","Total",134,22,3,19,112,87,25
"2011","E00005834","E00005834","Total",164,33,11,22,131,109,22
"2011","E00005838","E00005838","Total",207,39,12,27,168,145,23
"2011","E00005823","E00005823","Total",213,62,23,39,151,136,15
"2011","E00005824","E00005824","Total",176,45,16,29,131,111,20
"2011","E00005827","E00005827","Total",174,39,13,26,135,107,28
"2011","E00005833","E00005833","Total",132,34,10,24,98,86,12
"2011","E00174949","E00174949","Total",143,32,9,23,111,98,13
"2011","E00174950","E00174950","Total",153,35,10,25,118,93,25
"2011","E00174958","E00174958","Total",97,28,6,22,69,57,12
"2011","E00005819","E00005819","Total",146,55,21,34,91,83,8
"2011","E00005830","E00005830","Total",124,35,9,26,89,82,7
"2011","E00005835","E00005835","Total",141,49,16,33,92,78,14
"2011","E00005837","E00005837","Total",122,40,8,32,82,75,7
"2011","E00005840","E00005840","Total",167,44,15,29,123,107,16
"2011","E00005816","E00005816","Total",146,35,10,25,111,92,19
"2011","E00005817","E00005817","Total",169,60,20,40,109,94,15
"2011","E00005822","E00005822","Total",98,26,10,16,72,63,9
"2011","E00005828","E00005828","Total",90,39,2,37,51,41,10
"2011","E00005829","E00005829","Total",164,32,12,20,132,109,23
"2011","E00005818","E00005818","Total",138,37,11,26,101,93,8
"2011","E00005836","E00005836","Total",111,27,8,19,84,75,9
"2011","E00005839","E00005839","Total",73,21,8,13,52,40,12
"2011","E00005841","E00005841","Total",95,33,10,23,62,51,11
"2011","E00005842","E00005842","Total",109,30,6,24,79,63,16
"2011","E00005843","E00005843","Total",128,43,14,29,85,73,12
"2011","E00005820","E00005820","Total",165,25,10,15,140,113,27
"2011","E00005844","E00005844","Total",239,67,22,45,172,156,16
"2011","E00005845","E00005845","Total",185,52,13,39,133,112,21
"2011","E00005846","E00005846","Total",144,31,11,20,113,97,16
"2011","E00005848","E00005848","Total",150,40,13,27,110,85,25
"2011","E00174947","E00174947","Total",122,40,14,26,82,72,10
"2011","E00174948","E00174948","Total",143,35,10,25,108,87,21
"2011","E00174951","E00174951","Total",128,30,12,18,98,86,12
"2011","E00005142","E00005142","Total",115,23,8,15,92,78,14
"2011","E00005143","E00005143","Total",141,37,16,21,104,79,25
"2011","E00005145","E00005145","Total",112,36,15,21,76,57,19
"2011","E00005154","E00005154","Total",207,53,25,28,154,120,34
"2011","E00005156","E00005156","Total",162,43,20,23,119,88,31
"2011","E00005135","E00005135","Total",92,32,4,28,60,51,9
"2011","E00005137","E00005137","Total",205,37,11,26,168,144,24
"2011","E00005148","E00005148","Total",138,29,8,21,109,90,19
"2011","E00005153","E00005153","Total",191,42,7,35,149,129,20
"2011","E00005155","E00005155","Total",147,26,12,14,121,108,13
"2011","E00005136","E00005136","Total",248,37,5,32,211,177,34
"2011","E00005149","E00005149","Total",172,17,3,14,155,135,20
"2011","E00005150","E00005150","Total",178,24,3,21,154,128,26
"2011","E00005151","E00005151","Total",198,25,5,20,173,143,30
"2011","E00005152","E00005152","Total",181,24,12,12,157,129,28
"2011","E00005158","E00005158","Total",143,34,14,20,109,94,15
"2011","E00005138","E00005138","Total",177,36,15,21,141,119,22
"2011","E00005161","E00005161","Total",112,26,13,13,86,67,19
"2011","E00005166","E00005166","Total",195,50,13,37,145,113,32
"2011","E00005170","E00005170","Total",145,33,12,21,112,95,17
"2011","E00005176","E00005176","Total",140,35,14,21,105,81,24
"2011","E00005157","E00005157","Total",179,37,7,30,142,125,17
"2011","E00005159","E00005159","Total",142,27,8,19,115,99,16
"2011","E00005162","E00005162","Total",158,36,7,29,122,97,25
"2011","E00005163","E00005163","Total",157,32,7,25,125,102,23
"2011","E00005165","E00005165","Total",178,37,12,25,141,116,25
"2011","E00005174","E00005174","Total",146,26,11,15,120,104,16
"2011","E00005269","E00005269","Total",127,52,9,43,75,69,6
"2011","E00005272","E00005272","Total",166,67,22,45,99,84,15
"2011","E00005273","E00005273","Total",160,49,11,38,111,94,17
"2011","E00005274","E00005274","Total",49,18,1,17,31,27,4
"2011","E00005275","E00005275","Total",43,22,8,14,21,17,4
"2011","E00005265","E00005265","Total",133,47,7,40,86,79,7
"2011","E00005266","E00005266","Total",121,42,12,30,79,67,12
"2011","E00005267","E00005267","Total",114,40,9,31,74,68,6
"2011","E00005268","E00005268","Total",126,57,12,45,69,54,15
"2011","E00005248","E00005248","Total",149,48,11,37,101,89,12
"2011","E00005250","E00005250","Total",124,44,16,28,80,67,13
"2011","E00005251","E00005251","Total",112,32,8,24,80,69,11
"2011","E00005264","E00005264","Total",122,42,13,29,80,70,10
"2011","E00005277","E00005277","Total",139,43,13,30,96,85,11
"2011","E00005247","E00005247","Total",109,40,12,28,69,55,14
"2011","E00005252","E00005252","Total",122,56,17,39,66,61,5
"2011","E00005253","E00005253","Total",133,45,13,32,88,78,10
"2011","E00005256","E00005256","Total",102,45,11,34,57,49,8
"2011","E00005257","E00005257","Total",92,34,12,22,58,52,6
"2011","E00005255","E00005255","Total",107,48,12,36,59,55,4
"2011","E00005258","E00005258","Total",104,44,9,35,60,57,3
"2011","E00005259","E00005259","Total",110,41,17,24,69,54,15
"2011","E00005261","E00005261","Total",93,37,8,29,56,51,5
"2011","E00005262","E00005262","Total",102,41,8,33,61,48,13
"2011","E00005132","E00005132","Total",209,53,18,35,156,116,40
"2011","E00005172","E00005172","Total",94,19,9,10,75,63,12
"2011","E00005177","E00005177","Total",129,20,5,15,109,89,20
"2011","E00005178","E00005178","Total",140,21,5,16,119,101,18
"2011","E00005181","E00005181","Total",146,30,10,20,116,102,14
"2011","E00005182","E00005182","Total",113,22,4,18,91,74,17
"2011","E00005133","E00005133","Total",273,52,16,36,221,180,41
"2011","E00005167","E00005167","Total",162,33,14,19,129,105,24
"2011","E00005175","E00005175","Total",144,29,8,21,115,99,16
"2011","E00005179","E00005179","Total",181,36,12,24,145,125,20
"2011","E00005184","E00005184","Total",127,27,10,17,100,77,23
"2011","E00005160","E00005160","Total",148,41,20,21,107,84,23
"2011","E00005164","E00005164","Total",181,38,14,24,143,114,29
"2011","E00005168","E00005168","Total",99,19,6,13,80,67,13
"2011","E00005169","E00005169","Total",130,25,9,16,105,86,19
"2011","E00005171","E00005171","Total",168,41,10,31,127,100,27
"2011","E00005173","E00005173","Total",138,34,8,26,104,86,18
"2011","E00005442","E00005442","Total",192,36,11,25,156,131,25
"2011","E00005450","E00005450","Total",163,36,12,24,127,104,23
"2011","E00005456","E00005456","Total",144,38,10,28,106,91,15
"2011","E00005461","E00005461","Total",148,34,8,26,114,94,20
"2011","E00005480","E00005480","Total",165,47,11,36,118,92,26
"2011","E00005440","E00005440","Total",166,44,11,33,122,101,21
"2011","E00005446","E00005446","Total",181,33,14,19,148,120,28
"2011","E00005447","E00005447","Total",165,36,11,25,129,114,15
"2011","E00005448","E00005448","Total",155,34,11,23,121,102,19
"2011","E00005449","E00005449","Total",127,26,8,18,101,78,23
"2011","E00005246","E00005246","Total",145,45,7,38,100,88,12
"2011","E00005254","E00005254","Total",156,43,10,33,113,93,20
"2011","E00005260","E00005260","Total",180,53,15,38,127,110,17
"2011","E00005263","E00005263","Total",152,40,9,31,112,107,5
"2011","E00005245","E00005245","Total",113,27,7,20,86,75,11
"2011","E00005249","E00005249","Total",161,43,12,31,118,100,18
"2011","E00005270","E00005270","Total",143,55,23,32,88,74,14
"2011","E00005271","E00005271","Total",91,26,6,20,65,53,12
"2011","E00005276","E00005276","Total",123,30,7,23,93,85,8
"2011","E00005367","E00005367","Total",188,44,16,28,144,119,25
"2011","E00005392","E00005392","Total",191,59,24,35,132,106,26
"2011","E00005393","E00005393","Total",165,51,12,39,114,97,17
"2011","E00005394","E00005394","Total",174,55,20,35,119,101,18
"2011","E00005368","E00005368","Total",117,41,9,32,76,64,12
"2011","E00005374","E00005374","Total",157,64,26,38,93,87,6
"2011","E00005376","E00005376","Total",132,48,16,32,84,77,7
"2011","E00005390","E00005390","Total",188,50,17,33,138,119,19
"2011","E00005366","E00005366","Total",152,53,17,36,99,93,6
"2011","E00005389","E00005389","Total",171,50,14,36,121,111,10
"2011","E00005391","E00005391","Total",180,58,13,45,122,103,19
"2011","E00005395","E00005395","Total",171,53,18,35,118,95,23
"2011","E00005588","E00005588","Total",156,39,15,24,117,96,21
"2011","E00005589","E00005589","Total",188,57,22,35,131,102,29
"2011","E00005604","E00005604","Total",164,46,18,28,118,104,14
"2011","E00005608","E00005608","Total",177,49,19,30,128,112,16
"2011","E00005594","E00005594","Total",191,44,14,30,147,100,47
"2011","E00005595","E00005595","Total",234,60,22,38,174,132,42
"2011","E00005596","E00005596","Total",210,45,19,26,165,124,41
"2011","E00005600","E00005600","Total",189,56,28,28,133,104,29
"2011","E00005593","E00005593","Total",143,46,20,26,97,77,20
"2011","E00005597","E00005597","Total",115,25,7,18,90,68,22
"2011","E00005598","E00005598","Total",133,31,10,21,102,80,22
"2011","E00005599","E00005599","Total",154,47,15,32,107,88,19
"2011","E00005602","E00005602","Total",163,50,21,29,113,101,12
"2011","E00005575","E00005575","Total",126,43,21,22,83,70,13
"2011","E00005581","E00005581","Total",182,64,25,39,118,92,26
"2011","E00005583","E00005583","Total",192,62,23,39,130,102,28
"2011","E00005584","E00005584","Total",115,37,16,21,78,61,17
"2011","E00005601","E00005601","Total",157,58,23,35,99,79,20
"2011","E00005582","E00005582","Total",158,45,21,24,113,91,22
"2011","E00005587","E00005587","Total",147,39,9,30,108,88,20
"2011","E00005603","E00005603","Total",192,54,20,34,138,110,28
"2011","E00005606","E00005606","Total",174,48,12,36,126,104,22
"2011","E00005607","E00005607","Total",166,47,15,32,119,97,22
"2011","E00005311","E00005311","Total",162,51,11,40,111,84,27
"2011","E00005315","E00005315","Total",173,38,16,22,135,114,21
"2011","E00005316","E00005316","Total",152,46,18,28,106,89,17
"2011","E00005321","E00005321","Total",173,56,19,37,117,95,22
"2011","E00005284","E00005284","Total",136,35,13,22,101,89,12
"2011","E00005317","E00005317","Total",159,37,5,32,122,100,22
"2011","E00005318","E00005318","Total",145,30,9,21,115,97,18
"2011","E00005319","E00005319","Total",168,57,17,40,111,93,18
"2011","E00005320","E00005320","Total",162,24,3,21,138,126,12
"2011","E00005280","E00005280","Total",166,44,19,25,122,107,15
"2011","E00005282","E00005282","Total",186,52,14,38,134,116,18
"2011","E00005283","E00005283","Total",156,44,11,33,112,91,21
"2011","E00005285","E00005285","Total",170,44,18,26,126,105,21
"2011","E00005286","E00005286","Total",156,21,5,16,135,107,28
"2011","E00005307","E00005307","Total",182,42,13,29,140,123,17
"2011","E00005308","E00005308","Total",150,41,14,27,109,95,14
"2011","E00005309","E00005309","Total",124,43,9,34,81,68,13
"2011","E00005312","E00005312","Total",160,32,11,21,128,109,19
"2011","E00005314","E00005314","Total",160,29,6,23,131,116,15
"2011","E00005299","E00005299","Total",175,51,19,32,124,103,21
"2011","E00005302","E00005302","Total",150,33,11,22,117,92,25
"2011","E00005303","E00005303","Total",118,13,4,9,105,91,14
"2011","E00005304","E00005304","Total",180,49,17,32,131,104,27
"2011","E00005310","E00005310","Total",114,20,2,18,94,86,8
"2011","E00005279","E00005279","Total",82,29,5,24,53,43,10
"2011","E00005281","E00005281","Total",125,43,17,26,82,72,10
"2011","E00005305","E00005305","Total",82,24,3,21,58,47,11
"2011","E00005306","E00005306","Total",129,40,11,29,89,78,11
"2011","E00005313","E00005313","Total",107,36,10,26,71,59,12
"2011","E00005576","E00005576","Total",196,59,27,32,137,114,23
"2011","E00005577","E00005577","Total",212,60,12,48,152,125,27
"2011","E00005578","E00005578","Total",224,58,21,37,166,142,24
"2011","E00005579","E00005579","Total",199,68,24,44,131,118,13
"2011","E00005573","E00005573","Total",156,40,12,28,116,96,20
"2011","E00005574","E00005574","Total",126,30,11,19,96,79,17
"2011","E00005585","E00005585","Total",163,47,14,33,116,97,19
"2011","E00005586","E00005586","Total",170,46,23,23,124,105,19
"2011","E00005605","E00005605","Total",118,28,11,17,90,74,16
"2011","E00005139","E00005139","Total",155,48,24,24,107,77,30
"2011","E00005180","E00005180","Total",200,60,26,34,140,102,38
"2011","E00005183","E00005183","Total",104,33,8,25,71,53,18
"2011","E00005185","E00005185","Total",88,27,11,16,61,47,14
"2011","E00005186","E00005186","Total",111,39,15,24,72,57,15
"2011","E00005488","E00005488","Total",185,64,25,39,121,101,20
"2011","E00005514","E00005514","Total",154,40,17,23,114,86,28
"2011","E00005515","E00005515","Total",208,62,27,35,146,110,36
"2011","E00005516","E00005516","Total",173,51,17,34,122,93,29
"2011","E00005485","E00005485","Total",165,44,16,28,121,93,28
"2011","E00005490","E00005490","Total",102,23,6,17,79,61,18
"2011","E00005510","E00005510","Total",96,16,9,7,80,60,20
"2011","E00005517","E00005517","Total",134,42,15,27,92,64,28
"2011","E00005518","E00005518","Total",160,52,18,34,108,83,25
"2011","E00005481","E00005481","Total",163,23,7,16,140,118,22
"2011","E00005506","E00005506","Total",143,29,14,15,114,87,27
"2011","E00005507","E00005507","Total",174,54,18,36,120,76,44
"2011","E00005508","E00005508","Total",155,40,14,26,115,89,26
"2011","E00005511","E00005511","Total",169,45,19,26,124,96,28
"2011","E00005482","E00005482","Total",146,49,16,33,97,73,24
"2011","E00005483","E00005483","Total",182,49,21,28,133,96,37
"2011","E00005509","E00005509","Total",189,51,16,35,138,101,37
"2011","E00005512","E00005512","Total",153,47,21,26,106,78,28
"2011","E00005513","E00005513","Total",167,48,16,32,119,84,35
"2011","E00005365","E00005365","Total",93,33,7,26,60,46,14
"2011","E00005369","E00005369","Total",152,49,12,37,103,87,16
"2011","E00005370","E00005370","Total",134,44,13,31,90,83,7
"2011","E00005378","E00005378","Total",135,46,16,30,89,73,16
"2011","E00005380","E00005380","Total",128,33,6,27,95,77,18
"2011","E00005372","E00005372","Total",96,36,11,25,60,55,5
"2011","E00005373","E00005373","Total",151,39,10,29,112,99,13
"2011","E00005375","E00005375","Total",115,38,9,29,77,68,9
"2011","E00005383","E00005383","Total",188,62,27,35,126,116,10
"2011","E00005384","E00005384","Total",118,37,6,31,81,67,14
"2011","E00005371","E00005371","Total",88,33,15,18,55,50,5
"2011","E00005377","E00005377","Total",112,50,19,31,62,57,5
"2011","E00005379","E00005379","Total",127,42,12,30,85,74,11
"2011","E00005382","E00005382","Total",84,42,12,30,42,40,2
"2011","E00005387","E00005387","Total",125,37,12,25,88,76,12
"2011","E00005381","E00005381","Total",139,44,14,30,95,76,19
"2011","E00005385","E00005385","Total",148,34,13,21,114,105,9
"2011","E00005386","E00005386","Total",122,36,14,22,86,73,13
"2011","E00005388","E00005388","Total",137,55,22,33,82,69,13
"2011","E00005322","E00005322","Total",142,24,9,15,118,89,29
"2011","E00005323","E00005323","Total",185,51,16,35,134,106,28
"2011","E00005333","E00005333","Total",141,18,3,15,123,101,22
"2011","E00005340","E00005340","Total",147,36,6,30,111,98,13
"2011","E00005341","E00005341","Total",156,37,12,25,119,102,17
"2011","E00005453","E00005453","Total",132,35,12,23,97,68,29
"2011","E00005455","E00005455","Total",212,53,21,32,159,125,34
"2011","E00005458","E00005458","Total",209,52,18,34,157,124,33
"2011","E00005464","E00005464","Total",183,33,11,22,150,121,29
"2011","E00005444","E00005444","Total",218,66,21,45,152,132,20
"2011","E00005445","E00005445","Total",159,32,8,24,127,114,13
"2011","E00005451","E00005451","Total",171,44,10,34,127,109,18
"2011","E00005452","E00005452","Total",133,36,14,22,97,73,24
"2011","E00005465","E00005465","Total",173,35,7,28,138,113,25
"2011","E00005441","E00005441","Total",196,55,18,37,141,115,26
"2011","E00005459","E00005459","Total",180,54,18,36,126,94,32
"2011","E00005462","E00005462","Total",232,64,25,39,168,130,38
"2011","E00005463","E00005463","Total",163,44,13,31,119,84,35
"2011","E00005466","E00005466","Total",100,15,2,13,85,62,23
"2011","E00005468","E00005468","Total",294,58,21,37,236,205,31
"2011","E00005473","E00005473","Total",155,35,15,20,120,100,20
"2011","E00005474","E00005474","Total",196,44,16,28,152,121,31
"2011","E00005475","E00005475","Total",123,22,9,13,101,80,21
"2011","E00174946","E00174946","Total",50,11,5,6,39,35,4
"2011","E00174955","E00174955","Total",108,12,6,6,96,83,13
"2011","E00174956","E00174956","Total",118,18,5,13,100,83,17
"2011","E00005469","E00005469","Total",196,49,20,29,147,120,27
"2011","E00005470","E00005470","Total",165,44,15,29,121,97,24
"2011","E00005471","E00005471","Total",195,55,25,30,140,107,33
"2011","E00005472","E00005472","Total",179,50,23,27,129,94,35
"2011","E00005094","E00005094","Total",261,75,34,41,186,123,63
"2011","E00005119","E00005119","Total",171,46,21,25,125,84,41
"2011","E00005120","E00005120","Total",165,35,12,23,130,98,32
"2011","E00005123","E00005123","Total",189,66,37,29,123,90,33
"2011","E00005115","E00005115","Total",226,67,29,38,159,111,48
"2011","E00005116","E00005116","Total",210,62,26,36,148,93,55
"2011","E00005117","E00005117","Total",182,40,15,25,142,112,30
"2011","E00005118","E00005118","Total",177,52,15,37,125,93,32
"2011","E00005121","E00005121","Total",199,62,26,36,137,97,40
"2011","E00005122","E00005122","Total",177,63,28,35,114,76,38
"2011","E00005124","E00005124","Total",162,49,20,29,113,92,21
"2011","E00005125","E00005125","Total",163,35,14,21,128,100,28
"2011","E00005098","E00005098","Total",170,51,22,29,119,92,27
"2011","E00005126","E00005126","Total",168,49,13,36,119,89,30
"2011","E00005128","E00005128","Total",238,67,29,38,171,132,39
"2011","E00005129","E00005129","Total",179,40,13,27,139,113,26
"2011","E00005443","E00005443","Total",191,51,18,33,140,91,49
"2011","E00005454","E00005454","Total",160,45,21,24,115,72,43
"2011","E00005457","E00005457","Total",208,60,29,31,148,109,39
"2011","E00005467","E00005467","Total",171,50,21,29,121,79,42
"2011","E00005486","E00005486","Total",119,38,13,25,81,66,15
"2011","E00005487","E00005487","Total",141,51,15,36,90,70,20
"2011","E00005491","E00005491","Total",164,55,24,31,109,88,21
"2011","E00005496","E00005496","Total",144,44,17,27,100,76,24
"2011","E00005497","E00005497","Total",173,56,26,30,117,87,30
"2011","E00005492","E00005492","Total",156,48,13,35,108,93,15
"2011","E00005499","E00005499","Total",136,40,16,24,96,81,15
"2011","E00005501","E00005501","Total",175,56,16,40,119,100,19
"2011","E00005502","E00005502","Total",149,45,18,27,104,93,11
"2011","E00005503","E00005503","Total",184,56,16,40,128,107,21
"2011","E00005484","E00005484","Total",212,57,22,35,155,138,17
"2011","E00005500","E00005500","Total",175,46,18,28,129,107,22
"2011","E00005504","E00005504","Total",198,44,10,34,154,133,21
"2011","E00005505","E00005505","Total",129,37,12,25,92,67,25
"2011","E00005580","E00005580","Total",189,59,27,32,130,90,40
"2011","E00005590","E00005590","Total",144,45,16,29,99,77,22
"2011","E00005591","E00005591","Total",149,44,18,26,105,93,12
"2011","E00005592","E00005592","Total",203,67,29,38,136,97,39
"2011","E00005327","E00005327","Total",183,50,19,31,133,109,24
"2011","E00005351","E00005351","Total",178,52,8,44,126,105,21
"2011","E00005355","E00005355","Total",157,38,15,23,119,94,25
"2011","E00005359","E00005359","Total",149,40,17,23,109,85,24
"2011","E00005335","E00005335","Total",128,29,9,20,99,92,7
"2011","E00005336","E00005336","Total",188,54,13,41,134,110,24
"2011","E00005357","E00005357","Total",176,50,18,32,126,102,24
"2011","E00005361","E00005361","Total",109,27,7,20,82,59,23
"2011","E00005362","E00005362","Total",153,42,14,28,111,88,23
"2011","E00005324","E00005324","Total",173,36,10,26,137,118,19
"2011","E00005328","E00005328","Total",165,47,16,31,118,98,20
"2011","E00005343","E00005343","Total",164,38,14,24,126,111,15
"2011","E00005346","E00005346","Total",148,37,12,25,111,89,22
"2011","E00005347","E00005347","Total",131,24,11,13,107,88,19
"2011","E00005476","E00005476","Total",166,58,17,41,108,75,33
"2011","E00005477","E00005477","Total",259,66,33,33,193,154,39
"2011","E00005478","E00005478","Total",126,35,12,23,91,80,11
"2011","E00005479","E00005479","Total",181,38,19,19,143,120,23
"2011","E00005055","E00005055","Total",194,42,18,24,152,123,29
"2011","E00005066","E00005066","Total",136,34,11,23,102,92,10
"2011","E00005069","E00005069","Total",151,30,7,23,121,107,14
"2011","E00005072","E00005072","Total",186,51,25,26,135,95,40
"2011","E00005061","E00005061","Total",179,42,14,28,137,121,16
"2011","E00005063","E00005063","Total",157,44,19,25,113,86,27
"2011","E00005064","E00005064","Total",153,43,17,26,110,97,13
"2011","E00005065","E00005065","Total",168,41,15,26,127,110,17
"2011","E00005067","E00005067","Total",150,46,17,29,104,84,20
"2011","E00005099","E00005099","Total",150,37,8,29,113,102,11
"2011","E00005102","E00005102","Total",122,37,8,29,85,67,18
"2011","E00005127","E00005127","Total",139,26,9,17,113,94,19
"2011","E00005130","E00005130","Total",115,34,5,29,81,68,13
"2011","E00005131","E00005131","Total",145,33,13,20,112,93,19
"2011","E00005349","E00005349","Total",187,62,23,39,125,86,39
"2011","E00005350","E00005350","Total",157,39,9,30,118,98,20
"2011","E00005352","E00005352","Total",159,46,17,29,113,81,32
"2011","E00005354","E00005354","Total",161,32,11,21,129,107,22
"2011","E00005356","E00005356","Total",165,46,13,33,119,92,27
"2011","E00005325","E00005325","Total",178,36,11,25,142,118,24
"2011","E00005326","E00005326","Total",265,49,15,34,216,175,41
"2011","E00005342","E00005342","Total",159,29,12,17,130,108,22
"2011","E00005345","E00005345","Total",250,74,19,55,176,146,30
"2011","E00005348","E00005348","Total",148,31,10,21,117,84,33
"2011","E00005329","E00005329","Total",174,62,22,40,112,92,20
"2011","E00005330","E00005330","Total",190,50,19,31,140,96,44
"2011","E00005344","E00005344","Total",191,38,16,22,153,129,24
"2011","E00005353","E00005353","Total",229,48,14,34,181,149,32
"2011","E00005360","E00005360","Total",172,38,15,23,134,105,29
"2011","E00005337","E00005337","Total",164,49,20,29,115,90,25
"2011","E00005358","E00005358","Total",165,47,19,28,118,95,23
"2011","E00005363","E00005363","Total",156,46,12,34,110,97,13
"2011","E00005364","E00005364","Total",186,54,13,41,132,109,23
"2011","E00174957","E00174957","Total",173,62,23,39,111,97,14
"2011","E00174959","E00174959","Total",175,57,22,35,118,94,24
"2011","E00005331","E00005331","Total",150,41,14,27,109,80,29
"2011","E00005332","E00005332","Total",174,63,23,40,111,76,35
"2011","E00005334","E00005334","Total",161,42,13,29,119,91,28
"2011","E00005339","E00005339","Total",178,45,19,26,133,79,54
"2011","E00005489","E00005489","Total",155,38,10,28,117,88,29
"2011","E00005493","E00005493","Total",174,47,13,34,127,97,30
"2011","E00005494","E00005494","Total",181,54,20,34,127,98,29
"2011","E00005495","E00005495","Total",178,38,11,27,140,111,29
"2011","E00005498","E00005498","Total",188,58,21,37,130,104,26
"2011","E00005057","E00005057","Total",145,36,12,24,109,90,19
"2011","E00005059","E00005059","Total",168,42,14,28,126,97,29
"2011","E00005068","E00005068","Total",166,40,17,23,126,90,36
"2011","E00005070","E00005070","Total",143,44,18,26,99,77,22
"2011","E00005080","E00005080","Total",198,54,15,39,144,109,35
"2011","E00005095","E00005095","Total",197,55,18,37,142,118,24
"2011","E00005100","E00005100","Total",190,60,22,38,130,99,31
"2011","E00005104","E00005104","Total",191,61,15,46,130,111,19
"2011","E00005105","E00005105","Total",159,52,16,36,107,93,14
"2011","E00005101","E00005101","Total",177,44,15,29,133,102,31
"2011","E00005103","E00005103","Total",149,38,16,22,111,95,16
"2011","E00005106","E00005106","Total",160,43,16,27,117,103,14
"2011","E00005107","E00005107","Total",173,56,21,35,117,98,19
"2011","E00005108","E00005108","Total",183,50,15,35,133,111,22
"2011","E00005110","E00005110","Total",150,43,15,28,107,94,13
"2011","E00005111","E00005111","Total",211,67,35,32,144,114,30
"2011","E00005112","E00005112","Total",137,40,10,30,97,81,16
"2011","E00005113","E00005113","Total",213,67,22,45,146,113,33
"2011","E00005096","E00005096","Total",246,75,34,41,171,140,31
"2011","E00005097","E00005097","Total",204,52,21,31,152,108,44
"2011","E00005109","E00005109","Total",190,48,15,33,142,120,22
"2011","E00005114","E00005114","Total",171,45,18,27,126,101,25
"2011","E00005058","E00005058","Total",158,34,8,26,124,105,19
"2011","E00005076","E00005076","Total",116,35,17,18,81,65,16
"2011","E00005079","E00005079","Total",162,28,5,23,134,108,26
"2011","E00005081","E00005081","Total",166,46,14,32,120,105,15
"2011","E00005083","E00005083","Total",197,69,23,46,128,98,30
"2011","E00005056","E00005056","Total",142,47,17,30,95,71,24
"2011","E00005071","E00005071","Total",97,32,16,16,65,52,13
"2011","E00005073","E00005073","Total",170,45,19,26,125,91,34
"2011","E00005074","E00005074","Total",165,56,14,42,109,94,15
"2011","E00005075","E00005075","Total",154,39,9,30,115,100,15
"2011","E00005078","E00005078","Total",173,50,15,35,123,104,19
"2011","E00005084","E00005084","Total",185,50,16,34,135,114,21
"2011","E00005085","E00005085","Total",104,22,4,18,82,63,19
"2011","E00005086","E00005086","Total",153,37,11,26,116,97,19
"2011","E00005088","E00005088","Total",176,52,15,37,124,98,26
"2011","E00005060","E00005060","Total",119,37,9,28,82,59,23
"2011","E00005062","E00005062","Total",96,42,11,31,54,47,7
"2011","E00005077","E00005077","Total",91,32,13,19,59,50,9
"2011","E00005082","E00005082","Total",95,31,12,19,64,56,8
"2011","E00005093","E00005093","Total",96,29,7,22,67,55,12
"2011","E00005087","E00005087","Total",156,49,25,24,107,81,26
"2011","E00005089","E00005089","Total",84,24,10,14,60,51,9
"2011","E00005090","E00005090","Total",148,45,14,31,103,83,20
"2011","E00005091","E00005091","Total",117,34,8,26,83,67,16
"2011","E00005092","E00005092","Total",130,34,9,25,96,82,14
"2011","E00004916","E00004916","Total",143,45,17,28,98,88,10
"2011","E00004917","E00004917","Total",151,43,9,34,108,92,16
"2011","E00004918","E00004918","Total",158,45,18,27,113,101,12
"2011","E00004950","E00004950","Total",115,38,12,26,77,62,15
"2011","E00005915","E00005915","Total",150,40,12,28,110,97,13
"2011","E00005916","E00005916","Total",108,35,16,19,73,59,14
"2011","E00005918","E00005918","Total",113,31,9,22,82,76,6
"2011","E00005924","E00005924","Total",234,63,14,49,171,154,17
"2011","E00005935","E00005935","Total",194,69,21,48,125,111,14
"2011","E00005936","E00005936","Total",152,41,13,28,111,95,16
"2011","E00005937","E00005937","Total",155,48,16,32,107,92,15
"2011","E00005938","E00005938","Total",137,46,11,35,91,79,12
"2011","E00005939","E00005939","Total",140,40,9,31,100,91,9
"2011","E00005948","E00005948","Total",186,44,9,35,142,126,16
"2011","E00005951","E00005951","Total",128,29,8,21,99,88,11
"2011","E00005954","E00005954","Total",128,33,9,24,95,75,20
"2011","E00005957","E00005957","Total",132,29,6,23,103,91,12
"2011","E00005960","E00005960","Total",106,17,5,12,89,80,9
"2011","E00005964","E00005964","Total",131,40,13,27,91,81,10
"2011","E00004944","E00004944","Total",138,56,20,36,82,73,9
"2011","E00004945","E00004945","Total",136,42,17,25,94,87,7
"2011","E00004946","E00004946","Total",121,35,12,23,86,76,10
"2011","E00004953","E00004953","Total",144,49,21,28,95,84,11
"2011","E00165794","E00165794","Total",127,47,9,38,80,70,10
"2011","E00006314","E00006314","Total",299,88,23,65,211,174,37
"2011","E00006343","E00006343","Total",205,62,20,42,143,119,24
"2011","E00006345","E00006345","Total",180,54,15,39,126,102,24
"2011","E00006348","E00006348","Total",166,41,10,31,125,93,32
"2011","E00006349","E00006349","Total",218,73,29,44,145,129,16
"2011","E00006315","E00006315","Total",162,43,17,26,119,105,14
"2011","E00006316","E00006316","Total",209,63,19,44,146,123,23
"2011","E00006344","E00006344","Total",166,60,23,37,106,97,9
"2011","E00006346","E00006346","Total",164,40,13,27,124,105,19
"2011","E00006350","E00006350","Total",212,63,20,43,149,132,17
"2011","E00006521","E00006521","Total",212,50,13,37,162,135,27
"2011","E00006522","E00006522","Total",173,44,23,21,129,101,28
"2011","E00006540","E00006540","Total",211,51,10,41,160,133,27
"2011","E00006542","E00006542","Total",172,51,12,39,121,105,16
"2011","E00006543","E00006543","Total",161,47,7,40,114,92,22
"2011","E00006541","E00006541","Total",181,47,14,33,134,116,18
"2011","E00006545","E00006545","Total",154,37,11,26,117,100,17
"2011","E00006546","E00006546","Total",206,46,21,25,160,141,19
"2011","E00006548","E00006548","Total",179,45,11,34,134,111,23
"2011","E00006549","E00006549","Total",166,39,13,26,127,117,10
"2011","E00006518","E00006518","Total",151,31,8,23,120,104,16
"2011","E00006520","E00006520","Total",202,62,21,41,140,119,21
"2011","E00006550","E00006550","Total",189,35,12,23,154,133,21
"2011","E00006551","E00006551","Total",183,53,18,35,130,111,19
"2011","E00006554","E00006554","Total",179,36,10,26,143,117,26
"2011","E00006517","E00006517","Total",297,83,30,53,214,188,26
"2011","E00006530","E00006530","Total",172,38,17,21,134,105,29
"2011","E00006533","E00006533","Total",173,41,13,28,132,114,18
"2011","E00006535","E00006535","Total",159,40,12,28,119,102,17
"2011","E00006539","E00006539","Total",182,32,9,23,150,126,24
"2011","E00006531","E00006531","Total",176,39,8,31,137,120,17
"2011","E00006534","E00006534","Total",278,81,23,58,197,167,30
"2011","E00006536","E00006536","Total",170,36,13,23,134,115,19
"2011","E00006537","E00006537","Total",237,58,26,32,179,154,25
"2011","E00006538","E00006538","Total",179,29,8,21,150,131,19
"2011","E00006519","E00006519","Total",202,53,15,38,149,125,24
"2011","E00006523","E00006523","Total",211,64,21,43,147,137,10
"2011","E00006524","E00006524","Total",204,56,16,40,148,123,25
"2011","E00006544","E00006544","Total",205,67,15,52,138,115,23
"2011","E00006553","E00006553","Total",126,40,16,24,86,65,21
"2011","E00006525","E00006525","Total",201,44,11,33,157,139,18
"2011","E00006527","E00006527","Total",228,52,16,36,176,151,25
"2011","E00006529","E00006529","Total",210,69,24,45,141,122,19
"2011","E00006552","E00006552","Total",241,69,26,43,172,153,19
"2011","E00006526","E00006526","Total",232,56,19,37,176,155,21
"2011","E00006528","E00006528","Total",215,66,21,45,149,123,26
"2011","E00006532","E00006532","Total",201,47,12,35,154,121,33
"2011","E00006547","E00006547","Total",209,73,23,50,136,117,19
"2011","E00006563","E00006563","Total",189,53,13,40,136,114,22
"2011","E00006573","E00006573","Total",160,44,13,31,116,105,11
"2011","E00006574","E00006574","Total",185,27,5,22,158,136,22
"2011","E00006578","E00006578","Total",198,55,19,36,143,131,12
"2011","E00006561","E00006561","Total",159,34,13,21,125,108,17
"2011","E00006562","E00006562","Total",131,37,12,25,94,80,14
"2011","E00006564","E00006564","Total",119,39,15,24,80,68,12
"2011","E00006566","E00006566","Total",104,31,16,15,73,60,13
"2011","E00006568","E00006568","Total",152,39,7,32,113,97,16
"2011","E00006567","E00006567","Total",122,28,9,19,94,77,17
"2011","E00006569","E00006569","Total",127,37,15,22,90,75,15
"2011","E00006570","E00006570","Total",168,48,14,34,120,100,20
"2011","E00006572","E00006572","Total",150,49,9,40,101,80,21
"2011","E00006577","E00006577","Total",248,63,22,41,185,161,24
"2011","E00006565","E00006565","Total",157,48,12,36,109,97,12
"2011","E00006575","E00006575","Total",95,16,7,9,79,67,12
"2011","E00006576","E00006576","Total",183,50,12,38,133,118,15
"2011","E00006579","E00006579","Total",144,32,8,24,112,96,16
"2011","E00006580","E00006580","Total",154,37,8,29,117,109,8
"2011","E00006571","E00006571","Total",134,25,5,20,109,91,18
"2011","E00006585","E00006585","Total",123,45,8,37,78,61,17
"2011","E00006588","E00006588","Total",150,43,4,39,107,95,12
"2011","E00006590","E00006590","Total",161,68,18,50,93,80,13
"2011","E00006560","E00006560","Total",182,60,20,40,122,108,14
"2011","E00006584","E00006584","Total",262,78,20,58,184,153,31
"2011","E00006593","E00006593","Total",122,35,7,28,87,74,13
"2011","E00006594","E00006594","Total",180,44,10,34,136,119,17
"2011","E00006595","E00006595","Total",153,42,16,26,111,91,20
"2011","E00006317","E00006317","Total",206,48,16,32,158,132,26
"2011","E00006318","E00006318","Total",174,45,21,24,129,118,11
"2011","E00006320","E00006320","Total",159,35,13,22,124,115,9
"2011","E00006347","E00006347","Total",173,53,12,41,120,110,10
"2011","E00006351","E00006351","Total",157,41,15,26,116,104,12
"2011","E00006581","E00006581","Total",158,50,15,35,108,92,16
"2011","E00006582","E00006582","Total",206,51,11,40,155,143,12
"2011","E00006586","E00006586","Total",164,45,11,34,119,100,19
"2011","E00006587","E00006587","Total",186,40,11,29,146,130,16
"2011","E00006558","E00006558","Total",188,46,16,30,142,118,24
"2011","E00006583","E00006583","Total",171,36,12,24,135,114,21
"2011","E00006589","E00006589","Total",145,38,14,24,107,95,12
"2011","E00006592","E00006592","Total",184,46,15,31,138,114,24
"2011","E00006596","E00006596","Total",181,50,13,37,131,116,15
"2011","E00006555","E00006555","Total",187,52,18,34,135,107,28
"2011","E00006556","E00006556","Total",183,45,12,33,138,120,18
"2011","E00006557","E00006557","Total",184,62,21,41,122,107,15
"2011","E00006559","E00006559","Total",172,56,19,37,116,101,15
"2011","E00006591","E00006591","Total",154,44,9,35,110,88,22
"2011","E00006690","E00006690","Total",232,57,14,43,175,148,27
"2011","E00006696","E00006696","Total",206,60,16,44,146,124,22
"2011","E00006699","E00006699","Total",243,57,18,39,186,164,22
"2011","E00006704","E00006704","Total",181,64,12,52,117,95,22
"2011","E00006673","E00006673","Total",239,58,21,37,181,160,21
"2011","E00006687","E00006687","Total",148,33,8,25,115,98,17
"2011","E00006689","E00006689","Total",198,54,16,38,144,113,31
"2011","E00006691","E00006691","Total",203,47,11,36,156,143,13
"2011","E00006697","E00006697","Total",143,28,6,22,115,96,19
"2011","E00006688","E00006688","Total",229,58,19,39,171,145,26
"2011","E00006692","E00006692","Total",154,35,8,27,119,102,17
"2011","E00006693","E00006693","Total",162,47,14,33,115,96,19
"2011","E00006698","E00006698","Total",226,58,22,36,168,145,23
"2011","E00006701","E00006701","Total",223,50,11,39,173,150,23
"2011","E00006708","E00006708","Total",171,52,10,42,119,100,19
"2011","E00006709","E00006709","Total",162,51,11,40,111,97,14
"2011","E00006712","E00006712","Total",193,56,16,40,137,114,23
"2011","E00006322","E00006322","Total",185,44,10,34,141,123,18
"2011","E00006324","E00006324","Total",192,42,11,31,150,126,24
"2011","E00006327","E00006327","Total",181,55,19,36,126,105,21
"2011","E00006328","E00006328","Total",193,57,17,40,136,118,18
"2011","E00006329","E00006329","Total",135,33,15,18,102,85,17
"2011","E00006319","E00006319","Total",216,58,22,36,158,134,24
"2011","E00006330","E00006330","Total",214,52,18,34,162,143,19
"2011","E00006333","E00006333","Total",249,68,20,48,181,159,22
"2011","E00006336","E00006336","Total",230,58,18,40,172,151,21
"2011","E00006313","E00006313","Total",103,30,11,19,73,69,4
"2011","E00006331","E00006331","Total",141,27,11,16,114,97,17
"2011","E00006332","E00006332","Total",104,30,8,22,74,68,6
"2011","E00006335","E00006335","Total",181,41,14,27,140,117,23
"2011","E00006339","E00006339","Total",176,39,16,23,137,112,25
"2011","E00006341","E00006341","Total",142,42,10,32,100,86,14
"2011","E00006321","E00006321","Total",167,49,15,34,118,96,22
"2011","E00006323","E00006323","Total",244,54,19,35,190,159,31
"2011","E00006325","E00006325","Total",216,48,17,31,168,143,25
"2011","E00006326","E00006326","Total",222,53,16,37,169,143,26
"2011","E00006675","E00006675","Total",205,50,18,32,155,135,20
"2011","E00006679","E00006679","Total",152,50,23,27,102,82,20
"2011","E00006683","E00006683","Total",195,44,20,24,151,125,26
"2011","E00006686","E00006686","Total",116,34,11,23,82,74,8
"2011","E00006694","E00006694","Total",124,30,7,23,94,76,18
"2011","E00006695","E00006695","Total",233,57,15,42,176,142,34
"2011","E00006702","E00006702","Total",175,51,20,31,124,99,25
"2011","E00006707","E00006707","Total",186,45,22,23,141,116,25
"2011","E00166857","E00166857","Total",284,64,22,42,220,171,49
"2011","E00166858","E00166858","Total",122,31,9,22,91,74,17
"2011","E00006677","E00006677","Total",175,52,19,33,123,94,29
"2011","E00006703","E00006703","Total",211,64,19,45,147,126,21
"2011","E00006705","E00006705","Total",169,36,7,29,133,120,13
"2011","E00006706","E00006706","Total",211,55,17,38,156,119,37
"2011","E00006710","E00006710","Total",172,49,13,36,123,99,24
"2011","E00006676","E00006676","Total",207,40,13,27,167,128,39
"2011","E00006678","E00006678","Total",197,51,13,38,146,123,23
"2011","E00006681","E00006681","Total",216,69,19,50,147,122,25
"2011","E00006684","E00006684","Total",226,52,17,35,174,136,38
"2011","E00006674","E00006674","Total",174,41,9,32,133,121,12
"2011","E00006680","E00006680","Total",134,31,16,15,103,79,24
"2011","E00006682","E00006682","Total",161,37,9,28,124,108,16
"2011","E00006685","E00006685","Total",151,31,13,18,120,96,24
"2011","E00006711","E00006711","Total",204,52,13,39,152,135,17
"2011","E00006282","E00006282","Total",102,30,7,23,72,63,9
"2011","E00006283","E00006283","Total",117,46,15,31,71,59,12
"2011","E00006286","E00006286","Total",134,44,9,35,90,78,12
"2011","E00006292","E00006292","Total",128,41,14,27,87,73,14
"2011","E00006294","E00006294","Total",161,49,17,32,112,96,16
"2011","E00006598","E00006598","Total",145,39,9,30,106,89,17
"2011","E00006605","E00006605","Total",147,33,11,22,114,98,16
"2011","E00006606","E00006606","Total",158,43,15,28,115,101,14
"2011","E00006608","E00006608","Total",144,37,12,25,107,98,9
"2011","E00006609","E00006609","Total",139,41,8,33,98,84,14
"2011","E00006599","E00006599","Total",156,30,11,19,126,112,14
"2011","E00006600","E00006600","Total",109,31,12,19,78,72,6
"2011","E00006602","E00006602","Total",160,45,9,36,115,101,14
"2011","E00006603","E00006603","Total",142,35,16,19,107,90,17
"2011","E00006604","E00006604","Total",122,36,11,25,86,70,16
"2011","E00006597","E00006597","Total",161,48,13,35,113,104,9
"2011","E00006616","E00006616","Total",104,45,21,24,59,49,10
"2011","E00006631","E00006631","Total",89,20,2,18,69,62,7
"2011","E00006638","E00006638","Total",160,37,6,31,123,103,20
"2011","E00006639","E00006639","Total",135,42,11,31,93,78,15
"2011","E00006634","E00006634","Total",198,56,14,42,142,122,20
"2011","E00006636","E00006636","Total",167,43,15,28,124,106,18
"2011","E00006637","E00006637","Total",168,52,17,35,116,102,14
"2011","E00006640","E00006640","Total",88,29,11,18,59,55,4
"2011","E00006601","E00006601","Total",154,48,12,36,106,94,12
"2011","E00006618","E00006618","Total",150,52,20,32,98,80,18
"2011","E00006623","E00006623","Total",123,39,15,24,84,76,8
"2011","E00006624","E00006624","Total",127,31,13,18,96,84,12
"2011","E00006627","E00006627","Total",159,40,10,30,119,102,17
"2011","E00006607","E00006607","Total",141,51,21,30,90,78,12
"2011","E00006610","E00006610","Total",174,57,22,35,117,103,14
"2011","E00006614","E00006614","Total",103,30,10,20,73,65,8
"2011","E00006619","E00006619","Total",166,41,12,29,125,104,21
"2011","E00006625","E00006625","Total",170,37,14,23,133,114,19
"2011","E00006611","E00006611","Total",184,54,23,31,130,113,17
"2011","E00006612","E00006612","Total",170,55,20,35,115,98,17
"2011","E00006615","E00006615","Total",98,41,10,31,57,49,8
"2011","E00006617","E00006617","Total",107,41,15,26,66,58,8
"2011","E00006620","E00006620","Total",115,34,7,27,81,68,13
"2011","E00006613","E00006613","Total",120,42,14,28,78,65,13
"2011","E00006621","E00006621","Total",140,47,15,32,93,76,17
"2011","E00006622","E00006622","Total",124,42,10,32,82,74,8
"2011","E00006626","E00006626","Total",172,53,16,37,119,106,13
"2011","E00006630","E00006630","Total",195,52,13,39,143,116,27
"2011","E00006628","E00006628","Total",109,19,9,10,90,81,9
"2011","E00006629","E00006629","Total",134,38,9,29,96,83,13
"2011","E00006632","E00006632","Total",139,45,20,25,94,82,12
"2011","E00006633","E00006633","Total",99,42,12,30,57,52,5
"2011","E00006635","E00006635","Total",123,44,7,37,79,67,12
"2011","E00006279","E00006279","Total",143,43,18,25,100,76,24
"2011","E00006285","E00006285","Total",205,49,17,32,156,131,25
"2011","E00006290","E00006290","Total",172,36,12,24,136,124,12
"2011","E00006296","E00006296","Total",138,36,10,26,102,91,11
"2011","E00006301","E00006301","Total",162,55,18,37,107,93,14
"2011","E00006273","E00006273","Total",149,51,13,38,98,81,17
"2011","E00006275","E00006275","Total",160,45,15,30,115,102,13
"2011","E00006280","E00006280","Total",173,32,11,21,141,114,27
"2011","E00006289","E00006289","Total",187,63,18,45,124,104,20
"2011","E00006271","E00006271","Total",147,42,7,35,105,90,15
"2011","E00006272","E00006272","Total",145,42,13,29,103,91,12
"2011","E00006274","E00006274","Total",145,47,19,28,98,84,14
"2011","E00006276","E00006276","Total",148,29,14,15,119,96,23
"2011","E00006281","E00006281","Total",126,35,11,24,91,80,11
"2011","E00006277","E00006277","Total",159,44,15,29,115,96,19
"2011","E00006278","E00006278","Total",123,46,11,35,77,66,11
"2011","E00006284","E00006284","Total",133,41,11,30,92,76,16
"2011","E00006291","E00006291","Total",138,47,16,31,91,78,13
"2011","E00006312","E00006312","Total",149,32,11,21,117,101,16
"2011","E00166847","E00166847","Total",225,54,10,44,171,151,20
"2011","E00166848","E00166848","Total",327,69,18,51,258,212,46
"2011","E00166849","E00166849","Total",224,53,17,36,171,139,32
"2011","E00166865","E00166865","Total",164,65,28,37,99,86,13
"2011","E00006270","E00006270","Total",180,56,22,34,124,100,24
"2011","E00006287","E00006287","Total",174,38,12,26,136,121,15
"2011","E00006288","E00006288","Total",134,38,8,30,96,86,10
"2011","E00006295","E00006295","Total",120,36,11,25,84,78,6
"2011","E00006368","E00006368","Total",155,42,16,26,113,94,19
"2011","E00006369","E00006369","Total",161,29,7,22,132,106,26
"2011","E00006370","E00006370","Total",208,54,18,36,154,135,19
"2011","E00006372","E00006372","Total",243,50,16,34,193,146,47
"2011","E00006373","E00006373","Total",195,54,27,27,141,112,29
"2011","E00006358","E00006358","Total",151,30,10,20,121,99,22
"2011","E00006371","E00006371","Total",149,25,8,17,124,105,19
"2011","E00006374","E00006374","Total",258,60,20,40,198,162,36
"2011","E00006375","E00006375","Total",224,62,11,51,162,142,20
"2011","E00006379","E00006379","Total",224,50,15,35,174,131,43
"2011","E00006353","E00006353","Total",125,28,8,20,97,78,19
"2011","E00006376","E00006376","Total",201,62,17,45,139,118,21
"2011","E00006383","E00006383","Total",130,39,13,26,91,81,10
"2011","E00006385","E00006385","Total",188,44,18,26,144,128,16
"2011","E00006386","E00006386","Total",148,33,15,18,115,93,22
"2011","E00006387","E00006387","Total",163,23,13,10,140,100,40
"2011","E00006354","E00006354","Total",149,32,15,17,117,86,31
"2011","E00006355","E00006355","Total",176,46,20,26,130,93,37
"2011","E00006382","E00006382","Total",167,34,11,23,133,108,25
"2011","E00006389","E00006389","Total",163,38,19,19,125,94,31
"2011","E00006390","E00006390","Total",151,28,6,22,123,103,20
"2011","E00006392","E00006392","Total",89,21,7,14,68,49,19
"2011","E00006058","E00006058","Total",198,47,11,36,151,120,31
"2011","E00006062","E00006062","Total",208,53,17,36,155,131,24
"2011","E00006064","E00006064","Total",107,32,10,22,75,70,5
"2011","E00006072","E00006072","Total",165,65,21,44,100,85,15
"2011","E00006073","E00006073","Total",112,42,13,29,70,63,7
"2011","E00006293","E00006293","Total",157,40,18,22,117,103,14
"2011","E00006298","E00006298","Total",235,73,19,54,162,134,28
"2011","E00006299","E00006299","Total",220,78,32,46,142,117,25
"2011","E00006302","E00006302","Total",157,58,16,42,99,84,15
"2011","E00006303","E00006303","Total",167,48,16,32,119,105,14
"2011","E00006300","E00006300","Total",188,52,22,30,136,114,22
"2011","E00006309","E00006309","Total",146,45,16,29,101,91,10
"2011","E00006310","E00006310","Total",168,75,32,43,93,77,16
"2011","E00006311","E00006311","Total",186,62,23,39,124,106,18
"2011","E00166861","E00166861","Total",176,58,18,40,118,101,17
"2011","E00166862","E00166862","Total",223,69,20,49,154,130,24
"2011","E00006334","E00006334","Total",159,41,18,23,118,97,21
"2011","E00006337","E00006337","Total",130,23,7,16,107,92,15
"2011","E00006338","E00006338","Total",200,71,21,50,129,106,23
"2011","E00006340","E00006340","Total",153,38,11,27,115,93,22
"2011","E00006342","E00006342","Total",186,38,12,26,148,121,27
"2011","E00006015","E00006015","Total",170,38,10,28,132,105,27
"2011","E00006041","E00006041","Total",150,40,19,21,110,79,31
"2011","E00006044","E00006044","Total",185,40,14,26,145,103,42
"2011","E00006045","E00006045","Total",197,51,15,36,146,119,27
"2011","E00006047","E00006047","Total",188,51,18,33,137,92,45
"2011","E00006013","E00006013","Total",204,39,13,26,165,122,43
"2011","E00006014","E00006014","Total",126,28,10,18,98,73,25
"2011","E00006019","E00006019","Total",189,36,14,22,153,114,39
"2011","E00006020","E00006020","Total",159,25,10,15,134,111,23
"2011","E00006055","E00006055","Total",196,44,13,31,152,98,54
"2011","E00006352","E00006352","Total",115,38,14,24,77,57,20
"2011","E00006378","E00006378","Total",158,34,13,21,124,96,28
"2011","E00006380","E00006380","Total",150,32,12,20,118,83,35
"2011","E00006381","E00006381","Total",156,43,20,23,113,87,26
"2011","E00006388","E00006388","Total",143,30,6,24,113,79,34
"2011","E00006377","E00006377","Total",150,43,14,29,107,73,34
"2011","E00006384","E00006384","Total",157,38,8,30,119,95,24
"2011","E00006391","E00006391","Total",162,42,10,32,120,81,39
"2011","E00006393","E00006393","Total",164,40,10,30,124,101,23
"2011","E00006394","E00006394","Total",168,25,5,20,143,112,31
"2011","E00006057","E00006057","Total",178,47,13,34,131,114,17
"2011","E00006059","E00006059","Total",221,54,18,36,167,140,27
"2011","E00006060","E00006060","Total",165,45,14,31,120,104,16
"2011","E00006061","E00006061","Total",179,55,13,42,124,105,19
"2011","E00006304","E00006304","Total",187,51,16,35,136,120,16
"2011","E00006305","E00006305","Total",195,55,17,38,140,120,20
"2011","E00006307","E00006307","Total",152,41,13,28,111,97,14
"2011","E00006308","E00006308","Total",195,65,25,40,130,105,25
"2011","E00006444","E00006444","Total",208,65,19,46,143,130,13
"2011","E00006465","E00006465","Total",203,67,20,47,136,117,19
"2011","E00006466","E00006466","Total",154,51,15,36,103,92,11
"2011","E00006467","E00006467","Total",194,33,10,23,161,142,19
"2011","E00006443","E00006443","Total",213,51,21,30,162,144,18
"2011","E00006447","E00006447","Total",211,64,13,51,147,127,20
"2011","E00006468","E00006468","Total",184,53,20,33,131,119,12
"2011","E00006469","E00006469","Total",243,74,25,49,169,153,16
"2011","E00006446","E00006446","Total",204,55,24,31,149,133,16
"2011","E00006450","E00006450","Total",201,69,26,43,132,118,14
"2011","E00006470","E00006470","Total",168,55,24,31,113,106,7
"2011","E00006473","E00006473","Total",184,72,21,51,112,92,20
"2011","E00005975","E00005975","Total",189,63,19,44,126,100,26
"2011","E00005978","E00005978","Total",130,48,13,35,82,72,10
"2011","E00005980","E00005980","Total",133,38,20,18,95,64,31
"2011","E00005981","E00005981","Total",111,25,8,17,86,78,8
"2011","E00005982","E00005982","Total",168,46,15,31,122,106,16
"2011","E00006182","E00006182","Total",202,40,19,21,162,121,41
"2011","E00006183","E00006183","Total",243,36,12,24,207,176,31
"2011","E00006200","E00006200","Total",131,33,14,19,98,84,14
"2011","E00006205","E00006205","Total",255,53,13,40,202,179,23
"2011","E00006210","E00006210","Total",187,44,15,29,143,130,13
"2011","E00166856","E00166856","Total",528,75,26,49,453,385,68
"2011","E00166867","E00166867","Total",75,16,6,10,59,49,10
"2011","E00006195","E00006195","Total",176,45,16,29,131,113,18
"2011","E00006197","E00006197","Total",236,41,7,34,195,161,34
"2011","E00006201","E00006201","Total",136,46,14,32,90,87,3
"2011","E00006203","E00006203","Total",203,54,29,25,149,129,20
"2011","E00006190","E00006190","Total",169,49,14,35,120,89,31
"2011","E00006191","E00006191","Total",187,58,15,43,129,105,24
"2011","E00006192","E00006192","Total",181,50,15,35,131,108,23
"2011","E00006193","E00006193","Total",140,33,9,24,107,85,22
"2011","E00006181","E00006181","Total",295,59,18,41,236,195,41
"2011","E00006194","E00006194","Total",160,43,15,28,117,110,7
"2011","E00006198","E00006198","Total",283,57,14,43,226,181,45
"2011","E00006199","E00006199","Total",203,48,8,40,155,128,27
"2011","E00006202","E00006202","Total",185,37,16,21,148,107,41
"2011","E00006016","E00006016","Total",34,15,3,12,19,18,1
"2011","E00006042","E00006042","Total",149,37,15,22,112,83,29
"2011","E00006043","E00006043","Total",58,25,10,15,33,27,6
"2011","E00006046","E00006046","Total",186,63,22,41,123,102,21
"2011","E00006048","E00006048","Total",96,35,13,22,61,47,14
"2011","E00006051","E00006051","Total",76,29,9,20,47,43,4
"2011","E00006401","E00006401","Total",105,39,19,20,66,60,6
"2011","E00006426","E00006426","Total",176,60,27,33,116,100,16
"2011","E00006429","E00006429","Total",148,39,9,30,109,92,17
"2011","E00006431","E00006431","Total",137,36,15,21,101,86,15
"2011","E00006437","E00006437","Total",75,23,10,13,52,45,7
"2011","E00006428","E00006428","Total",98,35,8,27,63,56,7
"2011","E00006430","E00006430","Total",79,29,8,21,50,42,8
"2011","E00006432","E00006432","Total",129,35,13,22,94,75,19
"2011","E00006434","E00006434","Total",184,46,18,28,138,113,25
"2011","E00006435","E00006435","Total",58,22,9,13,36,30,6
"2011","E00006436","E00006436","Total",102,30,10,20,72,60,12
"2011","E00006400","E00006400","Total",143,36,12,24,107,92,15
"2011","E00006402","E00006402","Total",146,54,17,37,92,71,21
"2011","E00006411","E00006411","Total",180,46,20,26,134,110,24
"2011","E00006440","E00006440","Total",175,63,21,42,112,98,14
"2011","E00006442","E00006442","Total",154,38,8,30,116,91,25
"2011","E00006406","E00006406","Total",120,40,12,28,80,64,16
"2011","E00006409","E00006409","Total",166,43,10,33,123,104,19
"2011","E00006412","E00006412","Total",177,46,13,33,131,106,25
"2011","E00006416","E00006416","Total",147,53,15,38,94,81,13
"2011","E00006439","E00006439","Total",159,50,18,32,109,99,10
"2011","E00006403","E00006403","Total",178,54,18,36,124,106,18
"2011","E00006405","E00006405","Total",173,52,22,30,121,101,20
"2011","E00006407","E00006407","Total",123,46,13,33,77,70,7
"2011","E00006408","E00006408","Total",116,56,19,37,60,49,11
"2011","E00006445","E00006445","Total",232,69,28,41,163,144,19
"2011","E00006449","E00006449","Total",256,62,15,47,194,168,26
"2011","E00006453","E00006453","Total",210,45,11,34,165,150,15
"2011","E00006471","E00006471","Total",214,71,18,53,143,133,10
"2011","E00006448","E00006448","Total",252,83,30,53,169,150,19
"2011","E00006451","E00006451","Total",194,58,17,41,136,122,14
"2011","E00006452","E00006452","Total",238,76,25,51,162,142,20
"2011","E00006472","E00006472","Total",214,51,15,36,163,141,22
"2011","E00006455","E00006455","Total",266,73,23,50,193,164,29
"2011","E00006456","E00006456","Total",228,60,25,35,168,150,18
"2011","E00006458","E00006458","Total",190,55,20,35,135,121,14
"2011","E00006454","E00006454","Total",180,51,18,33,129,111,18
"2011","E00006457","E00006457","Total",300,83,24,59,217,191,26
"2011","E00006459","E00006459","Total",164,51,13,38,113,104,9
"2011","E00006462","E00006462","Total",199,51,20,31,148,136,12
"2011","E00006460","E00006460","Total",208,67,28,39,141,129,12
"2011","E00006463","E00006463","Total",213,45,13,32,168,150,18
"2011","E00006464","E00006464","Total",164,48,19,29,116,98,18
"2011","E00166859","E00166859","Total",95,28,11,17,67,58,9
"2011","E00166860","E00166860","Total",107,32,14,18,75,62,13
"2011","E00006022","E00006022","Total",146,37,9,28,109,86,23
"2011","E00006023","E00006023","Total",190,50,13,37,140,111,29
"2011","E00006028","E00006028","Total",142,27,8,19,115,97,18
"2011","E00006032","E00006032","Total",179,41,15,26,138,93,45
"2011","E00006033","E00006033","Total",139,29,11,18,110,91,19
"2011","E00006012","E00006012","Total",134,55,19,36,79,74,5
"2011","E00006030","E00006030","Total",151,37,9,28,114,89,25
"2011","E00006034","E00006034","Total",162,34,13,21,128,101,27
"2011","E00006035","E00006035","Total",114,28,8,20,86,63,23
"2011","E00006038","E00006038","Total",142,24,5,19,118,104,14
"2011","E00006018","E00006018","Total",74,26,7,19,48,42,6
"2011","E00006024","E00006024","Total",168,33,10,23,135,115,20
"2011","E00006027","E00006027","Total",98,42,14,28,56,49,7
"2011","E00006029","E00006029","Total",117,43,14,29,74,62,12
"2011","E00006031","E00006031","Total",102,38,16,22,64,52,12
"2011","E00006011","E00006011","Total",141,33,12,21,108,69,39
"2011","E00006036","E00006036","Total",189,33,12,21,156,126,30
"2011","E00006037","E00006037","Total",196,31,7,24,165,132,33
"2011","E00006039","E00006039","Total",198,47,9,38,151,131,20
"2011","E00006040","E00006040","Total",236,53,24,29,183,141,42
"2011","E00006017","E00006017","Total",173,47,17,30,126,101,25
"2011","E00006049","E00006049","Total",155,37,13,24,118,82,36
"2011","E00006050","E00006050","Total",154,47,16,31,107,72,35
"2011","E00006053","E00006053","Total",149,40,8,32,109,93,16
"2011","E00006021","E00006021","Total",136,30,9,21,106,79,27
"2011","E00006025","E00006025","Total",136,31,10,21,105,89,16
"2011","E00006026","E00006026","Total",116,32,9,23,84,60,24
"2011","E00006052","E00006052","Total",115,19,6,13,96,70,26
"2011","E00006054","E00006054","Total",173,40,17,23,133,100,33
"2011","E00006056","E00006056","Total",117,26,12,14,91,76,15
"2011","E00006121","E00006121","Total",120,21,8,13,99,85,14
"2011","E00006128","E00006128","Total",137,19,10,9,118,94,24
"2011","E00006129","E00006129","Total",282,59,18,41,223,157,66
"2011","E00006130","E00006130","Total",277,31,6,25,246,195,51
"2011","E00006131","E00006131","Total",138,24,9,15,114,90,24
"2011","E00006134","E00006134","Total",159,27,10,17,132,117,15
"2011","E00166845","E00166845","Total",158,31,4,27,127,96,31
"2011","E00166850","E00166850","Total",171,36,8,28,135,111,24
"2011","E00006097","E00006097","Total",171,39,18,21,132,95,37
"2011","E00006102","E00006102","Total",179,49,22,27,130,90,40
"2011","E00006106","E00006106","Total",147,34,15,19,113,86,27
"2011","E00006110","E00006110","Total",189,48,23,25,141,106,35
"2011","E00006111","E00006111","Total",145,40,20,20,105,74,31
"2011","E00006093","E00006093","Total",204,29,14,15,175,136,39
"2011","E00006094","E00006094","Total",213,31,8,23,182,152,30
"2011","E00006101","E00006101","Total",149,27,10,17,122,87,35
"2011","E00006107","E00006107","Total",126,15,7,8,111,86,25
"2011","E00006135","E00006135","Total",153,22,7,15,131,111,20
"2011","E00006109","E00006109","Total",132,27,13,14,105,78,27
"2011","E00006112","E00006112","Total",163,39,18,21,124,94,30
"2011","E00006114","E00006114","Total",153,27,15,12,126,76,50
"2011","E00006118","E00006118","Total",170,44,16,28,126,83,43
"2011","E00006119","E00006119","Total",182,21,7,14,161,116,45
"2011","E00006099","E00006099","Total",140,17,5,12,123,102,21
"2011","E00006115","E00006115","Total",256,38,11,27,218,164,54
"2011","E00006116","E00006116","Total",136,28,11,17,108,76,32
"2011","E00006120","E00006120","Total",116,23,7,16,93,62,31
"2011","E00006123","E00006123","Total",163,33,7,26,130,98,32
"2011","E00006125","E00006125","Total",184,37,10,27,147,123,24
"2011","E00006100","E00006100","Total",170,22,11,11,148,111,37
"2011","E00006124","E00006124","Total",227,32,13,19,195,150,45
"2011","E00006126","E00006126","Total",389,65,19,46,324,273,51
"2011","E00006127","E00006127","Total",207,23,8,15,184,138,46
"2011","E00006132","E00006132","Total",93,16,5,11,77,55,22
"2011","E00006133","E00006133","Total",192,32,16,16,160,126,34
"2011","E00006091","E00006091","Total",176,32,8,24,144,111,33
"2011","E00006095","E00006095","Total",135,32,9,23,103,62,41
"2011","E00006096","E00006096","Total",132,20,9,11,112,76,36
"2011","E00006104","E00006104","Total",157,28,10,18,129,96,33
"2011","E00006105","E00006105","Total",194,39,11,28,155,111,44
"2011","E00006092","E00006092","Total",214,54,13,41,160,130,30
"2011","E00006098","E00006098","Total",147,21,8,13,126,90,36
"2011","E00006103","E00006103","Total",126,23,6,17,103,83,20
"2011","E00006108","E00006108","Total",134,31,12,19,103,78,25
"2011","E00006113","E00006113","Total",218,40,16,24,178,133,45
"2011","E00006122","E00006122","Total",119,15,7,8,104,82,22
"2011","E00006136","E00006136","Total",237,20,8,12,217,171,46
"2011","E00006163","E00006163","Total",143,26,11,15,117,83,34
"2011","E00006165","E00006165","Total",192,27,12,15,165,129,36
"2011","E00006166","E00006166","Total",274,35,15,20,239,197,42
"2011","E00006171","E00006171","Total",190,30,9,21,160,114,46
"2011","E00006137","E00006137","Total",190,34,14,20,156,131,25
"2011","E00006167","E00006167","Total",174,27,8,19,147,106,41
"2011","E00006173","E00006173","Total",116,28,12,16,88,72,16
"2011","E00006174","E00006174","Total",116,15,6,9,101,86,15
"2011","E00006177","E00006177","Total",152,31,8,23,121,97,24
"2011","E00006179","E00006179","Total",153,30,14,16,123,97,26
"2011","E00006357","E00006357","Total",202,38,12,26,164,117,47
"2011","E00006361","E00006361","Total",135,33,11,22,102,86,16
"2011","E00006365","E00006365","Total",133,21,4,17,112,83,29
"2011","E00006396","E00006396","Total",158,30,13,17,128,82,46
"2011","E00006397","E00006397","Total",174,57,18,39,117,80,37
"2011","E00006362","E00006362","Total",128,34,19,15,94,69,25
"2011","E00006363","E00006363","Total",118,21,5,16,97,70,27
"2011","E00006395","E00006395","Total",149,28,16,12,121,80,41
"2011","E00006398","E00006398","Total",152,38,20,18,114,87,27
"2011","E00006399","E00006399","Total",142,16,2,14,126,101,25
"2011","E00006356","E00006356","Total",150,29,13,16,121,87,34
"2011","E00006359","E00006359","Total",122,26,15,11,96,75,21
"2011","E00006360","E00006360","Total",129,30,17,13,99,79,20
"2011","E00006364","E00006364","Total",235,30,11,19,205,162,43
"2011","E00006366","E00006366","Total",232,22,7,15,210,178,32
"2011","E00006367","E00006367","Total",190,18,4,14,172,130,42
"2011","E00005972","E00005972","Total",183,48,20,28,135,105,30
"2011","E00005973","E00005973","Total",130,25,7,18,105,85,20
"2011","E00005974","E00005974","Total",165,48,9,39,117,96,21
"2011","E00005976","E00005976","Total",182,47,13,34,135,104,31
"2011","E00005977","E00005977","Total",150,36,14,22,114,87,27
"2011","E00005966","E00005966","Total",160,40,13,27,120,89,31
"2011","E00005979","E00005979","Total",132,35,20,15,97,75,22
"2011","E00005986","E00005986","Total",160,30,8,22,130,104,26
"2011","E00005989","E00005989","Total",178,34,12,22,144,111,33
"2011","E00005992","E00005992","Total",141,30,5,25,111,86,25
"2011","E00005983","E00005983","Total",212,56,18,38,156,122,34
"2011","E00005984","E00005984","Total",190,40,11,29,150,124,26
"2011","E00005985","E00005985","Total",189,45,15,30,144,103,41
"2011","E00005990","E00005990","Total",205,48,13,35,157,120,37
"2011","E00005987","E00005987","Total",156,31,9,22,125,103,22
"2011","E00005988","E00005988","Total",197,52,20,32,145,115,30
"2011","E00005994","E00005994","Total",163,44,15,29,119,101,18
"2011","E00005996","E00005996","Total",211,56,13,43,155,127,28
"2011","E00006000","E00006000","Total",169,37,10,27,132,108,24
"2011","E00006404","E00006404","Total",187,55,22,33,132,116,16
"2011","E00006427","E00006427","Total",184,53,16,37,131,110,21
"2011","E00006433","E00006433","Total",157,37,12,25,120,90,30
"2011","E00006438","E00006438","Total",140,33,19,14,107,95,12
"2011","E00006441","E00006441","Total",153,46,15,31,107,87,20
"2011","E00006410","E00006410","Total",225,50,16,34,175,138,37
"2011","E00006413","E00006413","Total",211,60,17,43,151,131,20
"2011","E00006415","E00006415","Total",193,52,16,36,141,114,27
"2011","E00006418","E00006418","Total",145,31,7,24,114,99,15
"2011","E00006414","E00006414","Total",151,35,11,24,116,100,16
"2011","E00006417","E00006417","Total",188,52,11,41,136,106,30
"2011","E00006422","E00006422","Total",205,44,16,28,161,122,39
"2011","E00006425","E00006425","Total",172,55,19,36,117,90,27
"2011","E00006419","E00006419","Total",236,48,20,28,188,160,28
"2011","E00006420","E00006420","Total",206,51,21,30,155,127,28
"2011","E00006421","E00006421","Total",217,52,13,39,165,121,44
"2011","E00006423","E00006423","Total",192,46,14,32,146,120,26
"2011","E00006424","E00006424","Total",192,53,19,34,139,112,27
"2011","E00006075","E00006075","Total",186,63,30,33,123,107,16
"2011","E00006077","E00006077","Total",187,73,27,46,114,99,15
"2011","E00006082","E00006082","Total",211,66,21,45,145,130,15
"2011","E00006088","E00006088","Total",201,45,18,27,156,138,18
"2011","E00006067","E00006067","Total",215,63,27,36,152,119,33
"2011","E00006078","E00006078","Total",208,57,19,38,151,129,22
"2011","E00006079","E00006079","Total",227,59,24,35,168,149,19
"2011","E00006080","E00006080","Total",179,55,22,33,124,109,15
"2011","E00006081","E00006081","Total",219,52,22,30,167,147,20
"2011","E00006083","E00006083","Total",187,65,25,40,122,114,8
"2011","E00006086","E00006086","Total",166,45,17,28,121,111,10
"2011","E00006087","E00006087","Total",137,42,14,28,95,87,8
"2011","E00006084","E00006084","Total",223,64,36,28,159,139,20
"2011","E00006085","E00006085","Total",175,48,17,31,127,115,12
"2011","E00006089","E00006089","Total",136,31,10,21,105,92,13
"2011","E00006090","E00006090","Total",156,42,12,30,114,102,12
"2011","E00006762","E00006762","Total",109,41,17,24,68,60,8
"2011","E00006766","E00006766","Total",157,49,18,31,108,98,10
"2011","E00006768","E00006768","Total",227,62,25,37,165,146,19
"2011","E00006781","E00006781","Total",227,80,34,46,147,120,27
"2011","E00006204","E00006204","Total",198,59,16,43,139,125,14
"2011","E00006206","E00006206","Total",211,57,29,28,154,134,20
"2011","E00006208","E00006208","Total",154,47,16,31,107,86,21
"2011","E00006211","E00006211","Total",203,45,15,30,158,131,27
"2011","E00006207","E00006207","Total",211,42,17,25,169,139,30
"2011","E00006209","E00006209","Total",214,54,26,28,160,139,21
"2011","E00006215","E00006215","Total",157,44,18,26,113,78,35
"2011","E00006218","E00006218","Total",170,38,11,27,132,117,15
"2011","E00006212","E00006212","Total",161,41,15,26,120,92,28
"2011","E00006214","E00006214","Total",145,45,14,31,100,71,29
"2011","E00006217","E00006217","Total",116,37,13,24,79,55,24
"2011","E00006221","E00006221","Total",179,50,25,25,129,95,34
"2011","E00006213","E00006213","Total",113,32,12,20,81,59,22
"2011","E00006216","E00006216","Total",107,41,10,31,66,59,7
"2011","E00006219","E00006219","Total",167,41,18,23,126,98,28
"2011","E00006220","E00006220","Total",159,47,12,35,112,91,21
"2011","E00006222","E00006222","Total",238,38,7,31,200,176,24
"2011","E00006184","E00006184","Total",191,51,17,34,140,119,21
"2011","E00006186","E00006186","Total",135,43,16,27,92,76,16
"2011","E00006225","E00006225","Total",169,64,23,41,105,85,20
"2011","E00166852","E00166852","Total",146,36,12,24,110,86,24
"2011","E00166853","E00166853","Total",130,23,5,18,107,82,25
"2011","E00166854","E00166854","Total",197,27,7,20,170,124,46
"2011","E00166855","E00166855","Total",260,34,11,23,226,176,50
"2011","E00006185","E00006185","Total",136,37,9,28,99,90,9
"2011","E00006187","E00006187","Total",189,40,9,31,149,116,33
"2011","E00006188","E00006188","Total",190,29,9,20,161,122,39
"2011","E00006224","E00006224","Total",211,49,16,33,162,118,44
"2011","E00166864","E00166864","Total",331,36,10,26,295,254,41
"2011","E00166866","E00166866","Total",73,17,5,12,56,45,11
"2011","E00005993","E00005993","Total",190,41,8,33,149,117,32
"2011","E00005995","E00005995","Total",172,38,9,29,134,105,29
"2011","E00006005","E00006005","Total",159,33,10,23,126,94,32
"2011","E00006006","E00006006","Total",196,37,6,31,159,124,35
"2011","E00006008","E00006008","Total",158,44,10,34,114,100,14
"2011","E00005991","E00005991","Total",190,32,16,16,158,120,38
"2011","E00005997","E00005997","Total",189,54,12,42,135,107,28
"2011","E00005998","E00005998","Total",176,40,14,26,136,104,32
"2011","E00005999","E00005999","Total",188,29,12,17,159,126,33
"2011","E00006003","E00006003","Total",148,35,14,21,113,89,24
"2011","E00005968","E00005968","Total",292,71,19,52,221,181,40
"2011","E00005969","E00005969","Total",119,56,17,39,63,52,11
"2011","E00006001","E00006001","Total",204,41,13,28,163,128,35
"2011","E00006002","E00006002","Total",101,37,13,24,64,51,13
"2011","E00006004","E00006004","Total",281,48,12,36,233,186,47
"2011","E00005967","E00005967","Total",157,41,8,33,116,85,31
"2011","E00005970","E00005970","Total",186,61,22,39,125,112,13
"2011","E00005971","E00005971","Total",147,40,10,30,107,87,20
"2011","E00006007","E00006007","Total",140,31,10,21,109,88,21
"2011","E00006009","E00006009","Total",185,41,10,31,144,116,28
"2011","E00006010","E00006010","Total",144,27,9,18,117,98,19
"2011","E00006743","E00006743","Total",202,49,18,31,153,124,29
"2011","E00006748","E00006748","Total",235,56,23,33,179,146,33
"2011","E00006751","E00006751","Total",151,31,11,20,120,92,28
"2011","E00006752","E00006752","Total",236,49,19,30,187,151,36
"2011","E00006757","E00006757","Total",155,40,12,28,115,96,19
"2011","E00006775","E00006775","Total",200,75,35,40,125,114,11
"2011","E00006778","E00006778","Total",213,69,28,41,144,131,13
"2011","E00006780","E00006780","Total",204,63,28,35,141,130,11
"2011","E00166844","E00166844","Total",163,53,12,41,110,96,14
"2011","E00166846","E00166846","Total",120,32,10,22,88,85,3
"2011","E00006764","E00006764","Total",204,56,18,38,148,133,15
"2011","E00006783","E00006783","Total",195,56,17,39,139,123,16
"2011","E00006785","E00006785","Total",176,35,15,20,141,127,14
"2011","E00006788","E00006788","Total",234,72,23,49,162,142,20
"2011","E00006765","E00006765","Total",203,69,26,43,134,127,7
"2011","E00006769","E00006769","Total",204,69,29,40,135,122,13
"2011","E00006784","E00006784","Total",244,81,28,53,163,149,14
"2011","E00006787","E00006787","Total",218,62,19,43,156,144,12
"2011","E00006772","E00006772","Total",155,41,14,27,114,103,11
"2011","E00006773","E00006773","Total",202,66,24,42,136,127,9
"2011","E00006776","E00006776","Total",161,48,19,29,113,102,11
"2011","E00006777","E00006777","Total",156,51,21,30,105,87,18
"2011","E00006760","E00006760","Total",156,56,17,39,100,88,12
"2011","E00006770","E00006770","Total",129,40,16,24,89,78,11
"2011","E00006771","E00006771","Total",96,35,14,21,61,54,7
"2011","E00006774","E00006774","Total",227,76,26,50,151,129,22
"2011","E00006761","E00006761","Total",169,46,12,34,123,108,15
"2011","E00006763","E00006763","Total",189,51,15,36,138,130,8
"2011","E00006767","E00006767","Total",181,49,11,38,132,111,21
"2011","E00006782","E00006782","Total",170,47,22,25,123,109,14
"2011","E00006786","E00006786","Total",224,76,29,47,148,124,24
"2011","E00006149","E00006149","Total",222,51,18,33,171,123,48
"2011","E00006155","E00006155","Total",173,33,13,20,140,111,29
"2011","E00006157","E00006157","Total",202,40,15,25,162,108,54
"2011","E00166851","E00166851","Total",223,37,11,26,186,153,33
"2011","E00166863","E00166863","Total",161,28,11,17,133,106,27
"2011","E00006164","E00006164","Total",162,40,11,29,122,99,23
"2011","E00006168","E00006168","Total",120,20,4,16,100,79,21
"2011","E00006170","E00006170","Total",215,31,8,23,184,143,41
"2011","E00006172","E00006172","Total",174,31,14,17,143,120,23
"2011","E00006175","E00006175","Total",190,38,14,24,152,113,39
"2011","E00006738","E00006738","Total",146,31,15,16,115,82,33
"2011","E00006739","E00006739","Total",171,31,11,20,140,103,37
"2011","E00006740","E00006740","Total",146,33,13,20,113,92,21
"2011","E00006741","E00006741","Total",135,25,8,17,110,71,39
"2011","E00006742","E00006742","Total",183,30,12,18,153,124,29
"2011","E00006744","E00006744","Total",172,37,17,20,135,89,46
"2011","E00006745","E00006745","Total",255,56,19,37,199,148,51
"2011","E00006746","E00006746","Total",132,34,16,18,98,79,19
"2011","E00006747","E00006747","Total",300,44,15,29,256,192,64
"2011","E00006716","E00006716","Total",164,39,16,23,125,91,34
"2011","E00006721","E00006721","Total",219,53,17,36,166,127,39
"2011","E00006749","E00006749","Total",186,42,13,29,144,114,30
"2011","E00006750","E00006750","Total",216,51,17,34,165,119,46
"2011","E00006753","E00006753","Total",227,35,16,19,192,159,33
"2011","E00006228","E00006228","Total",319,50,17,33,269,211,58
"2011","E00006230","E00006230","Total",231,53,14,39,178,150,28
"2011","E00006236","E00006236","Total",105,48,5,43,57,49,8
"2011","E00006237","E00006237","Total",97,41,8,33,56,52,4
"2011","E00006239","E00006239","Total",42,12,5,7,30,27,3
"2011","E00006240","E00006240","Total",156,25,9,16,131,97,34
"2011","E00006241","E00006241","Total",201,41,8,33,160,134,26
"2011","E00006231","E00006231","Total",156,33,5,28,123,110,13
"2011","E00006232","E00006232","Total",138,36,11,25,102,78,24
"2011","E00006233","E00006233","Total",123,21,10,11,102,83,19
"2011","E00006234","E00006234","Total",154,33,9,24,121,106,15
"2011","E00006235","E00006235","Total",195,42,9,33,153,125,28
"2011","E00006238","E00006238","Total",155,43,13,30,112,100,12
"2011","E00006269","E00006269","Total",135,32,10,22,103,90,13
"2011","E00006254","E00006254","Total",153,33,10,23,120,86,34
"2011","E00006255","E00006255","Total",182,50,18,32,132,105,27
"2011","E00006260","E00006260","Total",146,36,12,24,110,93,17
"2011","E00006262","E00006262","Total",167,36,7,29,131,103,28
"2011","E00006263","E00006263","Total",194,36,17,19,158,128,30
"2011","E00006869","E00006869","Total",220,37,10,27,183,156,27
"2011","E00006881","E00006881","Total",226,46,13,33,180,132,48
"2011","E00006882","E00006882","Total",179,51,15,36,128,104,24
"2011","E00006903","E00006903","Total",238,41,9,32,197,159,38
"2011","E00006906","E00006906","Total",175,38,14,24,137,113,24
"2011","E00006878","E00006878","Total",184,46,14,32,138,107,31
"2011","E00006891","E00006891","Total",150,30,12,18,120,96,24
"2011","E00006892","E00006892","Total",72,13,5,8,59,50,9
"2011","E00006894","E00006894","Total",246,54,12,42,192,153,39
"2011","E00006900","E00006900","Total",78,26,17,9,52,46,6
"2011","E00006902","E00006902","Total",70,29,15,14,41,41,0
"2011","E00006896","E00006896","Total",199,42,17,25,157,126,31
"2011","E00006897","E00006897","Total",253,72,28,44,181,150,31
"2011","E00006899","E00006899","Total",108,31,16,15,77,60,17
"2011","E00006901","E00006901","Total",228,54,11,43,174,140,34
"2011","E00006904","E00006904","Total",203,20,8,12,183,144,39
"2011","E00006063","E00006063","Total",143,40,13,27,103,89,14
"2011","E00006066","E00006066","Total",100,48,15,33,52,46,6
"2011","E00006068","E00006068","Total",103,39,13,26,64,56,8
"2011","E00006070","E00006070","Total",215,83,30,53,132,117,15
"2011","E00006071","E00006071","Total",128,47,14,33,81,74,7
"2011","E00006065","E00006065","Total",98,32,4,28,66,51,15
"2011","E00006069","E00006069","Total",148,57,12,45,91,81,10
"2011","E00006074","E00006074","Total",102,42,13,29,60,54,6
"2011","E00006076","E00006076","Total",134,38,11,27,96,89,7
"2011","E00006651","E00006651","Total",160,58,21,37,102,92,10
"2011","E00006653","E00006653","Total",115,40,11,29,75,64,11
"2011","E00006655","E00006655","Total",180,62,24,38,118,105,13
"2011","E00006656","E00006656","Total",108,47,17,30,61,47,14
"2011","E00006643","E00006643","Total",174,30,13,17,144,110,34
"2011","E00006645","E00006645","Total",112,45,13,32,67,53,14
"2011","E00006666","E00006666","Total",238,59,30,29,179,165,14
"2011","E00006667","E00006667","Total",153,57,22,35,96,87,9
"2011","E00006647","E00006647","Total",114,45,12,33,69,64,5
"2011","E00006664","E00006664","Total",231,55,21,34,176,153,23
"2011","E00006665","E00006665","Total",200,56,28,28,144,128,16
"2011","E00006668","E00006668","Total",218,69,28,41,149,133,16
"2011","E00006641","E00006641","Total",177,57,19,38,120,107,13
"2011","E00006648","E00006648","Total",122,45,15,30,77,70,7
"2011","E00006650","E00006650","Total",141,45,15,30,96,85,11
"2011","E00006654","E00006654","Total",223,60,16,44,163,137,26
"2011","E00006669","E00006669","Total",148,34,14,20,114,102,12
"2011","E00006670","E00006670","Total",340,47,18,29,293,254,39
"2011","E00006671","E00006671","Total",102,38,8,30,64,59,5
"2011","E00006672","E00006672","Total",153,55,23,32,98,79,19
"2011","E00006229","E00006229","Total",208,58,17,41,150,124,26
"2011","E00006242","E00006242","Total",162,38,16,22,124,111,13
"2011","E00006243","E00006243","Total",182,47,13,34,135,104,31
"2011","E00006244","E00006244","Total",197,35,14,21,162,136,26
"2011","E00006245","E00006245","Total",173,40,14,26,133,104,29
"2011","E00006227","E00006227","Total",154,34,7,27,120,99,21
"2011","E00006246","E00006246","Total",167,50,13,37,117,94,23
"2011","E00006249","E00006249","Total",306,76,16,60,230,186,44
"2011","E00006250","E00006250","Total",227,52,13,39,175,150,25
"2011","E00006252","E00006252","Total",184,38,12,26,146,119,27
"2011","E00006251","E00006251","Total",180,42,13,29,138,109,29
"2011","E00006256","E00006256","Total",178,38,11,27,140,112,28
"2011","E00006258","E00006258","Total",204,38,9,29,166,138,28
"2011","E00006259","E00006259","Total",198,39,10,29,159,123,36
"2011","E00006261","E00006261","Total",136,48,22,26,88,75,13
"2011","E00006226","E00006226","Total",240,61,15,46,179,145,34
"2011","E00006247","E00006247","Total",135,32,13,19,103,83,20
"2011","E00006248","E00006248","Total",142,29,12,17,113,101,12
"2011","E00006253","E00006253","Total",178,28,8,20,150,131,19
"2011","E00006257","E00006257","Total",220,50,14,36,170,139,31
"2011","E00006139","E00006139","Total",148,28,7,21,120,101,19
"2011","E00006141","E00006141","Total",153,38,12,26,115,96,19
"2011","E00006156","E00006156","Total",115,37,9,28,78,55,23
"2011","E00006158","E00006158","Total",170,40,10,30,130,107,23
"2011","E00006160","E00006160","Total",141,40,13,27,101,82,19
"2011","E00006143","E00006143","Total",159,32,10,22,127,91,36
"2011","E00006144","E00006144","Total",146,29,10,19,117,92,25
"2011","E00006147","E00006147","Total",155,32,7,25,123,96,27
"2011","E00006153","E00006153","Total",238,55,26,29,183,128,55
"2011","E00006180","E00006180","Total",159,33,13,20,126,96,30
"2011","E00006140","E00006140","Total",131,44,17,27,87,71,16
"2011","E00006145","E00006145","Total",154,33,10,23,121,97,24
"2011","E00006146","E00006146","Total",153,44,21,23,109,84,25
"2011","E00006148","E00006148","Total",171,42,13,29,129,103,26
"2011","E00006151","E00006151","Total",169,32,7,25,137,115,22
"2011","E00006142","E00006142","Total",130,30,11,19,100,87,13
"2011","E00006154","E00006154","Total",163,23,9,14,140,115,25
"2011","E00006159","E00006159","Total",170,26,8,18,144,104,40
"2011","E00006161","E00006161","Total",138,32,14,18,106,86,20
"2011","E00006162","E00006162","Total",177,30,13,17,147,115,32
"2011","E00006138","E00006138","Total",189,25,10,15,164,113,51
"2011","E00006150","E00006150","Total",198,58,21,37,140,97,43
"2011","E00006169","E00006169","Total",147,19,3,16,128,96,32
"2011","E00006176","E00006176","Total",239,31,13,18,208,158,50
"2011","E00006178","E00006178","Total",167,22,9,13,145,121,24
"2011","E00006870","E00006870","Total",142,22,10,12,120,86,34
"2011","E00006876","E00006876","Total",163,29,9,20,134,103,31
"2011","E00006885","E00006885","Total",198,50,17,33,148,107,41
"2011","E00006890","E00006890","Total",148,25,9,16,123,89,34
"2011","E00006907","E00006907","Total",158,32,14,18,126,89,37
"2011","E00006909","E00006909","Total",175,21,3,18,154,110,44
"2011","E00006478","E00006478","Total",213,47,12,35,166,117,49
"2011","E00006479","E00006479","Total",200,44,12,32,156,120,36
"2011","E00006482","E00006482","Total",212,51,11,40,161,133,28
"2011","E00006484","E00006484","Total",186,36,8,28,150,111,39
"2011","E00006513","E00006513","Total",153,38,10,28,115,91,24
"2011","E00006867","E00006867","Total",172,33,13,20,139,110,29
"2011","E00006874","E00006874","Total",185,46,18,28,139,109,30
"2011","E00006880","E00006880","Total",155,37,9,28,118,91,27
"2011","E00006886","E00006886","Total",178,52,17,35,126,99,27
"2011","E00006905","E00006905","Total",113,23,12,11,90,64,26
"2011","E00006875","E00006875","Total",204,46,13,33,158,126,32
"2011","E00006877","E00006877","Total",203,30,7,23,173,130,43
"2011","E00006879","E00006879","Total",218,44,21,23,174,137,37
"2011","E00006883","E00006883","Total",224,37,11,26,187,142,45
"2011","E00006908","E00006908","Total",188,33,10,23,155,127,28
"2011","E00006871","E00006871","Total",214,45,12,33,169,141,28
"2011","E00006872","E00006872","Total",199,33,14,19,166,134,32
"2011","E00006884","E00006884","Total",206,41,15,26,165,131,34
"2011","E00006887","E00006887","Total",178,43,17,26,135,107,28
"2011","E00006888","E00006888","Total",161,34,14,20,127,96,31
"2011","E00006868","E00006868","Total",186,48,13,35,138,98,40
"2011","E00006873","E00006873","Total",80,19,10,9,61,51,10
"2011","E00006889","E00006889","Total",155,23,15,8,132,88,44
"2011","E00006893","E00006893","Total",185,26,11,15,159,128,31
"2011","E00006895","E00006895","Total",154,22,3,19,132,100,32
"2011","E00006898","E00006898","Total",153,29,6,23,124,100,24
"2011","E00006723","E00006723","Total",131,24,8,16,107,90,17
"2011","E00006724","E00006724","Total",146,33,12,21,113,91,22
"2011","E00006725","E00006725","Total",164,39,13,26,125,95,30
"2011","E00006727","E00006727","Total",184,36,16,20,148,121,27
"2011","E00006730","E00006730","Total",135,28,4,24,107,85,22
"2011","E00006732","E00006732","Total",124,37,10,27,87,66,21
"2011","E00006713","E00006713","Total",154,26,13,13,128,99,29
"2011","E00006717","E00006717","Total",139,35,14,21,104,85,19
"2011","E00006718","E00006718","Total",161,36,11,25,125,109,16
"2011","E00006719","E00006719","Total",144,31,8,23,113,87,26
"2011","E00006720","E00006720","Total",177,35,17,18,142,110,32
"2011","E00006756","E00006756","Total",96,27,5,22,69,58,11
"2011","E00006715","E00006715","Total",118,32,10,22,86,68,18
"2011","E00006722","E00006722","Total",107,44,8,36,63,59,4
"2011","E00006728","E00006728","Total",150,53,20,33,97,83,14
"2011","E00006754","E00006754","Total",105,38,21,17,67,58,9
"2011","E00006755","E00006755","Total",74,20,9,11,54,46,8
"2011","E00006759","E00006759","Total",123,44,7,37,79,64,15
"2011","E00006726","E00006726","Total",175,35,13,22,140,112,28
"2011","E00006729","E00006729","Total",122,40,13,27,82,74,8
"2011","E00006758","E00006758","Total",112,33,13,20,79,69,10
"2011","E00166868","E00166868","Total",82,22,3,19,60,54,6
"2011","E00006714","E00006714","Total",113,36,11,25,77,73,4
"2011","E00006731","E00006731","Total",101,33,12,21,68,57,11
"2011","E00006734","E00006734","Total",93,38,14,24,55,44,11
"2011","E00006735","E00006735","Total",110,50,14,36,60,48,12
"2011","E00006737","E00006737","Total",118,41,13,28,77,66,11
"2011","E00006829","E00006829","Total",136,29,8,21,107,73,34
"2011","E00006831","E00006831","Total",170,33,14,19,137,96,41
"2011","E00006833","E00006833","Total",164,23,13,10,141,88,53
"2011","E00006834","E00006834","Total",196,29,10,19,167,110,57
"2011","E00006840","E00006840","Total",160,34,11,23,126,83,43
"2011","E00006866","E00006866","Total",149,29,12,17,120,78,42
"2011","E00006820","E00006820","Total",144,32,14,18,112,77,35
"2011","E00006822","E00006822","Total",120,19,4,15,101,62,39
"2011","E00006841","E00006841","Total",155,29,6,23,126,77,49
"2011","E00006846","E00006846","Total",175,41,18,23,134,82,52
"2011","E00006851","E00006851","Total",138,38,17,21,100,66,34
"2011","E00006853","E00006853","Total",159,32,10,22,127,77,50
"2011","E00006835","E00006835","Total",154,38,16,22,116,77,39
"2011","E00006836","E00006836","Total",154,32,10,22,122,68,54
"2011","E00006838","E00006838","Total",152,22,6,16,130,90,40
"2011","E00006839","E00006839","Total",188,22,5,17,166,109,57
"2011","E00006842","E00006842","Total",168,36,14,22,132,88,44
"2011","E00006843","E00006843","Total",142,26,5,21,116,80,36
"2011","E00006823","E00006823","Total",230,52,17,35,178,144,34
"2011","E00006828","E00006828","Total",171,31,6,25,140,89,51
"2011","E00006861","E00006861","Total",207,61,16,45,146,124,22
"2011","E00006862","E00006862","Total",179,45,17,28,134,101,33
"2011","E00006863","E00006863","Total",191,45,19,26,146,120,26
"2011","E00006264","E00006264","Total",153,42,15,27,111,93,18
"2011","E00006265","E00006265","Total",169,44,14,30,125,97,28
"2011","E00006266","E00006266","Total",121,41,16,25,80,64,16
"2011","E00006267","E00006267","Total",148,44,20,24,104,79,25
"2011","E00006268","E00006268","Total",215,40,9,31,175,144,31
"2011","E00006474","E00006474","Total",164,48,21,27,116,86,30
"2011","E00006480","E00006480","Total",177,48,20,28,129,107,22
"2011","E00006481","E00006481","Total",168,45,17,28,123,94,29
"2011","E00006487","E00006487","Total",217,60,19,41,157,126,31
"2011","E00006515","E00006515","Total",200,59,19,40,141,102,39
"2011","E00006476","E00006476","Total",205,42,16,26,163,139,24
"2011","E00006508","E00006508","Total",189,38,16,22,151,111,40
"2011","E00006510","E00006510","Total",176,51,16,35,125,99,26
"2011","E00006511","E00006511","Total",234,79,22,57,155,124,31
"2011","E00006514","E00006514","Total",158,47,11,36,111,85,26
"2011","E00006477","E00006477","Total",201,46,13,33,155,118,37
"2011","E00006485","E00006485","Total",108,21,9,12,87,75,12
"2011","E00006491","E00006491","Total",139,27,9,18,112,97,15
"2011","E00006509","E00006509","Total",143,30,10,20,113,97,16
"2011","E00006512","E00006512","Total",169,34,12,22,135,103,32
"2011","E00006516","E00006516","Total",169,44,20,24,125,92,33
"2011","E00006806","E00006806","Total",132,49,16,33,83,68,15
"2011","E00006809","E00006809","Total",165,55,18,37,110,99,11
"2011","E00006810","E00006810","Total",271,75,26,49,196,162,34
"2011","E00006814","E00006814","Total",237,62,20,42,175,156,19
"2011","E00006789","E00006789","Total",216,69,31,38,147,131,16
"2011","E00006805","E00006805","Total",153,54,9,45,99,86,13
"2011","E00006811","E00006811","Total",134,56,21,35,78,74,4
"2011","E00006816","E00006816","Total",235,82,25,57,153,139,14
"2011","E00006791","E00006791","Total",240,56,18,38,184,156,28
"2011","E00006793","E00006793","Total",181,50,16,34,131,112,19
"2011","E00006812","E00006812","Total",201,67,22,45,134,124,10
"2011","E00006815","E00006815","Total",83,39,13,26,44,39,5
"2011","E00006796","E00006796","Total",210,53,17,36,157,127,30
"2011","E00006799","E00006799","Total",195,56,25,31,139,122,17
"2011","E00006800","E00006800","Total",174,54,23,31,120,100,20
"2011","E00006813","E00006813","Total",237,66,22,44,171,151,20
"2011","E00006792","E00006792","Total",184,50,12,38,134,113,21
"2011","E00006797","E00006797","Total",214,55,17,38,159,139,20
"2011","E00006803","E00006803","Total",241,76,23,53,165,147,18
"2011","E00006819","E00006819","Total",204,73,25,48,131,117,14
"2011","E00006794","E00006794","Total",208,69,22,47,139,130,9
"2011","E00006798","E00006798","Total",164,52,18,34,112,94,18
"2011","E00006801","E00006801","Total",204,51,16,35,153,137,16
"2011","E00006802","E00006802","Total",186,60,26,34,126,110,16
"2011","E00006804","E00006804","Total",242,65,23,42,177,163,14
"2011","E00006807","E00006807","Total",187,56,18,38,131,107,24
"2011","E00006808","E00006808","Total",226,72,23,49,154,141,13
"2011","E00006644","E00006644","Total",179,50,15,35,129,108,21
"2011","E00006646","E00006646","Total",80,24,12,12,56,52,4
"2011","E00006649","E00006649","Total",243,77,18,59,166,151,15
"2011","E00006652","E00006652","Total",240,81,40,41,159,143,16
"2011","E00006657","E00006657","Total",257,54,21,33,203,178,25
"2011","E00006658","E00006658","Total",248,68,23,45,180,145,35
"2011","E00006659","E00006659","Total",125,35,13,22,90,76,14
"2011","E00006660","E00006660","Total",193,51,12,39,142,116,26
"2011","E00006642","E00006642","Total",222,59,19,40,163,139,24
"2011","E00006661","E00006661","Total",148,37,12,25,111,95,16
"2011","E00006662","E00006662","Total",103,37,9,28,66,53,13
"2011","E00006663","E00006663","Total",200,55,22,33,145,127,18
"2011","E00006790","E00006790","Total",222,55,17,38,167,147,20
"2011","E00006795","E00006795","Total",242,68,26,42,174,165,9
"2011","E00006817","E00006817","Total",179,54,14,40,125,114,11
"2011","E00006818","E00006818","Total",162,49,7,42,113,93,20
"2011","E00006483","E00006483","Total",165,32,9,23,133,93,40
"2011","E00006486","E00006486","Total",163,42,10,32,121,86,35
"2011","E00006489","E00006489","Total",241,55,19,36,186,151,35
"2011","E00006497","E00006497","Total",176,35,11,24,141,105,36
"2011","E00006499","E00006499","Total",228,43,16,27,185,150,35
"2011","E00006488","E00006488","Total",171,25,10,15,146,126,20
"2011","E00006492","E00006492","Total",130,30,9,21,100,86,14
"2011","E00006493","E00006493","Total",117,24,6,18,93,75,18
"2011","E00006496","E00006496","Total",173,31,13,18,142,114,28
"2011","E00006500","E00006500","Total",183,23,6,17,160,122,38
"2011","E00166869","E00166869","Total",195,42,18,24,153,118,35
"2011","E00006494","E00006494","Total",153,36,9,27,117,96,21
"2011","E00006498","E00006498","Total",222,55,23,32,167,137,30
"2011","E00006501","E00006501","Total",204,45,13,32,159,133,26
"2011","E00006502","E00006502","Total",171,32,8,24,139,108,31
"2011","E00006503","E00006503","Total",171,32,4,28,139,121,18
"2011","E00006475","E00006475","Total",187,31,11,20,156,124,32
"2011","E00006504","E00006504","Total",229,52,19,33,177,135,42
"2011","E00006505","E00006505","Total",149,32,15,17,117,95,22
"2011","E00006506","E00006506","Total",182,19,3,16,163,138,25
"2011","E00006507","E00006507","Total",227,50,21,29,177,141,36
"2011","E00006825","E00006825","Total",208,42,15,27,166,113,53
"2011","E00006832","E00006832","Total",160,30,8,22,130,90,40
"2011","E00006837","E00006837","Total",141,23,9,14,118,87,31
"2011","E00006844","E00006844","Total",184,26,8,18,158,112,46
"2011","E00006849","E00006849","Total",167,31,12,19,136,91,45
"2011","E00006858","E00006858","Total",190,40,8,32,150,109,41
"2011","E00006824","E00006824","Total",137,33,16,17,104,72,32
"2011","E00006826","E00006826","Total",168,42,9,33,126,100,26
"2011","E00006827","E00006827","Total",158,22,5,17,136,105,31
"2011","E00006830","E00006830","Total",126,21,7,14,105,83,22
"2011","E00006864","E00006864","Total",116,22,7,15,94,74,20
"2011","E00006865","E00006865","Total",183,28,10,18,155,121,34
"2011","E00006821","E00006821","Total",140,21,5,16,119,95,24
"2011","E00006848","E00006848","Total",198,31,10,21,167,117,50
"2011","E00006855","E00006855","Total",186,37,13,24,149,113,36
"2011","E00006856","E00006856","Total",181,29,11,18,152,103,49
"2011","E00006857","E00006857","Total",147,32,12,20,115,83,32
"2011","E00006860","E00006860","Total",195,34,14,20,161,111,50
"2011","E00006845","E00006845","Total",257,29,11,18,228,175,53
"2011","E00006847","E00006847","Total",163,23,8,15,140,103,37
"2011","E00006850","E00006850","Total",152,18,5,13,134,90,44
"2011","E00006852","E00006852","Total",148,25,10,15,123,77,46
"2011","E00006854","E00006854","Total",133,33,6,27,100,79,21
"2011","E00165797","E00165797","Total",149,18,7,11,131,97,34
"2011","E00007193","E00007193","Total",163,56,16,40,107,95,12
"2011","E00007194","E00007194","Total",147,46,17,29,101,82,19
"2011","E00007195","E00007195","Total",124,38,10,28,86,77,9
"2011","E00007196","E00007196","Total",142,50,16,34,92,74,18
"2011","E00007198","E00007198","Total",194,57,15,42,137,114,23
"2011","E00007197","E00007197","Total",153,47,13,34,106,92,14
"2011","E00007199","E00007199","Total",225,59,17,42,166,149,17
"2011","E00007202","E00007202","Total",112,34,8,26,78,72,6
"2011","E00007205","E00007205","Total",144,31,12,19,113,96,17
"2011","E00007206","E00007206","Total",152,29,7,22,123,107,16
"2011","E00007697","E00007697","Total",136,57,14,43,79,70,9
"2011","E00007699","E00007699","Total",180,59,22,37,121,108,13
"2011","E00007701","E00007701","Total",158,41,13,28,117,103,14
"2011","E00007702","E00007702","Total",148,37,13,24,111,96,15
"2011","E00007704","E00007704","Total",150,38,12,26,112,98,14
"2011","E00007687","E00007687","Total",147,36,10,26,111,99,12
"2011","E00007688","E00007688","Total",153,42,14,28,111,90,21
"2011","E00007692","E00007692","Total",181,59,20,39,122,99,23
"2011","E00007694","E00007694","Total",175,55,18,37,120,98,22
"2011","E00007696","E00007696","Total",173,50,11,39,123,98,25
"2011","E00007167","E00007167","Total",67,32,9,23,35,29,6
"2011","E00007172","E00007172","Total",136,47,14,33,89,80,9
"2011","E00007175","E00007175","Total",88,44,9,35,44,42,2
"2011","E00007180","E00007180","Total",103,38,5,33,65,57,8
"2011","E00007189","E00007189","Total",150,35,12,23,115,101,14
"2011","E00007668","E00007668","Total",142,44,15,29,98,87,11
"2011","E00007695","E00007695","Total",117,40,18,22,77,67,10
"2011","E00007698","E00007698","Total",152,54,18,36,98,84,14
"2011","E00007703","E00007703","Total",117,45,19,26,72,66,6
"2011","E00007705","E00007705","Total",109,39,12,27,70,64,6
"2011","E00007670","E00007670","Total",149,45,7,38,104,86,18
"2011","E00007673","E00007673","Total",137,51,14,37,86,75,11
"2011","E00007674","E00007674","Total",168,47,14,33,121,106,15
"2011","E00007676","E00007676","Total",115,35,13,22,80,71,9
"2011","E00007707","E00007707","Total",163,54,17,37,109,89,20
"2011","E00007669","E00007669","Total",104,36,12,24,68,62,6
"2011","E00007675","E00007675","Total",143,40,7,33,103,91,12
"2011","E00007677","E00007677","Total",154,40,9,31,114,94,20
"2011","E00007700","E00007700","Total",157,43,17,26,114,99,15
"2011","E00007706","E00007706","Total",169,61,20,41,108,93,15
"2011","E00007686","E00007686","Total",142,36,12,24,106,90,16
"2011","E00007689","E00007689","Total",112,32,7,25,80,67,13
"2011","E00007690","E00007690","Total",79,35,11,24,44,43,1
"2011","E00007691","E00007691","Total",111,46,16,30,65,57,8
"2011","E00007693","E00007693","Total",169,53,18,35,116,99,17
"2011","E00007177","E00007177","Total",231,54,25,29,177,138,39
"2011","E00007179","E00007179","Total",135,36,10,26,99,75,24
"2011","E00007182","E00007182","Total",135,37,14,23,98,86,12
"2011","E00007192","E00007192","Total",214,58,15,43,156,128,28
"2011","E00171149","E00171149","Total",157,41,9,32,116,101,15
"2011","E00171150","E00171150","Total",154,47,6,41,107,94,13
"2011","E00007168","E00007168","Total",127,41,10,31,86,78,8
"2011","E00007171","E00007171","Total",99,30,10,20,69,63,6
"2011","E00007200","E00007200","Total",150,55,18,37,95,87,8
"2011","E00007201","E00007201","Total",109,37,12,25,72,65,7
"2011","E00007203","E00007203","Total",132,50,17,33,82,74,8
"2011","E00007204","E00007204","Total",106,29,10,19,77,66,11
"2011","E00007174","E00007174","Total",146,38,11,27,108,91,17
"2011","E00007176","E00007176","Total",161,42,18,24,119,111,8
"2011","E00007184","E00007184","Total",135,38,12,26,97,80,17
"2011","E00007186","E00007186","Total",147,45,20,25,102,88,14
"2011","E00007207","E00007207","Total",147,49,14,35,98,80,18
"2011","E00007173","E00007173","Total",187,57,20,37,130,107,23
"2011","E00007183","E00007183","Total",163,43,16,27,120,91,29
"2011","E00007185","E00007185","Total",120,32,6,26,88,71,17
"2011","E00007191","E00007191","Total",183,54,15,39,129,109,20
"2011","E00007188","E00007188","Total",175,44,14,30,131,110,21
"2011","E00171169","E00171169","Total",166,40,19,21,126,100,26
"2011","E00171170","E00171170","Total",112,28,5,23,84,74,10
"2011","E00171172","E00171172","Total",111,50,15,35,61,53,8
"2011","E00171183","E00171183","Total",170,49,8,41,121,104,17
"2011","E00007170","E00007170","Total",248,73,21,52,175,146,29
"2011","E00007181","E00007181","Total",184,54,16,38,130,107,23
"2011","E00007187","E00007187","Total",178,41,12,29,137,110,27
"2011","E00171177","E00171177","Total",123,27,6,21,96,80,16
"2011","E00007000","E00007000","Total",155,47,13,34,108,87,21
"2011","E00007008","E00007008","Total",151,41,10,31,110,93,17
"2011","E00007015","E00007015","Total",155,31,10,21,124,103,21
"2011","E00007020","E00007020","Total",178,51,18,33,127,103,24
"2011","E00007023","E00007023","Total",120,15,3,12,105,88,17
"2011","E00007024","E00007024","Total",136,41,7,34,95,78,17
"2011","E00007004","E00007004","Total",164,40,15,25,124,104,20
"2011","E00007005","E00007005","Total",199,52,20,32,147,127,20
"2011","E00007019","E00007019","Total",175,42,11,31,133,115,18
"2011","E00007022","E00007022","Total",153,46,10,36,107,90,17
"2011","E00007025","E00007025","Total",117,26,7,19,91,78,13
"2011","E00007027","E00007027","Total",125,53,17,36,72,61,11
"2011","E00007029","E00007029","Total",243,67,26,41,176,112,64
"2011","E00007030","E00007030","Total",134,46,21,25,88,60,28
"2011","E00007031","E00007031","Total",144,54,15,39,90,79,11
"2011","E00007032","E00007032","Total",155,47,19,28,108,89,19
"2011","E00007033","E00007033","Total",178,59,15,44,119,105,14
"2011","E00006991","E00006991","Total",133,39,14,25,94,76,18
"2011","E00006992","E00006992","Total",184,59,25,34,125,104,21
"2011","E00006994","E00006994","Total",190,44,14,30,146,109,37
"2011","E00006995","E00006995","Total",164,54,19,35,110,83,27
"2011","E00006998","E00006998","Total",165,45,13,32,120,97,23
"2011","E00007003","E00007003","Total",73,24,8,16,49,45,4
"2011","E00007006","E00007006","Total",140,51,20,31,89,80,9
"2011","E00007013","E00007013","Total",139,41,18,23,98,95,3
"2011","E00007014","E00007014","Total",175,52,17,35,123,101,22
"2011","E00007017","E00007017","Total",48,18,7,11,30,26,4
"2011","E00006993","E00006993","Total",153,41,12,29,112,88,24
"2011","E00006996","E00006996","Total",116,38,14,24,78,65,13
"2011","E00006999","E00006999","Total",187,47,16,31,140,122,18
"2011","E00007001","E00007001","Total",148,34,6,28,114,99,15
"2011","E00007007","E00007007","Total",186,44,14,30,142,112,30
"2011","E00007012","E00007012","Total",138,37,14,23,101,83,18
"2011","E00007016","E00007016","Total",175,56,17,39,119,104,15
"2011","E00007021","E00007021","Total",117,30,6,24,87,71,16
"2011","E00007028","E00007028","Total",151,43,10,33,108,90,18
"2011","E00171155","E00171155","Total",137,39,10,29,98,87,11
"2011","E00171156","E00171156","Total",98,28,6,22,70,57,13
"2011","E00006997","E00006997","Total",130,37,12,25,93,85,8
"2011","E00007002","E00007002","Total",108,39,16,23,69,57,12
"2011","E00007009","E00007009","Total",128,39,15,24,89,77,12
"2011","E00007010","E00007010","Total",102,31,6,25,71,63,8
"2011","E00007011","E00007011","Total",84,24,7,17,60,51,9
"2011","E00007018","E00007018","Total",126,39,10,29,87,80,7
"2011","E00007510","E00007510","Total",108,28,9,19,80,67,13
"2011","E00007511","E00007511","Total",162,59,17,42,103,91,12
"2011","E00007514","E00007514","Total",164,50,16,34,114,97,17
"2011","E00007518","E00007518","Total",162,50,26,24,112,96,16
"2011","E00007520","E00007520","Total",152,42,9,33,110,90,20
"2011","E00007623","E00007623","Total",172,40,9,31,132,113,19
"2011","E00007624","E00007624","Total",180,50,15,35,130,103,27
"2011","E00007625","E00007625","Total",140,36,5,31,104,88,16
"2011","E00007666","E00007666","Total",196,64,17,47,132,106,26
"2011","E00007667","E00007667","Total",200,55,19,36,145,119,26
"2011","E00007129","E00007129","Total",93,50,13,37,43,38,5
"2011","E00007134","E00007134","Total",126,34,8,26,92,74,18
"2011","E00007135","E00007135","Total",144,64,18,46,80,59,21
"2011","E00007139","E00007139","Total",94,37,10,27,57,47,10
"2011","E00007159","E00007159","Total",129,48,8,40,81,65,16
"2011","E00007166","E00007166","Total",139,38,9,29,101,85,16
"2011","E00007151","E00007151","Total",93,28,6,22,65,59,6
"2011","E00007152","E00007152","Total",76,32,7,25,44,36,8
"2011","E00007153","E00007153","Total",147,46,19,27,101,90,11
"2011","E00007154","E00007154","Total",111,39,10,29,72,59,13
"2011","E00007157","E00007157","Total",182,52,24,28,130,112,18
"2011","E00007512","E00007512","Total",170,70,28,42,100,82,18
"2011","E00007513","E00007513","Total",99,40,10,30,59,54,5
"2011","E00007515","E00007515","Total",105,49,17,32,56,53,3
"2011","E00007516","E00007516","Total",106,35,9,26,71,66,5
"2011","E00007517","E00007517","Total",140,44,9,35,96,86,10
"2011","E00007671","E00007671","Total",86,33,9,24,53,44,9
"2011","E00007672","E00007672","Total",80,34,10,24,46,40,6
"2011","E00007678","E00007678","Total",105,44,7,37,61,56,5
"2011","E00007679","E00007679","Total",174,57,17,40,117,100,17
"2011","E00007680","E00007680","Total",103,41,8,33,62,57,5
"2011","E00007681","E00007681","Total",136,50,14,36,86,79,7
"2011","E00007682","E00007682","Total",147,44,19,25,103,82,21
"2011","E00007683","E00007683","Total",170,56,14,42,114,100,14
"2011","E00007684","E00007684","Total",151,48,12,36,103,93,10
"2011","E00007685","E00007685","Total",160,52,15,37,108,89,19
"2011","E00007128","E00007128","Total",149,44,10,34,105,92,13
"2011","E00007155","E00007155","Total",146,54,14,40,92,80,12
"2011","E00007156","E00007156","Total",239,73,23,50,166,142,24
"2011","E00007161","E00007161","Total",136,41,15,26,95,82,13
"2011","E00007126","E00007126","Total",174,61,21,40,113,94,19
"2011","E00007160","E00007160","Total",172,51,15,36,121,97,24
"2011","E00007164","E00007164","Total",158,55,20,35,103,87,16
"2011","E00007165","E00007165","Total",184,62,14,48,122,106,16
"2011","E00007125","E00007125","Total",146,37,14,23,109,94,15
"2011","E00007158","E00007158","Total",182,65,18,47,117,95,22
"2011","E00007162","E00007162","Total",149,38,12,26,111,101,10
"2011","E00007163","E00007163","Total",154,41,13,28,113,100,13
"2011","E00007130","E00007130","Total",163,59,16,43,104,96,8
"2011","E00007131","E00007131","Total",171,56,13,43,115,94,21
"2011","E00007132","E00007132","Total",138,34,11,23,104,92,12
"2011","E00007138","E00007138","Total",175,42,12,30,133,120,13
"2011","E00007140","E00007140","Total",121,39,14,25,82,73,9
"2011","E00007124","E00007124","Total",162,67,20,47,95,82,13
"2011","E00007133","E00007133","Total",169,52,18,34,117,95,22
"2011","E00007137","E00007137","Total",172,53,18,35,119,106,13
"2011","E00007143","E00007143","Total",151,39,12,27,112,95,17
"2011","E00007293","E00007293","Total",186,50,26,24,136,108,28
"2011","E00007298","E00007298","Total",134,38,10,28,96,88,8
"2011","E00007328","E00007328","Total",185,46,12,34,139,123,16
"2011","E00007331","E00007331","Total",136,36,10,26,100,81,19
"2011","E00007333","E00007333","Total",139,31,8,23,108,94,14
"2011","E00007637","E00007637","Total",77,16,3,13,61,47,14
"2011","E00007649","E00007649","Total",194,55,21,34,139,111,28
"2011","E00007653","E00007653","Total",178,36,11,25,142,113,29
"2011","E00007659","E00007659","Total",139,23,8,15,116,99,17
"2011","E00007661","E00007661","Total",79,16,3,13,63,45,18
"2011","E00007665","E00007665","Total",233,44,18,26,189,154,35
"2011","E00007628","E00007628","Total",308,72,20,52,236,201,35
"2011","E00007631","E00007631","Total",100,18,3,15,82,70,12
"2011","E00007635","E00007635","Total",227,35,12,23,192,152,40
"2011","E00007643","E00007643","Total",147,40,6,34,107,92,15
"2011","E00007648","E00007648","Total",185,42,12,30,143,126,17
"2011","E00007634","E00007634","Total",153,24,4,20,129,97,32
"2011","E00007636","E00007636","Total",137,30,10,20,107,90,17
"2011","E00007641","E00007641","Total",191,44,14,30,147,122,25
"2011","E00007642","E00007642","Total",170,44,16,28,126,105,21
"2011","E00007652","E00007652","Total",190,55,13,42,135,109,26
"2011","E00007639","E00007639","Total",123,38,9,29,85,71,14
"2011","E00007644","E00007644","Total",186,46,12,34,140,117,23
"2011","E00007646","E00007646","Total",156,47,12,35,109,98,11
"2011","E00007654","E00007654","Total",87,21,3,18,66,60,6
"2011","E00007656","E00007656","Total",151,44,14,30,107,87,20
"2011","E00007622","E00007622","Total",131,41,10,31,90,75,15
"2011","E00007627","E00007627","Total",185,47,14,33,138,119,19
"2011","E00007633","E00007633","Total",173,48,18,30,125,99,26
"2011","E00007638","E00007638","Total",184,49,20,29,135,110,25
"2011","E00007647","E00007647","Total",187,58,14,44,129,109,20
"2011","E00007626","E00007626","Total",173,54,20,34,119,97,22
"2011","E00007629","E00007629","Total",184,61,22,39,123,100,23
"2011","E00007630","E00007630","Total",159,48,18,30,111,87,24
"2011","E00007632","E00007632","Total",129,33,10,23,96,85,11
"2011","E00007640","E00007640","Total",207,68,23,45,139,109,30
"2011","E00007645","E00007645","Total",172,45,16,29,127,106,21
"2011","E00007650","E00007650","Total",159,43,8,35,116,95,21
"2011","E00007651","E00007651","Total",174,54,21,33,120,105,15
"2011","E00007655","E00007655","Total",178,49,21,28,129,106,23
"2011","E00007663","E00007663","Total",124,36,19,17,88,69,19
"2011","E00007657","E00007657","Total",157,48,22,26,109,87,22
"2011","E00007658","E00007658","Total",160,43,10,33,117,103,14
"2011","E00007660","E00007660","Total",151,48,14,34,103,90,13
"2011","E00007662","E00007662","Total",132,41,15,26,91,74,17
"2011","E00007664","E00007664","Total",153,43,15,28,110,88,22
"2011","E00007210","E00007210","Total",186,26,12,14,160,130,30
"2011","E00007211","E00007211","Total",185,45,15,30,140,114,26
"2011","E00007212","E00007212","Total",174,36,11,25,138,118,20
"2011","E00007213","E00007213","Total",87,22,8,14,65,56,9
"2011","E00007215","E00007215","Total",90,15,4,11,75,61,14
"2011","E00007217","E00007217","Total",133,37,16,21,96,77,19
"2011","E00007324","E00007324","Total",246,57,23,34,189,147,42
"2011","E00007325","E00007325","Total",109,27,8,19,82,66,16
"2011","E00007326","E00007326","Total",179,50,13,37,129,84,45
"2011","E00007327","E00007327","Total",77,17,5,12,60,51,9
"2011","E00007294","E00007294","Total",190,46,15,31,144,110,34
"2011","E00007295","E00007295","Total",133,31,9,22,102,86,16
"2011","E00007297","E00007297","Total",147,26,8,18,121,99,22
"2011","E00007301","E00007301","Total",50,9,2,7,41,38,3
"2011","E00007329","E00007329","Total",143,36,11,25,107,93,14
"2011","E00007330","E00007330","Total",129,26,5,21,103,90,13
"2011","E00007332","E00007332","Total",138,34,9,25,104,87,17
"2011","E00007296","E00007296","Total",118,29,8,21,89,76,13
"2011","E00007299","E00007299","Total",137,42,11,31,95,80,15
"2011","E00007304","E00007304","Total",222,55,26,29,167,135,32
"2011","E00007306","E00007306","Total",124,33,13,20,91,72,19
"2011","E00007308","E00007308","Total",122,25,7,18,97,76,21
"2011","E00007334","E00007334","Total",151,44,11,33,107,80,27
"2011","E00007300","E00007300","Total",149,32,10,22,117,96,21
"2011","E00007302","E00007302","Total",158,34,11,23,124,95,29
"2011","E00007305","E00007305","Total",152,35,14,21,117,89,28
"2011","E00007309","E00007309","Total",201,53,18,35,148,122,26
"2011","E00007311","E00007311","Total",144,34,15,19,110,84,26
"2011","E00007314","E00007314","Total",207,36,17,19,171,132,39
"2011","E00007058","E00007058","Total",109,32,11,21,77,58,19
"2011","E00007062","E00007062","Total",150,48,14,34,102,88,14
"2011","E00007064","E00007064","Total",53,13,0,13,40,32,8
"2011","E00007065","E00007065","Total",181,59,23,36,122,90,32
"2011","E00007066","E00007066","Total",210,61,21,40,149,118,31
"2011","E00007050","E00007050","Total",181,54,22,32,127,82,45
"2011","E00007054","E00007054","Total",175,57,21,36,118,73,45
"2011","E00007056","E00007056","Total",178,65,25,40,113,76,37
"2011","E00171166","E00171166","Total",117,30,6,24,87,60,27
"2011","E00171167","E00171167","Total",157,58,29,29,99,57,42
"2011","E00007038","E00007038","Total",153,46,18,28,107,84,23
"2011","E00007060","E00007060","Total",173,53,22,31,120,91,29
"2011","E00007061","E00007061","Total",155,58,25,33,97,74,23
"2011","E00007067","E00007067","Total",147,47,18,29,100,81,19
"2011","E00007068","E00007068","Total",107,19,7,12,88,68,20
"2011","E00007052","E00007052","Total",183,57,24,33,126,73,53
"2011","E00007053","E00007053","Total",181,60,31,29,121,76,45
"2011","E00007055","E00007055","Total",196,57,25,32,139,90,49
"2011","E00007057","E00007057","Total",200,44,21,23,156,103,53
"2011","E00007136","E00007136","Total",129,42,13,29,87,73,14
"2011","E00007141","E00007141","Total",140,43,14,29,97,86,11
"2011","E00007144","E00007144","Total",141,39,17,22,102,88,14
"2011","E00007146","E00007146","Total",104,35,12,23,69,59,10
"2011","E00007147","E00007147","Total",130,40,11,29,90,81,9
"2011","E00007460","E00007460","Total",126,36,10,26,90,80,10
"2011","E00007464","E00007464","Total",144,58,15,43,86,67,19
"2011","E00007469","E00007469","Total",151,55,15,40,96,74,22
"2011","E00007470","E00007470","Total",167,68,15,53,99,92,7
"2011","E00007459","E00007459","Total",146,49,15,34,97,83,14
"2011","E00007461","E00007461","Total",185,80,27,53,105,91,14
"2011","E00007462","E00007462","Total",154,54,14,40,100,86,14
"2011","E00007466","E00007466","Total",206,86,23,63,120,105,15
"2011","E00007468","E00007468","Total",191,69,20,49,122,107,15
"2011","E00007471","E00007471","Total",178,51,15,36,127,107,20
"2011","E00007475","E00007475","Total",124,46,13,33,78,64,14
"2011","E00007486","E00007486","Total",152,75,23,52,77,60,17
"2011","E00007489","E00007489","Total",111,27,9,18,84,71,13
"2011","E00007476","E00007476","Total",162,71,22,49,91,71,20
"2011","E00007483","E00007483","Total",146,53,15,38,93,83,10
"2011","E00007487","E00007487","Total",170,64,26,38,106,88,18
"2011","E00171158","E00171158","Total",135,51,20,31,84,78,6
"2011","E00171480","E00171480","Total",187,54,25,29,133,118,15
"2011","E00007499","E00007499","Total",148,49,18,31,99,84,15
"2011","E00007519","E00007519","Total",122,35,11,24,87,78,9
"2011","E00007521","E00007521","Total",135,35,9,26,100,80,20
"2011","E00007522","E00007522","Total",118,39,13,26,79,69,10
"2011","E00007523","E00007523","Total",172,44,12,32,128,113,15
"2011","E00007035","E00007035","Total",214,73,22,51,141,112,29
"2011","E00007039","E00007039","Total",144,47,20,27,97,73,24
"2011","E00007063","E00007063","Total",188,50,17,33,138,115,23
"2011","E00007069","E00007069","Total",174,55,29,26,119,89,30
"2011","E00007072","E00007072","Total",155,45,18,27,110,88,22
"2011","E00007303","E00007303","Total",147,49,17,32,98,78,20
"2011","E00007307","E00007307","Total",156,51,14,37,105,78,27
"2011","E00007310","E00007310","Total",128,35,13,22,93,70,23
"2011","E00007315","E00007315","Total",145,36,10,26,109,80,29
"2011","E00007316","E00007316","Total",157,59,26,33,98,84,14
"2011","E00007312","E00007312","Total",209,75,31,44,134,111,23
"2011","E00007313","E00007313","Total",155,53,22,31,102,88,14
"2011","E00007320","E00007320","Total",139,49,18,31,90,72,18
"2011","E00007322","E00007322","Total",158,72,28,44,86,73,13
"2011","E00007317","E00007317","Total",145,37,19,18,108,83,25
"2011","E00007318","E00007318","Total",186,61,22,39,125,106,19
"2011","E00007319","E00007319","Total",139,34,11,23,105,86,19
"2011","E00007321","E00007321","Total",148,39,10,29,109,85,24
"2011","E00007323","E00007323","Total",166,56,23,33,110,98,12
"2011","E00007127","E00007127","Total",253,78,23,55,175,151,24
"2011","E00007142","E00007142","Total",85,28,5,23,57,51,6
"2011","E00007148","E00007148","Total",114,28,5,23,86,69,17
"2011","E00007149","E00007149","Total",72,34,12,22,38,31,7
"2011","E00007150","E00007150","Total",81,28,5,23,53,45,8
"2011","E00171159","E00171159","Total",62,19,9,10,43,33,10
"2011","E00171163","E00171163","Total",99,38,8,30,61,52,9
"2011","E00171164","E00171164","Total",102,35,8,27,67,49,18
"2011","E00007463","E00007463","Total",158,51,13,38,107,94,13
"2011","E00007473","E00007473","Total",155,41,8,33,114,100,14
"2011","E00007477","E00007477","Total",114,37,15,22,77,64,13
"2011","E00007481","E00007481","Total",170,72,21,51,98,88,10
"2011","E00007472","E00007472","Total",176,69,23,46,107,95,12
"2011","E00007474","E00007474","Total",148,52,12,40,96,84,12
"2011","E00007478","E00007478","Total",153,55,16,39,98,85,13
"2011","E00007480","E00007480","Total",106,41,15,26,65,53,12
"2011","E00007482","E00007482","Total",118,44,9,35,74,61,13
"2011","E00007465","E00007465","Total",128,62,16,46,66,59,7
"2011","E00007479","E00007479","Total",134,70,19,51,64,56,8
"2011","E00007485","E00007485","Total",87,47,13,34,40,38,2
"2011","E00007491","E00007491","Total",109,45,11,34,64,56,8
"2011","E00006978","E00006978","Total",156,30,11,19,126,92,34
"2011","E00006979","E00006979","Total",120,34,13,21,86,66,20
"2011","E00006982","E00006982","Total",122,35,13,22,87,66,21
"2011","E00006983","E00006983","Total",168,51,23,28,117,85,32
"2011","E00006987","E00006987","Total",153,19,8,11,134,103,31
"2011","E00006990","E00006990","Total",91,10,0,10,81,65,16
"2011","E00006980","E00006980","Total",163,46,10,36,117,90,27
"2011","E00006981","E00006981","Total",176,49,17,32,127,106,21
"2011","E00006984","E00006984","Total",161,57,18,39,104,85,19
"2011","E00006985","E00006985","Total",145,53,18,35,92,76,16
"2011","E00006986","E00006986","Total",133,33,12,21,100,87,13
"2011","E00007218","E00007218","Total",135,27,8,19,108,83,25
"2011","E00007220","E00007220","Total",125,27,6,21,98,83,15
"2011","E00007223","E00007223","Total",120,35,10,25,85,68,17
"2011","E00007226","E00007226","Total",132,28,9,19,104,80,24
"2011","E00007232","E00007232","Total",116,32,13,19,84,70,14
"2011","E00171152","E00171152","Total",163,37,18,19,126,97,29
"2011","E00171153","E00171153","Total",149,38,10,28,111,91,20
"2011","E00007527","E00007527","Total",102,23,7,16,79,72,7
"2011","E00007528","E00007528","Total",124,40,9,31,84,75,9
"2011","E00007532","E00007532","Total",174,42,17,25,132,120,12
"2011","E00007534","E00007534","Total",184,42,16,26,142,117,25
"2011","E00007537","E00007537","Total",135,24,5,19,111,97,14
"2011","E00007538","E00007538","Total",178,59,13,46,119,99,20
"2011","E00007502","E00007502","Total",125,45,14,31,80,68,12
"2011","E00007503","E00007503","Total",122,41,13,28,81,75,6
"2011","E00007507","E00007507","Total",217,64,23,41,153,135,18
"2011","E00007508","E00007508","Total",183,48,19,29,135,118,17
"2011","E00007509","E00007509","Total",92,35,7,28,57,50,7
"2011","E00006950","E00006950","Total",168,46,14,32,122,107,15
"2011","E00006951","E00006951","Total",138,29,14,15,109,93,16
"2011","E00006988","E00006988","Total",166,49,14,35,117,99,18
"2011","E00006989","E00006989","Total",177,49,15,34,128,108,20
"2011","E00007356","E00007356","Total",162,51,12,39,111,94,17
"2011","E00007358","E00007358","Total",196,63,15,48,133,107,26
"2011","E00007362","E00007362","Total",187,57,26,31,130,114,16
"2011","E00007365","E00007365","Total",134,47,14,33,87,78,9
"2011","E00007354","E00007354","Total",167,46,16,30,121,105,16
"2011","E00007355","E00007355","Total",148,54,25,29,94,86,8
"2011","E00007359","E00007359","Total",114,39,10,29,75,65,10
"2011","E00007363","E00007363","Total",137,53,15,38,84,74,10
"2011","E00007498","E00007498","Total",128,43,11,32,85,76,9
"2011","E00007530","E00007530","Total",140,35,8,27,105,89,16
"2011","E00007533","E00007533","Total",178,45,8,37,133,115,18
"2011","E00007535","E00007535","Total",163,48,23,25,115,93,22
"2011","E00007536","E00007536","Total",205,64,28,36,141,120,21
"2011","E00007500","E00007500","Total",213,60,20,40,153,131,22
"2011","E00007501","E00007501","Total",194,53,13,40,141,110,31
"2011","E00007504","E00007504","Total",120,39,9,30,81,70,11
"2011","E00007505","E00007505","Total",173,46,13,33,127,109,18
"2011","E00007506","E00007506","Total",185,57,18,39,128,111,17
"2011","E00007524","E00007524","Total",174,63,24,39,111,97,14
"2011","E00007525","E00007525","Total",157,36,6,30,121,100,21
"2011","E00007526","E00007526","Total",154,41,14,27,113,103,10
"2011","E00007529","E00007529","Total",201,34,9,25,167,144,23
"2011","E00007531","E00007531","Total",221,61,21,40,160,136,24
"2011","E00007216","E00007216","Total",156,29,14,15,127,106,21
"2011","E00007221","E00007221","Total",173,39,14,25,134,91,43
"2011","E00007222","E00007222","Total",178,52,13,39,126,102,24
"2011","E00007227","E00007227","Total",138,37,14,23,101,78,23
"2011","E00007233","E00007233","Total",142,49,18,31,93,74,19
"2011","E00007225","E00007225","Total",201,60,31,29,141,99,42
"2011","E00007231","E00007231","Total",184,64,30,34,120,79,41
"2011","E00007237","E00007237","Total",154,43,16,27,111,77,34
"2011","E00007247","E00007247","Total",146,46,15,31,100,80,20
"2011","E00007208","E00007208","Total",160,48,16,32,112,71,41
"2011","E00007219","E00007219","Total",134,37,11,26,97,78,19
"2011","E00007224","E00007224","Total",180,52,15,37,128,100,28
"2011","E00007228","E00007228","Total",202,68,31,37,134,96,38
"2011","E00007238","E00007238","Total",113,26,10,16,87,75,12
"2011","E00007229","E00007229","Total",111,26,8,18,85,49,36
"2011","E00007230","E00007230","Total",179,49,18,31,130,98,32
"2011","E00007234","E00007234","Total",137,55,21,34,82,54,28
"2011","E00007236","E00007236","Total",167,48,21,27,119,91,28
"2011","E00007240","E00007240","Total",166,43,16,27,123,87,36
"2011","E00007357","E00007357","Total",190,56,17,39,134,111,23
"2011","E00007360","E00007360","Total",113,42,13,29,71,62,9
"2011","E00007361","E00007361","Total",120,40,8,32,80,73,7
"2011","E00007364","E00007364","Total",125,46,16,30,79,72,7
"2011","E00007369","E00007369","Total",149,46,15,31,103,94,9
"2011","E00007339","E00007339","Total",134,48,14,34,86,76,10
"2011","E00007366","E00007366","Total",150,51,13,38,99,87,12
"2011","E00007368","E00007368","Total",120,49,13,36,71,64,7
"2011","E00007370","E00007370","Total",135,50,19,31,85,73,12
"2011","E00007371","E00007371","Total",134,49,24,25,85,77,8
"2011","E00007335","E00007335","Total",161,50,17,33,111,104,7
"2011","E00007342","E00007342","Total",134,56,21,35,78,68,10
"2011","E00007346","E00007346","Total",197,57,20,37,140,127,13
"2011","E00007375","E00007375","Total",196,67,17,50,129,113,16
"2011","E00007488","E00007488","Total",172,69,31,38,103,91,12
"2011","E00007492","E00007492","Total",156,62,24,38,94,83,11
"2011","E00007497","E00007497","Total",144,47,14,33,97,89,8
"2011","E00171161","E00171161","Total",114,40,11,29,74,66,8
"2011","E00171181","E00171181","Total",124,60,28,32,64,60,4
"2011","E00007484","E00007484","Total",149,55,18,37,94,75,19
"2011","E00007493","E00007493","Total",162,43,14,29,119,107,12
"2011","E00007494","E00007494","Total",130,48,11,37,82,75,7
"2011","E00007495","E00007495","Total",172,55,14,41,117,102,15
"2011","E00007496","E00007496","Total",136,47,23,24,89,79,10
"2011","E00007564","E00007564","Total",141,56,18,38,85,67,18
"2011","E00007565","E00007565","Total",99,25,9,16,74,66,8
"2011","E00007566","E00007566","Total",169,42,23,19,127,96,31
"2011","E00007569","E00007569","Total",174,46,6,40,128,118,10
"2011","E00007572","E00007572","Total",204,57,22,35,147,108,39
"2011","E00007540","E00007540","Total",185,34,13,21,151,120,31
"2011","E00007541","E00007541","Total",174,43,18,25,131,104,27
"2011","E00007542","E00007542","Total",157,51,12,39,106,79,27
"2011","E00007543","E00007543","Total",193,50,14,36,143,117,26
"2011","E00007544","E00007544","Total",171,46,15,31,125,104,21
"2011","E00007545","E00007545","Total",169,36,13,23,133,106,27
"2011","E00007546","E00007546","Total",56,11,3,8,45,39,6
"2011","E00007550","E00007550","Total",192,62,16,46,130,98,32
"2011","E00007551","E00007551","Total",168,41,14,27,127,94,33
"2011","E00007553","E00007553","Total",112,23,7,16,89,71,18
"2011","E00007562","E00007562","Total",147,50,17,33,97,62,35
"2011","E00007548","E00007548","Total",159,40,7,33,119,100,19
"2011","E00007549","E00007549","Total",140,36,15,21,104,79,25
"2011","E00007552","E00007552","Total",64,29,9,20,35,30,5
"2011","E00007555","E00007555","Total",170,51,18,33,119,99,20
"2011","E00007559","E00007559","Total",129,43,9,34,86,74,12
"2011","E00007547","E00007547","Total",134,33,8,25,101,78,23
"2011","E00007554","E00007554","Total",180,53,19,34,127,98,29
"2011","E00007557","E00007557","Total",134,29,6,23,105,80,25
"2011","E00007560","E00007560","Total",132,36,15,21,96,67,29
"2011","E00007561","E00007561","Total",181,54,22,32,127,103,24
"2011","E00007037","E00007037","Total",135,32,12,20,103,92,11
"2011","E00007040","E00007040","Total",169,38,11,27,131,98,33
"2011","E00007041","E00007041","Total",116,29,16,13,87,73,14
"2011","E00007059","E00007059","Total",177,60,26,34,117,79,38
"2011","E00007070","E00007070","Total",152,35,15,20,117,90,27
"2011","E00007071","E00007071","Total",166,53,21,32,113,91,22
"2011","E00007042","E00007042","Total",183,62,18,44,121,96,25
"2011","E00007043","E00007043","Total",147,41,11,30,106,88,18
"2011","E00007044","E00007044","Total",139,40,13,27,99,70,29
"2011","E00007045","E00007045","Total",87,39,9,30,48,37,11
"2011","E00007073","E00007073","Total",126,56,23,33,70,57,13
"2011","E00007034","E00007034","Total",66,27,14,13,39,31,8
"2011","E00007036","E00007036","Total",136,46,15,31,90,82,8
"2011","E00007046","E00007046","Total",95,36,7,29,59,50,9
"2011","E00007047","E00007047","Total",128,39,11,28,89,72,17
"2011","E00007048","E00007048","Total",124,47,19,28,77,62,15
"2011","E00007049","E00007049","Total",168,63,23,40,105,83,22
"2011","E00007568","E00007568","Total",126,40,12,28,86,70,16
"2011","E00007571","E00007571","Total",124,32,10,22,92,76,16
"2011","E00007573","E00007573","Total",197,38,13,25,159,124,35
"2011","E00007575","E00007575","Total",186,37,11,26,149,123,26
"2011","E00007576","E00007576","Total",139,38,10,28,101,80,21
"2011","E00007577","E00007577","Total",133,20,8,12,113,94,19
"2011","E00171178","E00171178","Total",128,42,18,24,86,69,17
"2011","E00171180","E00171180","Total",164,34,13,21,130,113,17
"2011","E00171481","E00171481","Total",169,60,16,44,109,88,21
"2011","E00007539","E00007539","Total",185,46,21,25,139,111,28
"2011","E00007556","E00007556","Total",171,46,11,35,125,108,17
"2011","E00007558","E00007558","Total",181,46,14,32,135,117,18
"2011","E00007563","E00007563","Total",151,38,19,19,113,93,20
"2011","E00007570","E00007570","Total",196,55,24,31,141,114,27
"2011","E00006953","E00006953","Total",185,53,25,28,132,102,30
"2011","E00006954","E00006954","Total",196,48,22,26,148,120,28
"2011","E00006955","E00006955","Total",180,52,16,36,128,106,22
"2011","E00006956","E00006956","Total",190,54,19,35,136,121,15
"2011","E00006958","E00006958","Total",227,62,21,41,165,147,18
"2011","E00006962","E00006962","Total",196,56,20,36,140,117,23
"2011","E00006963","E00006963","Total",180,52,21,31,128,103,25
"2011","E00006966","E00006966","Total",168,55,21,34,113,95,18
"2011","E00006952","E00006952","Total",97,26,8,18,71,58,13
"2011","E00006957","E00006957","Total",144,44,9,35,100,89,11
"2011","E00006959","E00006959","Total",151,49,20,29,102,80,22
"2011","E00006960","E00006960","Total",144,40,12,28,104,84,20
"2011","E00006961","E00006961","Total",188,46,14,32,142,121,21
"2011","E00006964","E00006964","Total",183,41,11,30,142,108,34
"2011","E00006965","E00006965","Total",141,33,17,16,108,90,18
"2011","E00006968","E00006968","Total",245,59,17,42,186,151,35
"2011","E00006969","E00006969","Total",198,54,17,37,144,100,44
"2011","E00006970","E00006970","Total",186,53,24,29,133,106,27
"2011","E00006949","E00006949","Total",168,58,20,38,110,92,18
"2011","E00006967","E00006967","Total",88,17,9,8,71,58,13
"2011","E00006971","E00006971","Total",125,31,15,16,94,76,18
"2011","E00006972","E00006972","Total",196,56,19,37,140,119,21
"2011","E00006973","E00006973","Total",145,39,15,24,106,89,17
"2011","E00007209","E00007209","Total",166,50,16,34,116,92,24
"2011","E00007235","E00007235","Total",171,62,19,43,109,94,15
"2011","E00007239","E00007239","Total",141,34,16,18,107,71,36
"2011","E00007245","E00007245","Total",132,47,24,23,85,69,16
"2011","E00007246","E00007246","Total",177,53,15,38,124,96,28
"2011","E00007241","E00007241","Total",185,53,18,35,132,90,42
"2011","E00007242","E00007242","Total",186,57,20,37,129,95,34
"2011","E00007243","E00007243","Total",163,47,22,25,116,91,25
"2011","E00007244","E00007244","Total",171,48,24,24,123,91,32
"2011","E00007760","E00007760","Total",165,42,13,29,123,92,31
"2011","E00007763","E00007763","Total",187,39,10,29,148,115,33
"2011","E00007765","E00007765","Total",190,60,23,37,130,106,24
"2011","E00007766","E00007766","Total",166,41,20,21,125,89,36
"2011","E00007775","E00007775","Total",162,42,13,29,120,94,26
"2011","E00007788","E00007788","Total",150,41,18,23,109,93,16
"2011","E00007789","E00007789","Total",146,50,18,32,96,67,29
"2011","E00007790","E00007790","Total",190,51,15,36,139,97,42
"2011","E00007791","E00007791","Total",131,36,15,21,95,66,29
"2011","E00007792","E00007792","Total",161,53,17,36,108,84,24
"2011","E00007756","E00007756","Total",163,46,15,31,117,94,23
"2011","E00007767","E00007767","Total",224,67,18,49,157,115,42
"2011","E00007769","E00007769","Total",205,53,22,31,152,108,44
"2011","E00007771","E00007771","Total",175,62,30,32,113,84,29
"2011","E00007754","E00007754","Total",226,72,26,46,154,108,46
"2011","E00007755","E00007755","Total",176,41,10,31,135,99,36
"2011","E00007757","E00007757","Total",175,38,15,23,137,98,39
"2011","E00007758","E00007758","Total",138,29,8,21,109,87,22
"2011","E00007759","E00007759","Total",138,33,11,22,105,77,28
"2011","E00007762","E00007762","Total",147,34,10,24,113,85,28
"2011","E00007340","E00007340","Total",146,45,11,34,101,85,16
"2011","E00007343","E00007343","Total",143,61,29,32,82,76,6
"2011","E00007349","E00007349","Total",125,40,6,34,85,74,11
"2011","E00007350","E00007350","Total",174,61,21,40,113,101,12
"2011","E00007373","E00007373","Total",109,49,15,34,60,50,10
"2011","E00007337","E00007337","Total",140,49,16,33,91,79,12
"2011","E00007338","E00007338","Total",156,53,21,32,103,88,15
"2011","E00007341","E00007341","Total",143,52,12,40,91,82,9
"2011","E00007345","E00007345","Total",130,38,19,19,92,83,9
"2011","E00007351","E00007351","Total",132,54,21,33,78,73,5
"2011","E00007383","E00007383","Total",159,50,12,38,109,94,15
"2011","E00007384","E00007384","Total",139,45,12,33,94,84,10
"2011","E00007390","E00007390","Total",128,56,15,41,72,61,11
"2011","E00007398","E00007398","Total",150,57,9,48,93,87,6
"2011","E00007400","E00007400","Total",142,42,14,28,100,79,21
"2011","E00007387","E00007387","Total",130,40,14,26,90,75,15
"2011","E00007392","E00007392","Total",157,49,24,25,108,95,13
"2011","E00007395","E00007395","Total",122,34,12,22,88,69,19
"2011","E00007397","E00007397","Total",178,64,20,44,114,103,11
"2011","E00007407","E00007407","Total",134,62,13,49,72,58,14
"2011","E00007391","E00007391","Total",164,58,13,45,106,91,15
"2011","E00007393","E00007393","Total",127,46,18,28,81,70,11
"2011","E00007396","E00007396","Total",140,46,10,36,94,84,10
"2011","E00007404","E00007404","Total",143,51,23,28,92,79,13
"2011","E00007408","E00007408","Total",228,94,17,77,134,113,21
"2011","E00007248","E00007248","Total",176,47,20,27,129,112,17
"2011","E00007281","E00007281","Total",180,49,16,33,131,114,17
"2011","E00007282","E00007282","Total",149,44,11,33,105,93,12
"2011","E00007283","E00007283","Total",101,29,8,21,72,64,8
"2011","E00007285","E00007285","Total",129,45,16,29,84,73,11
"2011","E00007250","E00007250","Total",130,51,15,36,79,75,4
"2011","E00007251","E00007251","Total",141,53,11,42,88,78,10
"2011","E00007252","E00007252","Total",113,51,14,37,62,56,6
"2011","E00007287","E00007287","Total",137,61,14,47,76,64,12
"2011","E00007288","E00007288","Total",117,48,7,41,69,63,6
"2011","E00007249","E00007249","Total",160,59,17,42,101,88,13
"2011","E00007286","E00007286","Total",143,38,10,28,105,95,10
"2011","E00007289","E00007289","Total",132,41,14,27,91,81,10
"2011","E00007290","E00007290","Total",112,37,10,27,75,65,10
"2011","E00007344","E00007344","Total",136,48,20,28,88,79,9
"2011","E00007367","E00007367","Total",203,66,22,44,137,120,17
"2011","E00007372","E00007372","Total",187,48,18,30,139,123,16
"2011","E00007374","E00007374","Total",165,49,13,36,116,103,13
"2011","E00007385","E00007385","Total",134,42,8,34,92,76,16
"2011","E00007386","E00007386","Total",148,56,13,43,92,85,7
"2011","E00007388","E00007388","Total",159,58,15,43,101,87,14
"2011","E00007389","E00007389","Total",141,46,11,35,95,88,7
"2011","E00007394","E00007394","Total",167,57,13,44,110,101,9
"2011","E00007336","E00007336","Total",91,35,12,23,56,52,4
"2011","E00007347","E00007347","Total",98,38,11,27,60,47,13
"2011","E00007348","E00007348","Total",134,41,10,31,93,80,13
"2011","E00007352","E00007352","Total",87,46,17,29,41,38,3
"2011","E00007353","E00007353","Total",73,31,14,17,42,38,4
"2011","E00007405","E00007405","Total",148,64,28,36,84,72,12
"2011","E00007410","E00007410","Total",165,50,15,35,115,100,15
"2011","E00007411","E00007411","Total",147,52,19,33,95,82,13
"2011","E00007413","E00007413","Total",122,53,23,30,69,61,8
"2011","E00007414","E00007414","Total",95,37,12,25,58,54,4
"2011","E00007376","E00007376","Total",111,36,7,29,75,64,11
"2011","E00007379","E00007379","Total",140,49,14,35,91,84,7
"2011","E00007381","E00007381","Total",155,55,11,44,100,91,9
"2011","E00007382","E00007382","Total",91,32,10,22,59,50,9
"2011","E00171135","E00171135","Total",53,21,6,15,32,29,3
"2011","E00171136","E00171136","Total",99,44,10,34,55,45,10
"2011","E00171138","E00171138","Total",82,25,2,23,57,51,6
"2011","E00007378","E00007378","Total",174,56,18,38,118,107,11
"2011","E00007406","E00007406","Total",156,57,21,36,99,89,10
"2011","E00007409","E00007409","Total",151,56,23,33,95,84,11
"2011","E00007412","E00007412","Total",148,49,15,34,99,91,8
"2011","E00007415","E00007415","Total",127,36,11,25,91,72,19
"2011","E00171128","E00171128","Total",133,40,5,35,93,81,12
"2011","E00171130","E00171130","Total",112,54,15,39,58,50,8
"2011","E00171131","E00171131","Total",121,50,16,34,71,63,8
"2011","E00171133","E00171133","Total",94,36,11,25,58,48,10
"2011","E00171139","E00171139","Total",102,33,4,29,69,59,10
"2011","E00007399","E00007399","Total",124,54,15,39,70,59,11
"2011","E00007401","E00007401","Total",97,46,18,28,51,48,3
"2011","E00007402","E00007402","Total",90,49,10,39,41,34,7
"2011","E00007403","E00007403","Total",161,43,16,27,118,102,16
"2011","E00006974","E00006974","Total",166,45,18,27,121,92,29
"2011","E00006975","E00006975","Total",181,55,20,35,126,106,20
"2011","E00006976","E00006976","Total",180,57,17,40,123,106,17
"2011","E00006977","E00006977","Total",144,39,16,23,105,94,11
"2011","E00007420","E00007420","Total",128,39,9,30,89,81,8
"2011","E00007452","E00007452","Total",91,30,9,21,61,48,13
"2011","E00007453","E00007453","Total",186,66,24,42,120,94,26
"2011","E00007454","E00007454","Total",86,22,9,13,64,53,11
"2011","E00007456","E00007456","Total",159,45,12,33,114,90,24
"2011","E00007457","E00007457","Total",103,38,17,21,65,59,6
"2011","E00007427","E00007427","Total",181,50,20,30,131,109,22
"2011","E00007435","E00007435","Total",160,45,16,29,115,86,29
"2011","E00007455","E00007455","Total",153,48,10,38,105,81,24
"2011","E00007458","E00007458","Total",198,68,25,43,130,97,33
"2011","E00007419","E00007419","Total",165,55,18,37,110,85,25
"2011","E00007428","E00007428","Total",149,38,17,21,111,94,17
"2011","E00007429","E00007429","Total",141,47,19,28,94,76,18
"2011","E00007431","E00007431","Total",172,49,17,32,123,108,15
"2011","E00007443","E00007443","Total",178,49,9,40,129,113,16
"2011","E00007761","E00007761","Total",190,63,17,46,127,104,23
"2011","E00007764","E00007764","Total",220,56,12,44,164,129,35
"2011","E00007768","E00007768","Total",175,55,22,33,120,104,16
"2011","E00007772","E00007772","Total",150,31,5,26,119,97,22
"2011","E00007773","E00007773","Total",168,42,13,29,126,93,33
"2011","E00007075","E00007075","Total",129,53,14,39,76,61,15
"2011","E00007092","E00007092","Total",92,33,11,22,59,55,4
"2011","E00007094","E00007094","Total",149,56,9,47,93,74,19
"2011","E00007100","E00007100","Total",150,48,17,31,102,96,6
"2011","E00007102","E00007102","Total",144,54,22,32,90,73,17
"2011","E00007076","E00007076","Total",134,57,17,40,77,62,15
"2011","E00007089","E00007089","Total",143,53,14,39,90,73,17
"2011","E00007106","E00007106","Total",130,56,23,33,74,66,8
"2011","E00007115","E00007115","Total",111,40,11,29,71,64,7
"2011","E00007121","E00007121","Total",106,54,12,42,52,44,8
"2011","E00007103","E00007103","Total",92,34,9,25,58,51,7
"2011","E00007108","E00007108","Total",133,57,19,38,76,64,12
"2011","E00007109","E00007109","Total",138,46,11,35,92,82,10
"2011","E00007110","E00007110","Total",125,34,8,26,91,78,13
"2011","E00007112","E00007112","Total",65,24,6,18,41,39,2
"2011","E00007254","E00007254","Total",68,28,7,21,40,31,9
"2011","E00007255","E00007255","Total",130,34,10,24,96,82,14
"2011","E00007284","E00007284","Total",111,41,9,32,70,58,12
"2011","E00007291","E00007291","Total",153,62,22,40,91,75,16
"2011","E00007292","E00007292","Total",139,50,18,32,89,81,8
"2011","E00007257","E00007257","Total",157,53,22,31,104,83,21
"2011","E00007259","E00007259","Total",161,47,20,27,114,96,18
"2011","E00007261","E00007261","Total",168,53,14,39,115,104,11
"2011","E00007567","E00007567","Total",207,44,13,31,163,123,40
"2011","E00007578","E00007578","Total",199,51,20,31,148,113,35
"2011","E00007579","E00007579","Total",181,50,14,36,131,93,38
"2011","E00007580","E00007580","Total",168,38,8,30,130,112,18
"2011","E00007581","E00007581","Total",145,37,10,27,108,80,28
"2011","E00007596","E00007596","Total",205,67,35,32,138,105,33
"2011","E00007597","E00007597","Total",193,41,18,23,152,112,40
"2011","E00007598","E00007598","Total",202,53,28,25,149,118,31
"2011","E00007601","E00007601","Total",179,53,20,33,126,91,35
"2011","E00007599","E00007599","Total",182,50,13,37,132,101,31
"2011","E00007600","E00007600","Total",193,46,20,26,147,100,47
"2011","E00007602","E00007602","Total",188,55,18,37,133,103,30
"2011","E00007604","E00007604","Total",197,51,18,33,146,116,30
"2011","E00007606","E00007606","Total",187,44,16,28,143,103,40
"2011","E00007603","E00007603","Total",193,61,19,42,132,92,40
"2011","E00007608","E00007608","Total",179,65,25,40,114,84,30
"2011","E00007610","E00007610","Total",164,39,18,21,125,101,24
"2011","E00007612","E00007612","Total",194,53,20,33,141,101,40
"2011","E00007614","E00007614","Total",208,45,16,29,163,128,35
"2011","E00007615","E00007615","Total",160,56,21,35,104,80,24
"2011","E00007618","E00007618","Total",178,63,23,40,115,91,24
"2011","E00007620","E00007620","Total",176,53,17,36,123,101,22
"2011","E00007417","E00007417","Total",222,57,20,37,165,137,28
"2011","E00007418","E00007418","Total",244,67,23,44,177,147,30
"2011","E00007421","E00007421","Total",160,48,10,38,112,93,19
"2011","E00007423","E00007423","Total",195,43,16,27,152,122,30
"2011","E00007433","E00007433","Total",200,47,15,32,153,127,26
"2011","E00007430","E00007430","Total",227,53,17,36,174,146,28
"2011","E00007432","E00007432","Total",239,90,32,58,149,128,21
"2011","E00007436","E00007436","Total",173,58,16,42,115,102,13
"2011","E00007437","E00007437","Total",223,67,21,46,156,133,23
"2011","E00007440","E00007440","Total",187,46,15,31,141,106,35
"2011","E00007770","E00007770","Total",169,35,7,28,134,107,27
"2011","E00007774","E00007774","Total",197,44,12,32,153,115,38
"2011","E00007776","E00007776","Total",213,48,14,34,165,127,38
"2011","E00007781","E00007781","Total",167,52,28,24,115,90,25
"2011","E00007782","E00007782","Total",125,44,15,29,81,72,9
"2011","E00007753","E00007753","Total",145,41,12,29,104,71,33
"2011","E00007777","E00007777","Total",155,43,12,31,112,93,19
"2011","E00007778","E00007778","Total",213,51,20,31,162,135,27
"2011","E00007779","E00007779","Total",195,40,15,25,155,119,36
"2011","E00007780","E00007780","Total",109,34,10,24,75,61,14
"2011","E00007783","E00007783","Total",152,39,15,24,113,91,22
"2011","E00007784","E00007784","Total",240,61,20,41,179,139,40
"2011","E00007785","E00007785","Total",202,61,25,36,141,110,31
"2011","E00007786","E00007786","Total",172,42,14,28,130,90,40
"2011","E00007787","E00007787","Total",167,44,10,34,123,92,31
"2011","E00007096","E00007096","Total",61,27,11,16,34,33,1
"2011","E00007099","E00007099","Total",155,41,10,31,114,101,13
"2011","E00007107","E00007107","Total",114,41,10,31,73,69,4
"2011","E00171142","E00171142","Total",100,37,17,20,63,59,4
"2011","E00007101","E00007101","Total",106,44,10,34,62,55,7
"2011","E00007111","E00007111","Total",175,73,29,44,102,90,12
"2011","E00007113","E00007113","Total",142,54,20,34,88,79,9
"2011","E00007117","E00007117","Total",156,53,15,38,103,93,10
"2011","E00007119","E00007119","Total",122,42,10,32,80,74,6
"2011","E00007074","E00007074","Total",129,57,20,37,72,61,11
"2011","E00007079","E00007079","Total",120,43,15,28,77,65,12
"2011","E00007085","E00007085","Total",143,35,13,22,108,89,19
"2011","E00007086","E00007086","Total",113,54,14,40,59,54,5
"2011","E00007087","E00007087","Total",96,40,10,30,56,52,4
"2011","E00007093","E00007093","Total",52,28,14,14,24,20,4
"2011","E00007098","E00007098","Total",47,18,4,14,29,27,2
"2011","E00007105","E00007105","Total",117,54,27,27,63,59,4
"2011","E00171141","E00171141","Total",204,44,6,38,160,139,21
"2011","E00171144","E00171144","Total",137,57,15,42,80,69,11
"2011","E00171173","E00171173","Total",115,47,24,23,68,63,5
"2011","E00171175","E00171175","Total",124,57,21,36,67,61,6
"2011","E00007077","E00007077","Total",126,52,9,43,74,65,9
"2011","E00007114","E00007114","Total",122,49,19,30,73,65,8
"2011","E00007116","E00007116","Total",115,58,18,40,57,52,5
"2011","E00007120","E00007120","Total",96,42,9,33,54,36,18
"2011","E00007123","E00007123","Total",99,41,11,30,58,55,3
"2011","E00007253","E00007253","Total",189,61,18,43,128,112,16
"2011","E00007256","E00007256","Total",189,51,14,37,138,124,14
"2011","E00007258","E00007258","Total",136,53,11,42,83,65,18
"2011","E00007263","E00007263","Total",137,48,19,29,89,78,11
"2011","E00007260","E00007260","Total",172,63,15,48,109,98,11
"2011","E00007262","E00007262","Total",183,52,23,29,131,107,24
"2011","E00007269","E00007269","Total",149,61,18,43,88,75,13
"2011","E00007270","E00007270","Total",142,52,21,31,90,76,14
"2011","E00007265","E00007265","Total",142,46,9,37,96,86,10
"2011","E00007266","E00007266","Total",151,54,15,39,97,85,12
"2011","E00007267","E00007267","Total",154,49,8,41,105,93,12
"2011","E00007271","E00007271","Total",132,57,21,36,75,62,13
"2011","E00007275","E00007275","Total",143,41,15,26,102,92,10
"2011","E00007264","E00007264","Total",165,44,9,35,121,104,17
"2011","E00007268","E00007268","Total",145,50,20,30,95,87,8
"2011","E00007272","E00007272","Total",152,58,11,47,94,83,11
"2011","E00007273","E00007273","Total",142,53,19,34,89,74,15
"2011","E00007276","E00007276","Total",180,70,23,47,110,98,12
"2011","E00007422","E00007422","Total",165,52,19,33,113,90,23
"2011","E00007424","E00007424","Total",160,55,15,40,105,87,18
"2011","E00007425","E00007425","Total",160,54,18,36,106,87,19
"2011","E00007426","E00007426","Total",153,55,24,31,98,82,16
"2011","E00007434","E00007434","Total",195,64,22,42,131,108,23
"2011","E00007438","E00007438","Total",199,65,18,47,134,118,16
"2011","E00007441","E00007441","Total",182,57,24,33,125,112,13
"2011","E00007445","E00007445","Total",152,35,4,31,117,105,12
"2011","E00006926","E00006926","Total",186,48,15,33,138,115,23
"2011","E00006933","E00006933","Total",145,47,16,31,98,80,18
"2011","E00006935","E00006935","Total",195,59,22,37,136,109,27
"2011","E00006938","E00006938","Total",219,51,21,30,168,132,36
"2011","E00006943","E00006943","Total",265,60,20,40,205,174,31
"2011","E00007582","E00007582","Total",144,57,23,34,87,72,15
"2011","E00007587","E00007587","Total",142,46,14,32,96,81,15
"2011","E00007588","E00007588","Total",142,47,12,35,95,80,15
"2011","E00007593","E00007593","Total",85,37,8,29,48,39,9
"2011","E00007594","E00007594","Total",98,39,17,22,59,51,8
"2011","E00007585","E00007585","Total",158,54,16,38,104,90,14
"2011","E00007589","E00007589","Total",162,42,12,30,120,97,23
"2011","E00007616","E00007616","Total",152,55,18,37,97,78,19
"2011","E00007619","E00007619","Total",113,37,12,25,76,57,19
"2011","E00007621","E00007621","Total",115,46,15,31,69,56,13
"2011","E00007586","E00007586","Total",176,57,20,37,119,104,15
"2011","E00007590","E00007590","Total",102,32,4,28,70,59,11
"2011","E00007591","E00007591","Total",171,45,12,33,126,107,19
"2011","E00007595","E00007595","Total",185,49,17,32,136,122,14
"2011","E00007605","E00007605","Total",196,59,20,39,137,107,30
"2011","E00007607","E00007607","Total",206,59,20,39,147,122,25
"2011","E00007609","E00007609","Total",199,58,23,35,141,110,31
"2011","E00007613","E00007613","Total",207,51,26,25,156,120,36
"2011","E00007078","E00007078","Total",166,45,14,31,121,111,10
"2011","E00007082","E00007082","Total",83,29,7,22,54,48,6
"2011","E00007084","E00007084","Total",114,38,11,27,76,66,10
"2011","E00007118","E00007118","Total",90,43,14,29,47,42,5
"2011","E00007122","E00007122","Total",111,36,12,24,75,58,17
"2011","E00007080","E00007080","Total",110,57,19,38,53,45,8
"2011","E00007081","E00007081","Total",185,60,16,44,125,109,16
"2011","E00007083","E00007083","Total",148,53,14,39,95,86,9
"2011","E00007088","E00007088","Total",166,60,13,47,106,91,15
"2011","E00007090","E00007090","Total",147,54,11,43,93,84,9
"2011","E00007710","E00007710","Total",144,50,13,37,94,83,11
"2011","E00007718","E00007718","Total",140,45,11,34,95,86,9
"2011","E00007736","E00007736","Total",60,24,9,15,36,32,4
"2011","E00007742","E00007742","Total",173,75,22,53,98,91,7
"2011","E00007749","E00007749","Total",209,104,66,38,105,90,15
"2011","E00007713","E00007713","Total",182,58,15,43,124,108,16
"2011","E00007719","E00007719","Total",171,61,27,34,110,94,16
"2011","E00007734","E00007734","Total",141,44,10,34,97,90,7
"2011","E00007746","E00007746","Total",138,55,16,39,83,69,14
"2011","E00007724","E00007724","Total",154,54,10,44,100,92,8
"2011","E00007725","E00007725","Total",181,68,19,49,113,96,17
"2011","E00007729","E00007729","Total",101,48,16,32,53,48,5
"2011","E00007735","E00007735","Total",117,55,14,41,62,51,11
"2011","E00007728","E00007728","Total",128,55,16,39,73,64,9
"2011","E00007745","E00007745","Total",168,63,16,47,105,97,8
"2011","E00007751","E00007751","Total",152,36,12,24,116,101,15
"2011","E00171145","E00171145","Total",109,56,8,48,53,51,2
"2011","E00171147","E00171147","Total",125,40,16,24,85,74,11
"2011","E00171184","E00171184","Total",103,40,12,28,63,53,10
"2011","E00006927","E00006927","Total",127,36,10,26,91,78,13
"2011","E00006929","E00006929","Total",260,77,19,58,183,145,38
"2011","E00006939","E00006939","Total",128,30,13,17,98,85,13
"2011","E00006940","E00006940","Total",151,50,21,29,101,90,11
"2011","E00006944","E00006944","Total",124,32,9,23,92,77,15
"2011","E00006911","E00006911","Total",88,38,15,23,50,42,8
"2011","E00006912","E00006912","Total",152,48,19,29,104,95,9
"2011","E00006915","E00006915","Total",142,44,12,32,98,83,15
"2011","E00006928","E00006928","Total",135,56,14,42,79,72,7
"2011","E00006931","E00006931","Total",147,50,17,33,97,77,20
"2011","E00006919","E00006919","Total",277,89,37,52,188,166,22
"2011","E00006920","E00006920","Total",212,56,13,43,156,134,22
"2011","E00006921","E00006921","Total",160,42,14,28,118,98,20
"2011","E00006924","E00006924","Total",162,52,13,39,110,98,12
"2011","E00006925","E00006925","Total",159,47,15,32,112,99,13
"2011","E00007444","E00007444","Total",177,61,20,41,116,97,19
"2011","E00007446","E00007446","Total",164,41,15,26,123,92,31
"2011","E00007448","E00007448","Total",196,59,17,42,137,115,22
"2011","E00007450","E00007450","Total",199,55,17,38,144,118,26
"2011","E00007708","E00007708","Total",135,56,16,40,79,71,8
"2011","E00007712","E00007712","Total",187,58,19,39,129,112,17
"2011","E00007739","E00007739","Total",243,68,24,44,175,144,31
"2011","E00007743","E00007743","Total",165,54,14,40,111,91,20
"2011","E00007715","E00007715","Total",144,41,9,32,103,80,23
"2011","E00007721","E00007721","Total",140,66,14,52,74,67,7
"2011","E00007722","E00007722","Total",206,60,21,39,146,123,23
"2011","E00007732","E00007732","Total",187,68,21,47,119,107,12
"2011","E00006922","E00006922","Total",209,52,18,34,157,128,29
"2011","E00006923","E00006923","Total",232,60,18,42,172,144,28
"2011","E00006932","E00006932","Total",229,59,23,36,170,135,35
"2011","E00006941","E00006941","Total",252,56,16,40,196,164,32
"2011","E00006946","E00006946","Total",280,79,28,51,201,178,23
"2011","E00006910","E00006910","Total",155,36,13,23,119,100,19
"2011","E00006914","E00006914","Total",159,43,13,30,116,95,21
"2011","E00006916","E00006916","Total",180,50,15,35,130,114,16
"2011","E00006936","E00006936","Total",176,49,18,31,127,112,15
"2011","E00006937","E00006937","Total",193,57,21,36,136,113,23
"2011","E00006917","E00006917","Total",229,59,22,37,170,146,24
"2011","E00006930","E00006930","Total",270,68,17,51,202,157,45
"2011","E00006934","E00006934","Total",245,72,20,52,173,145,28
"2011","E00006942","E00006942","Total",253,56,15,41,197,158,39
"2011","E00006947","E00006947","Total",232,61,24,37,171,137,34
"2011","E00006913","E00006913","Total",178,46,17,29,132,114,18
"2011","E00006918","E00006918","Total",189,54,13,41,135,113,22
"2011","E00006945","E00006945","Total",185,54,18,36,131,116,15
"2011","E00006948","E00006948","Total",149,41,20,21,108,87,21
"2011","E00007416","E00007416","Total",167,50,22,28,117,98,19
"2011","E00007439","E00007439","Total",227,49,13,36,178,138,40
"2011","E00007442","E00007442","Total",140,31,12,19,109,83,26
"2011","E00007447","E00007447","Total",188,46,14,32,142,119,23
"2011","E00007449","E00007449","Total",128,31,6,25,97,79,18
"2011","E00007451","E00007451","Total",113,31,13,18,82,72,10
"2011","E00007583","E00007583","Total",139,37,11,26,102,81,21
"2011","E00007584","E00007584","Total",186,42,8,34,144,118,26
"2011","E00007592","E00007592","Total",165,35,10,25,130,121,9
"2011","E00007611","E00007611","Total",136,26,7,19,110,78,32
"2011","E00007617","E00007617","Total",178,47,15,32,131,107,24
"2011","E00007274","E00007274","Total",150,49,8,41,101,90,11
"2011","E00007277","E00007277","Total",111,42,16,26,69,55,14
"2011","E00007278","E00007278","Total",115,49,11,38,66,52,14
"2011","E00007279","E00007279","Total",108,47,13,34,61,47,14
"2011","E00007280","E00007280","Total",121,52,15,37,69,58,11
"2011","E00007714","E00007714","Total",141,50,21,29,91,77,14
"2011","E00007717","E00007717","Total",119,38,11,27,81,69,12
"2011","E00007720","E00007720","Total",148,40,14,26,108,95,13
"2011","E00007750","E00007750","Total",159,57,19,38,102,91,11
"2011","E00007709","E00007709","Total",110,45,11,34,65,56,9
"2011","E00007716","E00007716","Total",123,49,14,35,74,63,11
"2011","E00007733","E00007733","Total",98,39,13,26,59,49,10
"2011","E00007738","E00007738","Total",77,36,14,22,41,36,5
"2011","E00007741","E00007741","Total",81,38,10,28,43,36,7
"2011","E00007747","E00007747","Total",138,60,22,38,78,69,9
"2011","E00007723","E00007723","Total",102,36,10,26,66,61,5
"2011","E00007730","E00007730","Total",75,30,10,20,45,40,5
"2011","E00007737","E00007737","Total",127,50,16,34,77,61,16
"2011","E00007740","E00007740","Total",100,36,10,26,64,58,6
"2011","E00007744","E00007744","Total",227,69,19,50,158,137,21
"2011","E00007711","E00007711","Total",147,53,15,38,94,86,8
"2011","E00007726","E00007726","Total",158,50,12,38,108,97,11
"2011","E00007727","E00007727","Total",177,78,24,54,99,89,10
"2011","E00007752","E00007752","Total",165,52,16,36,113,101,12
"2011","E00165799","E00165799","Total",147,47,18,29,100,85,15
"2011","E00008407","E00008407","Total",176,47,13,34,129,111,18
"2011","E00008433","E00008433","Total",99,30,7,23,69,67,2
"2011","E00008434","E00008434","Total",107,32,3,29,75,68,7
"2011","E00008439","E00008439","Total",243,58,15,43,185,165,20
"2011","E00008440","E00008440","Total",240,60,15,45,180,157,23
"2011","E00008408","E00008408","Total",144,44,12,32,100,80,20
"2011","E00008409","E00008409","Total",123,35,11,24,88,75,13
"2011","E00008436","E00008436","Total",90,27,8,19,63,53,10
"2011","E00008437","E00008437","Total",59,22,6,16,37,31,6
"2011","E00008441","E00008441","Total",122,33,13,20,89,79,10
"2011","E00008411","E00008411","Total",132,40,7,33,92,72,20
"2011","E00008412","E00008412","Total",132,50,9,41,82,72,10
"2011","E00008415","E00008415","Total",73,17,5,12,56,49,7
"2011","E00008416","E00008416","Total",180,68,22,46,112,98,14
"2011","E00008438","E00008438","Total",105,34,7,27,71,58,13
"2011","E00008414","E00008414","Total",161,44,13,31,117,107,10
"2011","E00008417","E00008417","Total",196,59,14,45,137,111,26
"2011","E00008419","E00008419","Total",135,34,11,23,101,85,16
"2011","E00008442","E00008442","Total",123,37,10,27,86,71,15
"2011","E00008443","E00008443","Total",127,45,14,31,82,67,15
"2011","E00008406","E00008406","Total",154,45,22,23,109,95,14
"2011","E00008425","E00008425","Total",135,34,5,29,101,94,7
"2011","E00008426","E00008426","Total",148,44,12,32,104,91,13
"2011","E00008427","E00008427","Total",95,19,6,13,76,62,14
"2011","E00008428","E00008428","Total",221,63,13,50,158,141,17
"2011","E00008430","E00008430","Total",62,22,4,18,40,37,3
"2011","E00008431","E00008431","Total",168,44,17,27,124,101,23
"2011","E00008432","E00008432","Total",110,46,16,30,64,56,8
"2011","E00008435","E00008435","Total",190,54,14,40,136,120,16
"2011","E00176552","E00176552","Total",230,54,16,38,176,154,22
"2011","E00176557","E00176557","Total",136,32,5,27,104,97,7
"2011","E00176526","E00176526","Total",149,30,7,23,119,93,26
"2011","E00176532","E00176532","Total",132,31,10,21,101,87,14
"2011","E00176536","E00176536","Total",147,57,17,40,90,70,20
"2011","E00176565","E00176565","Total",121,35,13,22,86,73,13
"2011","E00176570","E00176570","Total",155,37,16,21,118,109,9
"2011","E00008423","E00008423","Total",162,45,13,32,117,97,20
"2011","E00176527","E00176527","Total",139,34,12,22,105,82,23
"2011","E00176529","E00176529","Total",141,42,11,31,99,81,18
"2011","E00176531","E00176531","Total",172,44,16,28,128,98,30
"2011","E00176567","E00176567","Total",131,46,9,37,85,73,12
"2011","E00176528","E00176528","Total",168,38,8,30,130,112,18
"2011","E00176530","E00176530","Total",176,77,34,43,99,75,24
"2011","E00176542","E00176542","Total",157,42,11,31,115,98,17
"2011","E00176543","E00176543","Total",120,32,6,26,88,78,10
"2011","E00176558","E00176558","Total",146,48,14,34,98,85,13
"2011","E00176575","E00176575","Total",108,25,5,20,83,73,10
"2011","E00176550","E00176550","Total",65,21,8,13,44,39,5
"2011","E00176559","E00176559","Total",161,53,16,37,108,95,13
"2011","E00176563","E00176563","Total",186,53,17,36,133,117,16
"2011","E00176574","E00176574","Total",111,29,8,21,82,74,8
"2011","E00176576","E00176576","Total",152,56,13,43,96,88,8
"2011","E00176587","E00176587","Total",142,45,9,36,97,81,16
"2011","E00008404","E00008404","Total",158,47,16,31,111,94,17
"2011","E00008413","E00008413","Total",132,41,11,30,91,76,15
"2011","E00008418","E00008418","Total",149,33,12,21,116,96,20
"2011","E00008421","E00008421","Total",180,54,13,41,126,113,13
"2011","E00176593","E00176593","Total",169,41,13,28,128,105,23
"2011","E00007821","E00007821","Total",146,55,15,40,91,80,11
"2011","E00007822","E00007822","Total",139,46,16,30,93,75,18
"2011","E00007823","E00007823","Total",119,38,11,27,81,73,8
"2011","E00007824","E00007824","Total",108,35,8,27,73,63,10
"2011","E00007826","E00007826","Total",104,30,9,21,74,66,8
"2011","E00007825","E00007825","Total",167,47,16,31,120,109,11
"2011","E00007828","E00007828","Total",131,36,10,26,95,86,9
"2011","E00007829","E00007829","Total",115,40,14,26,75,69,6
"2011","E00007832","E00007832","Total",72,24,8,16,48,40,8
"2011","E00007834","E00007834","Total",89,33,5,28,56,47,9
"2011","E00007799","E00007799","Total",101,31,5,26,70,63,7
"2011","E00007827","E00007827","Total",117,38,12,26,79,71,8
"2011","E00007830","E00007830","Total",124,33,9,24,91,69,22
"2011","E00007831","E00007831","Total",122,38,12,26,84,72,12
"2011","E00007833","E00007833","Total",127,31,7,24,96,85,11
"2011","E00007836","E00007836","Total",96,34,10,24,62,52,10
"2011","E00007800","E00007800","Total",120,33,13,20,87,77,10
"2011","E00007801","E00007801","Total",153,30,14,16,123,105,18
"2011","E00007802","E00007802","Total",154,36,8,28,118,106,12
"2011","E00007837","E00007837","Total",117,34,7,27,83,68,15
"2011","E00176571","E00176571","Total",131,33,6,27,98,83,15
"2011","E00176573","E00176573","Total",133,33,12,21,100,81,19
"2011","E00176586","E00176586","Total",131,30,9,21,101,87,14
"2011","E00007798","E00007798","Total",98,27,7,20,71,66,5
"2011","E00007803","E00007803","Total",175,62,21,41,113,99,14
"2011","E00007807","E00007807","Total",130,37,10,27,93,77,16
"2011","E00007835","E00007835","Total",147,40,7,33,107,95,12
"2011","E00007838","E00007838","Total",116,33,9,24,83,73,10
"2011","E00008497","E00008497","Total",105,40,10,30,65,51,14
"2011","E00008510","E00008510","Total",119,31,11,20,88,81,7
"2011","E00008521","E00008521","Total",146,39,10,29,107,92,15
"2011","E00008528","E00008528","Total",133,33,15,18,100,84,16
"2011","E00008498","E00008498","Total",156,30,9,21,126,95,31
"2011","E00008499","E00008499","Total",84,27,10,17,57,46,11
"2011","E00008500","E00008500","Total",174,40,15,25,134,107,27
"2011","E00008501","E00008501","Total",223,54,25,29,169,136,33
"2011","E00008503","E00008503","Total",132,43,15,28,89,74,15
"2011","E00008492","E00008492","Total",93,37,10,27,56,48,8
"2011","E00008502","E00008502","Total",68,22,3,19,46,38,8
"2011","E00008505","E00008505","Total",121,36,14,22,85,76,9
"2011","E00008507","E00008507","Total",102,25,11,14,77,70,7
"2011","E00008508","E00008508","Total",132,36,8,28,96,86,10
"2011","E00176502","E00176502","Total",82,26,3,23,56,44,12
"2011","E00176555","E00176555","Total",190,16,6,10,174,105,69
"2011","E00176588","E00176588","Total",82,17,4,13,65,57,8
"2011","E00176501","E00176501","Total",88,24,12,12,64,52,12
"2011","E00176513","E00176513","Total",198,22,11,11,176,121,55
"2011","E00176521","E00176521","Total",446,74,21,53,372,304,68
"2011","E00176507","E00176507","Total",177,62,21,41,115,92,23
"2011","E00176514","E00176514","Total",177,13,5,8,164,127,37
"2011","E00176539","E00176539","Total",422,44,14,30,378,272,106
"2011","E00008514","E00008514","Total",76,29,11,18,47,39,8
"2011","E00176508","E00176508","Total",125,37,16,21,88,66,22
"2011","E00176538","E00176538","Total",89,23,11,12,66,53,13
"2011","E00176568","E00176568","Total",264,59,17,42,205,172,33
"2011","E00176509","E00176509","Total",133,21,10,11,112,76,36
"2011","E00176511","E00176511","Total",190,10,3,7,180,118,62
"2011","E00176512","E00176512","Total",160,14,8,6,146,104,42
"2011","E00176544","E00176544","Total",235,31,8,23,204,163,41
"2011","E00176583","E00176583","Total",135,12,3,9,123,83,40
"2011","E00008509","E00008509","Total",113,47,19,28,66,60,6
"2011","E00008517","E00008517","Total",89,20,8,12,69,62,7
"2011","E00008518","E00008518","Total",151,54,16,38,97,82,15
"2011","E00008519","E00008519","Total",106,38,10,28,68,59,9
"2011","E00176510","E00176510","Total",150,47,15,32,103,84,19
"2011","E00008516","E00008516","Total",100,37,11,26,63,56,7
"2011","E00008522","E00008522","Total",177,60,16,44,117,107,10
"2011","E00008524","E00008524","Total",73,15,5,10,58,54,4
"2011","E00008533","E00008533","Total",163,37,12,25,126,104,22
"2011","E00176562","E00176562","Total",130,55,17,38,75,66,9
"2011","E00176589","E00176589","Total",79,37,12,25,42,39,3
"2011","E00008491","E00008491","Total",108,31,11,20,77,62,15
"2011","E00008520","E00008520","Total",156,55,19,36,101,89,12
"2011","E00008529","E00008529","Total",116,33,7,26,83,71,12
"2011","E00008532","E00008532","Total",126,45,11,34,81,74,7
"2011","E00008494","E00008494","Total",129,38,9,29,91,81,10
"2011","E00008495","E00008495","Total",126,33,11,22,93,84,9
"2011","E00008531","E00008531","Total",109,20,7,13,89,76,13
"2011","E00008534","E00008534","Total",154,41,19,22,113,97,16
"2011","E00008535","E00008535","Total",120,30,8,22,90,65,25
"2011","E00008536","E00008536","Total",134,38,13,25,96,74,22
"2011","E00008493","E00008493","Total",103,44,11,33,59,54,5
"2011","E00008513","E00008513","Total",136,54,14,40,82,77,5
"2011","E00008525","E00008525","Total",125,50,21,29,75,66,9
"2011","E00008527","E00008527","Total",119,45,14,31,74,66,8
"2011","E00008530","E00008530","Total",74,28,8,20,46,40,6
"2011","E00008496","E00008496","Total",116,41,16,25,75,65,10
"2011","E00008511","E00008511","Total",104,35,15,20,69,57,12
"2011","E00008512","E00008512","Total",91,37,13,24,54,47,7
"2011","E00008515","E00008515","Total",123,40,8,32,83,78,5
"2011","E00008526","E00008526","Total",117,40,12,28,77,70,7
"2011","E00008328","E00008328","Total",162,52,23,29,110,94,16
"2011","E00008331","E00008331","Total",144,59,23,36,85,73,12
"2011","E00008332","E00008332","Total",209,62,13,49,147,124,23
"2011","E00008333","E00008333","Total",237,90,32,58,147,123,24
"2011","E00008336","E00008336","Total",154,55,16,39,99,82,17
"2011","E00008330","E00008330","Total",55,14,10,4,41,34,7
"2011","E00008335","E00008335","Total",185,69,19,50,116,106,10
"2011","E00008340","E00008340","Total",113,40,16,24,73,63,10
"2011","E00008344","E00008344","Total",56,23,8,15,33,30,3
"2011","E00176533","E00176533","Total",175,47,15,32,128,101,27
"2011","E00176581","E00176581","Total",154,53,21,32,101,87,14
"2011","E00008318","E00008318","Total",139,43,12,31,96,77,19
"2011","E00008329","E00008329","Total",186,59,21,38,127,112,15
"2011","E00008334","E00008334","Total",119,43,15,28,76,68,8
"2011","E00008337","E00008337","Total",168,53,17,36,115,101,14
"2011","E00008342","E00008342","Total",221,77,26,51,144,125,19
"2011","E00008339","E00008339","Total",197,78,25,53,119,103,16
"2011","E00008343","E00008343","Total",213,83,21,62,130,109,21
"2011","E00008345","E00008345","Total",183,68,20,48,115,99,16
"2011","E00008346","E00008346","Total",157,67,19,48,90,77,13
"2011","E00008351","E00008351","Total",179,70,10,60,109,97,12
"2011","E00008341","E00008341","Total",231,80,24,56,151,136,15
"2011","E00008347","E00008347","Total",181,62,22,40,119,93,26
"2011","E00008349","E00008349","Total",206,76,21,55,130,103,27
"2011","E00008352","E00008352","Total",155,57,18,39,98,89,9
"2011","E00008354","E00008354","Total",153,35,13,22,118,103,15
"2011","E00008136","E00008136","Total",249,68,23,45,181,155,26
"2011","E00008139","E00008139","Total",136,43,9,34,93,86,7
"2011","E00008140","E00008140","Total",144,56,22,34,88,74,14
"2011","E00008143","E00008143","Total",126,36,9,27,90,79,11
"2011","E00008144","E00008144","Total",176,44,15,29,132,120,12
"2011","E00008104","E00008104","Total",209,86,29,57,123,115,8
"2011","E00008107","E00008107","Total",230,92,24,68,138,118,20
"2011","E00008108","E00008108","Total",183,70,24,46,113,93,20
"2011","E00008117","E00008117","Total",195,62,22,40,133,110,23
"2011","E00176541","E00176541","Total",164,59,22,37,105,97,8
"2011","E00176546","E00176546","Total",146,55,19,36,91,80,11
"2011","E00008101","E00008101","Total",201,58,18,40,143,126,17
"2011","E00008102","E00008102","Total",176,59,14,45,117,100,17
"2011","E00008119","E00008119","Total",122,42,12,30,80,69,11
"2011","E00008123","E00008123","Total",162,41,15,26,121,95,26
"2011","E00008128","E00008128","Total",113,23,6,17,90,75,15
"2011","E00008114","E00008114","Total",172,60,26,34,112,97,15
"2011","E00008115","E00008115","Total",186,60,23,37,126,106,20
"2011","E00008116","E00008116","Total",110,37,20,17,73,60,13
"2011","E00008118","E00008118","Total",130,38,16,22,92,71,21
"2011","E00008122","E00008122","Total",164,46,14,32,118,101,17
"2011","E00008132","E00008132","Total",224,53,13,40,171,137,34
"2011","E00176548","E00176548","Total",120,16,3,13,104,83,21
"2011","E00176549","E00176549","Total",100,35,8,27,65,58,7
"2011","E00176569","E00176569","Total",152,16,4,12,136,116,20
"2011","E00176584","E00176584","Total",167,29,12,17,138,105,33
"2011","E00008133","E00008133","Total",278,66,22,44,212,191,21
"2011","E00008134","E00008134","Total",110,40,11,29,70,57,13
"2011","E00008135","E00008135","Total",161,32,6,26,129,113,16
"2011","E00176564","E00176564","Total",116,41,13,28,75,62,13
"2011","E00176577","E00176577","Total",111,29,7,22,82,74,8
"2011","E00007795","E00007795","Total",163,53,25,28,110,100,10
"2011","E00007805","E00007805","Total",153,49,9,40,104,90,14
"2011","E00007808","E00007808","Total",197,52,13,39,145,122,23
"2011","E00007809","E00007809","Total",161,45,13,32,116,98,18
"2011","E00007810","E00007810","Total",128,34,9,25,94,84,10
"2011","E00007793","E00007793","Total",160,41,11,30,119,102,17
"2011","E00007804","E00007804","Total",129,30,6,24,99,82,17
"2011","E00007806","E00007806","Total",167,31,5,26,136,114,22
"2011","E00007813","E00007813","Total",185,50,18,32,135,120,15
"2011","E00007814","E00007814","Total",176,42,13,29,134,111,23
"2011","E00007794","E00007794","Total",188,61,10,51,127,111,16
"2011","E00007796","E00007796","Total",167,52,16,36,115,100,15
"2011","E00007812","E00007812","Total",149,44,12,32,105,90,15
"2011","E00007817","E00007817","Total",208,55,13,42,153,132,21
"2011","E00007811","E00007811","Total",106,34,7,27,72,64,8
"2011","E00007815","E00007815","Total",88,23,6,17,65,56,9
"2011","E00007816","E00007816","Total",67,17,4,13,50,44,6
"2011","E00007818","E00007818","Total",107,32,4,28,75,60,15
"2011","E00007819","E00007819","Total",103,35,15,20,68,57,11
"2011","E00007820","E00007820","Total",160,34,7,27,126,112,14
"2011","E00008103","E00008103","Total",115,35,10,25,80,71,9
"2011","E00008138","E00008138","Total",90,20,5,15,70,62,8
"2011","E00008141","E00008141","Total",174,55,17,38,119,106,13
"2011","E00008142","E00008142","Total",127,50,9,41,77,65,12
"2011","E00176534","E00176534","Total",146,58,14,44,88,70,18
"2011","E00176572","E00176572","Total",145,35,11,24,110,99,11
"2011","E00176582","E00176582","Total",142,20,1,19,122,111,11
"2011","E00008109","E00008109","Total",118,43,18,25,75,64,11
"2011","E00008110","E00008110","Total",141,35,14,21,106,87,19
"2011","E00008112","E00008112","Total",69,18,6,12,51,41,10
"2011","E00008120","E00008120","Total",127,43,11,32,84,70,14
"2011","E00008125","E00008125","Total",116,34,8,26,82,72,10
"2011","E00008127","E00008127","Total",103,30,11,19,73,59,14
"2011","E00008105","E00008105","Total",134,39,6,33,95,79,16
"2011","E00008111","E00008111","Total",104,41,7,34,63,53,10
"2011","E00008121","E00008121","Total",159,55,21,34,104,91,13
"2011","E00008145","E00008145","Total",123,48,12,36,75,61,14
"2011","E00008146","E00008146","Total",120,28,6,22,92,74,18
"2011","E00008113","E00008113","Total",206,79,29,50,127,106,21
"2011","E00008124","E00008124","Total",132,46,17,29,86,71,15
"2011","E00008126","E00008126","Total",119,24,5,19,95,79,16
"2011","E00008129","E00008129","Total",172,54,17,37,118,100,18
"2011","E00008130","E00008130","Total",154,39,16,23,115,92,23
"2011","E00008452","E00008452","Total",98,39,12,27,59,49,10
"2011","E00008453","E00008453","Total",144,47,10,37,97,84,13
"2011","E00008456","E00008456","Total",101,31,16,15,70,62,8
"2011","E00008457","E00008457","Total",185,81,31,50,104,84,20
"2011","E00008460","E00008460","Total",133,50,21,29,83,69,14
"2011","E00008450","E00008450","Total",152,48,15,33,104,74,30
"2011","E00008451","E00008451","Total",96,44,12,32,52,43,9
"2011","E00008455","E00008455","Total",125,51,12,39,74,60,14
"2011","E00008463","E00008463","Total",111,42,14,28,69,57,12
"2011","E00008454","E00008454","Total",182,67,24,43,115,97,18
"2011","E00008462","E00008462","Total",166,57,22,35,109,93,16
"2011","E00008464","E00008464","Total",182,69,20,49,113,93,20
"2011","E00008465","E00008465","Total",179,66,21,45,113,95,18
"2011","E00008466","E00008466","Total",188,63,16,47,125,108,17
"2011","E00008448","E00008448","Total",188,72,13,59,116,96,20
"2011","E00008468","E00008468","Total",72,20,6,14,52,46,6
"2011","E00008471","E00008471","Total",72,27,11,16,45,38,7
"2011","E00008476","E00008476","Total",154,83,24,59,71,56,15
"2011","E00176561","E00176561","Total",207,86,22,64,121,101,20
"2011","E00176585","E00176585","Total",200,30,10,20,170,140,30
"2011","E00008467","E00008467","Total",105,33,17,16,72,65,7
"2011","E00008473","E00008473","Total",149,60,21,39,89,80,9
"2011","E00008479","E00008479","Total",188,70,17,53,118,102,16
"2011","E00008482","E00008482","Total",114,37,11,26,77,70,7
"2011","E00008485","E00008485","Total",139,47,15,32,92,84,8
"2011","E00008445","E00008445","Total",150,39,9,30,111,83,28
"2011","E00008469","E00008469","Total",161,44,14,30,117,99,18
"2011","E00008478","E00008478","Total",184,47,11,36,137,115,22
"2011","E00008484","E00008484","Total",118,36,8,28,82,72,10
"2011","E00008486","E00008486","Total",156,35,7,28,121,103,18
"2011","E00007890","E00007890","Total",114,49,11,38,65,54,11
"2011","E00007898","E00007898","Total",139,31,9,22,108,88,20
"2011","E00007900","E00007900","Total",188,62,22,40,126,101,25
"2011","E00007902","E00007902","Total",122,30,9,21,92,80,12
"2011","E00007903","E00007903","Total",146,54,18,36,92,77,15
"2011","E00007895","E00007895","Total",154,46,17,29,108,101,7
"2011","E00007928","E00007928","Total",144,35,7,28,109,97,12
"2011","E00007929","E00007929","Total",105,35,12,23,70,56,14
"2011","E00007930","E00007930","Total",173,50,13,37,123,96,27
"2011","E00007931","E00007931","Total",181,52,16,36,129,106,23
"2011","E00007891","E00007891","Total",115,48,15,33,67,61,6
"2011","E00007896","E00007896","Total",93,27,5,22,66,54,12
"2011","E00007897","E00007897","Total",114,33,13,20,81,67,14
"2011","E00007904","E00007904","Total",172,46,13,33,126,101,25
"2011","E00007908","E00007908","Total",206,59,24,35,147,107,40
"2011","E00007915","E00007915","Total",130,45,15,30,85,74,11
"2011","E00007919","E00007919","Total",165,57,19,38,108,93,15
"2011","E00007921","E00007921","Total",194,50,17,33,144,117,27
"2011","E00007923","E00007923","Total",126,57,16,41,69,57,12
"2011","E00007925","E00007925","Total",132,65,19,46,67,56,11
"2011","E00007927","E00007927","Total",154,41,12,29,113,99,14
"2011","E00007888","E00007888","Total",142,36,15,21,106,81,25
"2011","E00007892","E00007892","Total",160,46,18,28,114,91,23
"2011","E00007893","E00007893","Total",166,43,16,27,123,108,15
"2011","E00007894","E00007894","Total",153,40,9,31,113,89,24
"2011","E00007899","E00007899","Total",123,28,8,20,95,76,19
"2011","E00007905","E00007905","Total",191,60,19,41,131,106,25
"2011","E00007889","E00007889","Total",159,34,11,23,125,102,23
"2011","E00007901","E00007901","Total",147,32,11,21,115,95,20
"2011","E00007907","E00007907","Total",171,45,18,27,126,103,23
"2011","E00007909","E00007909","Total",147,40,9,31,107,92,15
"2011","E00007910","E00007910","Total",199,50,23,27,149,119,30
"2011","E00007912","E00007912","Total",152,34,9,25,118,87,31
"2011","E00007887","E00007887","Total",152,36,16,20,116,94,22
"2011","E00007914","E00007914","Total",170,44,12,32,126,93,33
"2011","E00007920","E00007920","Total",142,26,9,17,116,91,25
"2011","E00007922","E00007922","Total",132,14,5,9,118,94,24
"2011","E00007924","E00007924","Total",155,22,6,16,133,98,35
"2011","E00007926","E00007926","Total",175,40,17,23,135,106,29
"2011","E00007906","E00007906","Total",149,42,10,32,107,93,14
"2011","E00007911","E00007911","Total",109,27,8,19,82,66,16
"2011","E00007913","E00007913","Total",139,36,13,23,103,79,24
"2011","E00007916","E00007916","Total",106,42,18,24,64,58,6
"2011","E00007917","E00007917","Total",162,40,14,26,122,92,30
"2011","E00007918","E00007918","Total",130,49,13,36,81,73,8
"2011","E00008444","E00008444","Total",193,58,19,39,135,124,11
"2011","E00008470","E00008470","Total",91,21,6,15,70,61,9
"2011","E00008474","E00008474","Total",111,46,16,30,65,48,17
"2011","E00008480","E00008480","Total",137,51,20,31,86,75,11
"2011","E00008489","E00008489","Total",150,41,12,29,109,92,17
"2011","E00008458","E00008458","Total",137,24,4,20,113,90,23
"2011","E00008459","E00008459","Total",501,48,25,23,453,186,267
"2011","E00008461","E00008461","Total",115,45,18,27,70,59,11
"2011","E00008472","E00008472","Total",152,59,20,39,93,68,25
"2011","E00008475","E00008475","Total",82,28,7,21,54,45,9
"2011","E00008446","E00008446","Total",194,54,18,36,140,119,21
"2011","E00008447","E00008447","Total",227,36,11,25,191,129,62
"2011","E00008488","E00008488","Total",66,20,3,17,46,40,6
"2011","E00008490","E00008490","Total",114,21,4,17,93,64,29
"2011","E00008477","E00008477","Total",150,77,25,52,73,60,13
"2011","E00008481","E00008481","Total",82,36,8,28,46,37,9
"2011","E00008483","E00008483","Total",164,67,23,44,97,77,20
"2011","E00008487","E00008487","Total",133,58,19,39,75,67,8
"2011","E00007839","E00007839","Total",152,35,11,24,117,83,34
"2011","E00007841","E00007841","Total",81,8,3,5,73,58,15
"2011","E00007843","E00007843","Total",189,33,17,16,156,116,40
"2011","E00007858","E00007858","Total",146,22,9,13,124,92,32
"2011","E00007867","E00007867","Total",116,21,13,8,95,70,25
"2011","E00007877","E00007877","Total",112,24,13,11,88,68,20
"2011","E00007880","E00007880","Total",92,14,8,6,78,51,27
"2011","E00007859","E00007859","Total",130,26,9,17,104,88,16
"2011","E00007861","E00007861","Total",115,23,8,15,92,58,34
"2011","E00007862","E00007862","Total",134,31,16,15,103,74,29
"2011","E00007865","E00007865","Total",126,21,9,12,105,73,32
"2011","E00007866","E00007866","Total",181,29,10,19,152,111,41
"2011","E00007869","E00007869","Total",111,27,8,19,84,62,22
"2011","E00007842","E00007842","Total",139,23,8,15,116,85,31
"2011","E00007860","E00007860","Total",153,51,15,36,102,80,22
"2011","E00007863","E00007863","Total",88,15,4,11,73,55,18
"2011","E00007870","E00007870","Total",129,24,11,13,105,79,26
"2011","E00007874","E00007874","Total",72,13,5,8,59,41,18
"2011","E00007876","E00007876","Total",91,23,8,15,68,53,15
"2011","E00007864","E00007864","Total",50,11,3,8,39,30,9
"2011","E00007871","E00007871","Total",150,37,13,24,113,82,31
"2011","E00007872","E00007872","Total",168,40,15,25,128,87,41
"2011","E00007873","E00007873","Total",159,10,6,4,149,106,43
"2011","E00007875","E00007875","Total",133,22,6,16,111,85,26
"2011","E00176580","E00176580","Total",147,14,3,11,133,91,42
"2011","E00176592","E00176592","Total",136,28,7,21,108,83,25
"2011","E00176594","E00176594","Total",124,30,13,17,94,65,29
"2011","E00008363","E00008363","Total",154,47,17,30,107,94,13
"2011","E00008380","E00008380","Total",169,51,6,45,118,97,21
"2011","E00008381","E00008381","Total",156,50,23,27,106,94,12
"2011","E00008390","E00008390","Total",138,41,11,30,97,87,10
"2011","E00008392","E00008392","Total",170,53,14,39,117,99,18
"2011","E00008368","E00008368","Total",137,37,18,19,100,84,16
"2011","E00008369","E00008369","Total",144,31,8,23,113,89,24
"2011","E00008370","E00008370","Total",158,49,17,32,109,87,22
"2011","E00008402","E00008402","Total",145,40,8,32,105,88,17
"2011","E00008403","E00008403","Total",103,28,3,25,75,63,12
"2011","E00008364","E00008364","Total",111,45,17,28,66,54,12
"2011","E00008371","E00008371","Total",132,33,13,20,99,85,14
"2011","E00008383","E00008383","Total",185,61,26,35,124,104,20
"2011","E00008386","E00008386","Total",96,24,5,19,72,63,9
"2011","E00008391","E00008391","Total",137,31,6,25,106,94,12
"2011","E00008361","E00008361","Total",129,37,12,25,92,81,11
"2011","E00008372","E00008372","Total",125,28,4,24,97,78,19
"2011","E00008374","E00008374","Total",136,37,13,24,99,88,11
"2011","E00008378","E00008378","Total",162,50,12,38,112,95,17
"2011","E00008385","E00008385","Total",154,49,21,28,105,97,8
"2011","E00008191","E00008191","Total",115,44,12,32,71,63,8
"2011","E00008215","E00008215","Total",166,45,13,32,121,98,23
"2011","E00008228","E00008228","Total",101,25,4,21,76,64,12
"2011","E00176485","E00176485","Total",103,24,6,18,79,66,13
"2011","E00176486","E00176486","Total",142,13,8,5,129,102,27
"2011","E00176487","E00176487","Total",102,19,8,11,83,62,21
"2011","E00176520","E00176520","Total",197,33,11,22,164,121,43
"2011","E00176537","E00176537","Total",112,22,8,14,90,78,12
"2011","E00176545","E00176545","Total",128,37,13,24,91,72,19
"2011","E00176578","E00176578","Total",209,38,10,28,171,133,38
"2011","E00008208","E00008208","Total",193,58,19,39,135,117,18
"2011","E00008209","E00008209","Total",121,23,9,14,98,88,10
"2011","E00008214","E00008214","Total",148,42,11,31,106,88,18
"2011","E00008216","E00008216","Total",129,36,10,26,93,86,7
"2011","E00008217","E00008217","Total",164,59,24,35,105,92,13
"2011","E00008210","E00008210","Total",130,49,17,32,81,76,5
"2011","E00008211","E00008211","Total",82,16,3,13,66,57,9
"2011","E00008212","E00008212","Total",136,37,13,24,99,88,11
"2011","E00008220","E00008220","Total",125,34,14,20,91,79,12
"2011","E00008221","E00008221","Total",153,42,16,26,111,90,21
"2011","E00008225","E00008225","Total",90,27,5,22,63,53,10
"2011","E00008213","E00008213","Total",165,26,12,14,139,105,34
"2011","E00008219","E00008219","Total",176,22,10,12,154,124,30
"2011","E00008222","E00008222","Total",72,19,8,11,53,38,15
"2011","E00008223","E00008223","Total",198,50,13,37,148,124,24
"2011","E00176496","E00176496","Total",202,52,17,35,150,116,34
"2011","E00008388","E00008388","Total",174,43,19,24,131,104,27
"2011","E00008395","E00008395","Total",161,39,12,27,122,100,22
"2011","E00008396","E00008396","Total",225,62,24,38,163,140,23
"2011","E00008400","E00008400","Total",156,34,13,21,122,100,22
"2011","E00008365","E00008365","Total",145,35,5,30,110,90,20
"2011","E00008366","E00008366","Total",143,37,11,26,106,74,32
"2011","E00008384","E00008384","Total",137,40,10,30,97,76,21
"2011","E00008393","E00008393","Total",174,46,13,33,128,108,20
"2011","E00008401","E00008401","Total",172,45,12,33,127,102,25
"2011","E00008367","E00008367","Total",126,40,13,27,86,70,16
"2011","E00008375","E00008375","Total",178,42,15,27,136,109,27
"2011","E00008376","E00008376","Total",163,45,13,32,118,102,16
"2011","E00008377","E00008377","Total",153,49,15,34,104,87,17
"2011","E00008394","E00008394","Total",177,47,14,33,130,104,26
"2011","E00008397","E00008397","Total",146,40,11,29,106,91,15
"2011","E00008398","E00008398","Total",131,29,7,22,102,84,18
"2011","E00008399","E00008399","Total",188,32,14,18,156,123,33
"2011","E00008362","E00008362","Total",144,43,12,31,101,87,14
"2011","E00008373","E00008373","Total",118,25,7,18,93,77,16
"2011","E00008379","E00008379","Total",138,43,13,30,95,82,13
"2011","E00008382","E00008382","Total",174,48,12,36,126,104,22
"2011","E00008387","E00008387","Total",117,34,10,24,83,65,18
"2011","E00008389","E00008389","Total",115,32,8,24,83,66,17
"2011","E00007840","E00007840","Total",186,40,23,17,146,104,42
"2011","E00007844","E00007844","Total",193,41,22,19,152,105,47
"2011","E00007878","E00007878","Total",222,32,14,18,190,140,50
"2011","E00007879","E00007879","Total",119,25,7,18,94,72,22
"2011","E00007882","E00007882","Total",150,19,8,11,131,80,51
"2011","E00007884","E00007884","Total",195,32,18,14,163,102,61
"2011","E00007849","E00007849","Total",128,27,10,17,101,80,21
"2011","E00007851","E00007851","Total",142,23,10,13,119,81,38
"2011","E00007853","E00007853","Total",161,43,19,24,118,90,28
"2011","E00007855","E00007855","Total",72,20,5,15,52,44,8
"2011","E00007856","E00007856","Total",144,35,14,21,109,79,30
"2011","E00007848","E00007848","Total",155,19,7,12,136,94,42
"2011","E00007850","E00007850","Total",121,18,6,12,103,73,30
"2011","E00007881","E00007881","Total",208,31,11,20,177,120,57
"2011","E00007883","E00007883","Total",156,18,5,13,138,91,47
"2011","E00007885","E00007885","Total",155,29,10,19,126,101,25
"2011","E00007886","E00007886","Total",164,13,3,10,151,107,44
"2011","E00007845","E00007845","Total",149,37,13,24,112,73,39
"2011","E00007846","E00007846","Total",182,17,5,12,165,120,45
"2011","E00007847","E00007847","Total",121,33,8,25,88,51,37
"2011","E00007852","E00007852","Total",121,29,12,17,92,55,37
"2011","E00007854","E00007854","Total",118,14,5,9,104,61,43
"2011","E00007857","E00007857","Total",139,30,11,19,109,88,21
"2011","E00008196","E00008196","Total",143,40,13,27,103,92,11
"2011","E00008197","E00008197","Total",135,38,14,24,97,81,16
"2011","E00008203","E00008203","Total",114,26,9,17,88,72,16
"2011","E00008230","E00008230","Total",110,33,7,26,77,67,10
"2011","E00008231","E00008231","Total",155,43,14,29,112,100,12
"2011","E00008232","E00008232","Total",124,36,9,27,88,72,16
"2011","E00008198","E00008198","Total",108,40,12,28,68,61,7
"2011","E00008200","E00008200","Total",135,35,10,25,100,75,25
"2011","E00008201","E00008201","Total",126,36,13,23,90,72,18
"2011","E00008226","E00008226","Total",165,36,11,25,129,94,35
"2011","E00008229","E00008229","Total",105,35,8,27,70,50,20
"2011","E00008192","E00008192","Total",169,41,13,28,128,98,30
"2011","E00008195","E00008195","Total",183,60,18,42,123,94,29
"2011","E00008199","E00008199","Total",307,38,16,22,269,194,75
"2011","E00008202","E00008202","Total",147,29,10,19,118,94,24
"2011","E00008204","E00008204","Total",81,20,4,16,61,51,10
"2011","E00008193","E00008193","Total",196,48,16,32,148,123,25
"2011","E00008194","E00008194","Total",128,37,13,24,91,83,8
"2011","E00008205","E00008205","Total",126,27,6,21,99,86,13
"2011","E00008206","E00008206","Total",136,38,10,28,98,91,7
"2011","E00008207","E00008207","Total",123,38,7,31,85,75,10
"2011","E00007975","E00007975","Total",156,40,11,29,116,93,23
"2011","E00007977","E00007977","Total",181,48,15,33,133,115,18
"2011","E00008000","E00008000","Total",176,41,13,28,135,110,25
"2011","E00008001","E00008001","Total",155,37,10,27,118,90,28
"2011","E00008005","E00008005","Total",145,38,15,23,107,80,27
"2011","E00008007","E00008007","Total",174,38,16,22,136,114,22
"2011","E00008008","E00008008","Total",209,49,13,36,160,130,30
"2011","E00008009","E00008009","Total",173,48,17,31,125,100,25
"2011","E00008013","E00008013","Total",164,50,19,31,114,96,18
"2011","E00008014","E00008014","Total",193,45,16,29,148,115,33
"2011","E00007994","E00007994","Total",111,38,12,26,73,63,10
"2011","E00007995","E00007995","Total",205,41,13,28,164,129,35
"2011","E00007996","E00007996","Total",163,61,28,33,102,77,25
"2011","E00007999","E00007999","Total",172,45,12,33,127,98,29
"2011","E00008004","E00008004","Total",199,45,13,32,154,128,26
"2011","E00007976","E00007976","Total",110,40,9,31,70,59,11
"2011","E00007993","E00007993","Total",205,58,20,38,147,115,32
"2011","E00007997","E00007997","Total",93,33,8,25,60,46,14
"2011","E00007998","E00007998","Total",132,36,10,26,96,82,14
"2011","E00008002","E00008002","Total",153,40,13,27,113,92,21
"2011","E00008010","E00008010","Total",88,21,7,14,67,56,11
"2011","E00008083","E00008083","Total",166,46,14,32,120,103,17
"2011","E00008084","E00008084","Total",146,40,8,32,106,88,18
"2011","E00008086","E00008086","Total",163,56,13,43,107,88,19
"2011","E00008089","E00008089","Total",145,36,11,25,109,96,13
"2011","E00008072","E00008072","Total",132,38,14,24,94,85,9
"2011","E00008085","E00008085","Total",150,19,5,14,131,110,21
"2011","E00008088","E00008088","Total",182,54,16,38,128,103,25
"2011","E00008090","E00008090","Total",90,22,7,15,68,54,14
"2011","E00008091","E00008091","Total",138,48,21,27,90,76,14
"2011","E00008068","E00008068","Total",140,39,10,29,101,92,9
"2011","E00008069","E00008069","Total",336,69,21,48,267,217,50
"2011","E00008096","E00008096","Total",172,45,11,34,127,111,16
"2011","E00008100","E00008100","Total",159,52,18,34,107,93,14
"2011","E00008093","E00008093","Total",142,39,9,30,103,90,13
"2011","E00008094","E00008094","Total",124,35,10,25,89,80,9
"2011","E00008095","E00008095","Total",157,50,10,40,107,95,12
"2011","E00008097","E00008097","Total",142,36,14,22,106,93,13
"2011","E00008099","E00008099","Total",163,47,10,37,116,103,13
"2011","E00008064","E00008064","Total",126,34,5,29,92,81,11
"2011","E00008071","E00008071","Total",114,36,11,25,78,69,9
"2011","E00008074","E00008074","Total",168,53,15,38,115,101,14
"2011","E00008078","E00008078","Total",141,43,22,21,98,80,18
"2011","E00008082","E00008082","Total",114,34,17,17,80,71,9
"2011","E00007978","E00007978","Total",154,46,19,27,108,87,21
"2011","E00007979","E00007979","Total",178,44,18,26,134,114,20
"2011","E00007981","E00007981","Total",192,51,17,34,141,110,31
"2011","E00007982","E00007982","Total",124,32,10,22,92,77,15
"2011","E00007984","E00007984","Total",126,24,14,10,102,77,25
"2011","E00008003","E00008003","Total",126,37,14,23,89,78,11
"2011","E00008006","E00008006","Total",136,45,15,30,91,72,19
"2011","E00008011","E00008011","Total",88,24,8,16,64,56,8
"2011","E00008012","E00008012","Total",206,56,14,42,150,118,32
"2011","E00008015","E00008015","Total",162,39,8,31,123,94,29
"2011","E00007980","E00007980","Total",147,44,22,22,103,77,26
"2011","E00007983","E00007983","Total",187,56,19,37,131,100,31
"2011","E00007986","E00007986","Total",150,47,12,35,103,71,32
"2011","E00007989","E00007989","Total",94,27,9,18,67,50,17
"2011","E00007991","E00007991","Total",107,24,10,14,83,61,22
"2011","E00007974","E00007974","Total",85,27,13,14,58,44,14
"2011","E00007985","E00007985","Total",190,73,27,46,117,83,34
"2011","E00007987","E00007987","Total",164,47,14,33,117,88,29
"2011","E00007988","E00007988","Total",87,22,8,14,65,54,11
"2011","E00007990","E00007990","Total",78,16,3,13,62,43,19
"2011","E00007992","E00007992","Total",134,37,16,21,97,84,13
"2011","E00008021","E00008021","Total",192,54,22,32,138,115,23
"2011","E00008024","E00008024","Total",97,22,10,12,75,63,12
"2011","E00008033","E00008033","Total",136,34,15,19,102,80,22
"2011","E00008036","E00008036","Total",125,34,11,23,91,81,10
"2011","E00008051","E00008051","Total",126,37,14,23,89,71,18
"2011","E00008057","E00008057","Total",92,32,15,17,60,48,12
"2011","E00008050","E00008050","Total",127,33,15,18,94,75,19
"2011","E00008052","E00008052","Total",161,57,16,41,104,86,18
"2011","E00008053","E00008053","Total",138,48,23,25,90,66,24
"2011","E00008054","E00008054","Total",138,46,22,24,92,72,20
"2011","E00008055","E00008055","Total",140,37,15,22,103,80,23
"2011","E00008019","E00008019","Total",109,29,5,24,80,66,14
"2011","E00008020","E00008020","Total",152,42,12,30,110,88,22
"2011","E00008025","E00008025","Total",123,25,12,13,98,71,27
"2011","E00008027","E00008027","Total",126,34,12,22,92,71,21
"2011","E00008042","E00008042","Total",150,32,11,21,118,98,20
"2011","E00008058","E00008058","Total",150,37,14,23,113,88,25
"2011","E00008030","E00008030","Total",100,31,14,17,69,57,12
"2011","E00008035","E00008035","Total",102,31,6,25,71,49,22
"2011","E00008043","E00008043","Total",179,43,18,25,136,112,24
"2011","E00008045","E00008045","Total",150,36,13,23,114,91,23
"2011","E00008046","E00008046","Total",107,21,9,12,86,76,10
"2011","E00008048","E00008048","Total",122,22,9,13,100,80,20
"2011","E00008245","E00008245","Total",95,32,11,21,63,50,13
"2011","E00008247","E00008247","Total",123,35,9,26,88,70,18
"2011","E00008250","E00008250","Total",128,39,12,27,89,78,11
"2011","E00008252","E00008252","Total",154,49,21,28,105,93,12
"2011","E00008255","E00008255","Total",131,31,5,26,100,84,16
"2011","E00008235","E00008235","Total",147,44,13,31,103,77,26
"2011","E00008238","E00008238","Total",129,32,12,20,97,84,13
"2011","E00008251","E00008251","Total",116,37,8,29,79,71,8
"2011","E00008253","E00008253","Total",115,24,5,19,91,75,16
"2011","E00008256","E00008256","Total",83,28,9,19,55,43,12
"2011","E00008236","E00008236","Total",116,33,9,24,83,80,3
"2011","E00008244","E00008244","Total",126,39,10,29,87,78,9
"2011","E00008254","E00008254","Total",108,33,7,26,75,64,11
"2011","E00008257","E00008257","Total",117,38,14,24,79,65,14
"2011","E00008258","E00008258","Total",152,50,18,32,102,84,18
"2011","E00008239","E00008239","Total",137,41,12,29,96,77,19
"2011","E00008242","E00008242","Total",132,40,14,26,92,74,18
"2011","E00008246","E00008246","Total",85,34,18,16,51,46,5
"2011","E00008248","E00008248","Total",141,46,11,35,95,76,19
"2011","E00008249","E00008249","Total",149,47,18,29,102,82,20
"2011","E00008234","E00008234","Total",146,52,22,30,94,71,23
"2011","E00008240","E00008240","Total",114,25,5,20,89,70,19
"2011","E00008241","E00008241","Total",121,37,10,27,84,67,17
"2011","E00008243","E00008243","Total",119,44,10,34,75,59,16
"2011","E00008276","E00008276","Total",120,29,12,17,91,79,12
"2011","E00008028","E00008028","Total",101,33,8,25,68,55,13
"2011","E00008037","E00008037","Total",139,42,12,30,97,79,18
"2011","E00008038","E00008038","Total",221,59,20,39,162,137,25
"2011","E00008039","E00008039","Total",142,37,11,26,105,85,20
"2011","E00008044","E00008044","Total",95,29,9,20,66,61,5
"2011","E00008016","E00008016","Total",211,52,14,38,159,128,31
"2011","E00008040","E00008040","Total",238,58,11,47,180,148,32
"2011","E00008041","E00008041","Total",160,31,14,17,129,106,23
"2011","E00008047","E00008047","Total",137,31,8,23,106,81,25
"2011","E00008049","E00008049","Total",266,62,16,46,204,172,32
"2011","E00008017","E00008017","Total",124,49,15,34,75,61,14
"2011","E00008018","E00008018","Total",136,40,11,29,96,79,17
"2011","E00008022","E00008022","Total",95,44,6,38,51,42,9
"2011","E00008023","E00008023","Total",140,52,19,33,88,83,5
"2011","E00008026","E00008026","Total",105,38,15,23,67,56,11
"2011","E00008056","E00008056","Total",74,14,7,7,60,42,18
"2011","E00176492","E00176492","Total",275,251,205,46,24,17,7
"2011","E00007934","E00007934","Total",113,26,9,17,87,74,13
"2011","E00007935","E00007935","Total",139,29,11,18,110,77,33
"2011","E00007938","E00007938","Total",147,41,14,27,106,82,24
"2011","E00007939","E00007939","Total",182,42,8,34,140,112,28
"2011","E00007946","E00007946","Total",161,44,15,29,117,102,15
"2011","E00007936","E00007936","Total",172,32,14,18,140,117,23
"2011","E00007937","E00007937","Total",163,41,19,22,122,95,27
"2011","E00007942","E00007942","Total",194,53,8,45,141,118,23
"2011","E00007943","E00007943","Total",87,24,2,22,63,56,7
"2011","E00007948","E00007948","Total",188,64,28,36,124,104,20
"2011","E00007933","E00007933","Total",120,39,7,32,81,70,11
"2011","E00007952","E00007952","Total",118,35,10,25,83,65,18
"2011","E00007953","E00007953","Total",128,40,15,25,88,82,6
"2011","E00007956","E00007956","Total",137,39,18,21,98,78,20
"2011","E00007958","E00007958","Total",129,41,13,28,88,75,13
"2011","E00007969","E00007969","Total",136,39,10,29,97,79,18
"2011","E00007932","E00007932","Total",111,35,13,22,76,66,10
"2011","E00007965","E00007965","Total",88,18,8,10,70,63,7
"2011","E00007968","E00007968","Total",99,27,9,18,72,58,14
"2011","E00007970","E00007970","Total",124,35,14,21,89,82,7
"2011","E00007971","E00007971","Total",105,28,14,14,77,69,8
"2011","E00007972","E00007972","Total",126,25,13,12,101,87,14
"2011","E00007963","E00007963","Total",208,64,31,33,144,112,32
"2011","E00007964","E00007964","Total",156,51,23,28,105,84,21
"2011","E00007966","E00007966","Total",167,45,15,30,122,94,28
"2011","E00007967","E00007967","Total",141,41,13,28,100,79,21
"2011","E00007973","E00007973","Total",114,32,10,22,82,65,17
"2011","E00007941","E00007941","Total",174,53,18,35,121,93,28
"2011","E00007954","E00007954","Total",187,54,22,32,133,103,30
"2011","E00007955","E00007955","Total",133,37,13,24,96,78,18
"2011","E00007960","E00007960","Total",137,36,12,24,101,88,13
"2011","E00007961","E00007961","Total",184,52,12,40,132,110,22
"2011","E00007940","E00007940","Total",158,32,11,21,126,103,23
"2011","E00007944","E00007944","Total",135,32,14,18,103,83,20
"2011","E00007947","E00007947","Total",193,52,17,35,141,115,26
"2011","E00007949","E00007949","Total",166,48,17,31,118,96,22
"2011","E00007950","E00007950","Total",145,34,11,23,111,92,19
"2011","E00007945","E00007945","Total",137,39,13,26,98,72,26
"2011","E00007951","E00007951","Total",147,34,7,27,113,91,22
"2011","E00007957","E00007957","Total",168,50,20,30,118,104,14
"2011","E00007959","E00007959","Total",174,41,8,33,133,109,24
"2011","E00007962","E00007962","Total",150,40,12,28,110,91,19
"2011","E00008319","E00008319","Total",175,39,16,23,136,126,10
"2011","E00008322","E00008322","Total",81,34,11,23,47,42,5
"2011","E00008356","E00008356","Total",189,55,12,43,134,108,26
"2011","E00008357","E00008357","Total",239,73,32,41,166,148,18
"2011","E00008358","E00008358","Total",148,51,24,27,97,84,13
"2011","E00008316","E00008316","Total",186,60,20,40,126,106,20
"2011","E00008320","E00008320","Total",119,34,12,22,85,70,15
"2011","E00008321","E00008321","Total",111,24,6,18,87,73,14
"2011","E00008324","E00008324","Total",92,33,6,27,59,57,2
"2011","E00008325","E00008325","Total",146,37,7,30,109,95,14
"2011","E00008359","E00008359","Total",87,27,10,17,60,54,6
"2011","E00008338","E00008338","Total",159,52,17,35,107,96,11
"2011","E00008348","E00008348","Total",186,66,12,54,120,106,14
"2011","E00008350","E00008350","Total",85,33,7,26,52,48,4
"2011","E00008353","E00008353","Total",185,51,14,37,134,117,17
"2011","E00008355","E00008355","Total",97,26,5,21,71,64,7
"2011","E00008323","E00008323","Total",108,32,10,22,76,64,12
"2011","E00008326","E00008326","Total",202,42,14,28,160,148,12
"2011","E00008327","E00008327","Total",151,38,10,28,113,99,14
"2011","E00008360","E00008360","Total",135,27,9,18,108,92,16
"2011","E00165792","E00165792","Total",149,45,17,28,104,86,18
"2011","E00008259","E00008259","Total",108,21,11,10,87,67,20
"2011","E00008260","E00008260","Total",120,25,12,13,95,76,19
"2011","E00008261","E00008261","Total",126,35,19,16,91,68,23
"2011","E00008263","E00008263","Total",104,21,9,12,83,71,12
"2011","E00008265","E00008265","Total",126,35,13,22,91,71,20
"2011","E00008262","E00008262","Total",113,29,13,16,84,62,22
"2011","E00008264","E00008264","Total",147,42,19,23,105,56,49
"2011","E00008267","E00008267","Total",216,42,14,28,174,112,62
"2011","E00008269","E00008269","Total",137,31,11,20,106,79,27
"2011","E00008270","E00008270","Total",135,33,7,26,102,89,13
"2011","E00008233","E00008233","Total",27,6,2,4,21,17,4
"2011","E00008266","E00008266","Total",175,47,19,28,128,100,28
"2011","E00008268","E00008268","Total",126,25,4,21,101,86,15
"2011","E00008271","E00008271","Total",99,24,9,15,75,61,14
"2011","E00008273","E00008273","Total",169,43,11,32,126,104,22
"2011","E00008277","E00008277","Total",137,35,12,23,102,77,25
"2011","E00008237","E00008237","Total",148,54,10,44,94,76,18
"2011","E00008272","E00008272","Total",164,50,13,37,114,85,29
"2011","E00008274","E00008274","Total",158,51,18,33,107,86,21
"2011","E00008275","E00008275","Total",180,41,13,28,139,111,28
"2011","E00008059","E00008059","Total",167,46,8,38,121,110,11
"2011","E00008063","E00008063","Total",42,20,4,16,22,21,1
"2011","E00008079","E00008079","Total",142,42,12,30,100,79,21
"2011","E00008080","E00008080","Total",145,37,8,29,108,92,16
"2011","E00008087","E00008087","Total",194,59,11,48,135,118,17
"2011","E00008092","E00008092","Total",114,25,7,18,89,73,16
"2011","E00176484","E00176484","Total",140,46,11,35,94,83,11
"2011","E00008154","E00008154","Total",205,45,14,31,160,125,35
"2011","E00008156","E00008156","Total",108,30,12,18,78,70,8
"2011","E00008188","E00008188","Total",136,48,19,29,88,69,19
"2011","E00176498","E00176498","Total",140,54,16,38,86,72,14
"2011","E00176535","E00176535","Total",173,68,42,26,105,75,30
"2011","E00176540","E00176540","Total",115,26,12,14,89,76,13
"2011","E00176551","E00176551","Total",117,34,14,20,83,75,8
"2011","E00008155","E00008155","Total",127,46,14,32,81,67,14
"2011","E00008158","E00008158","Total",137,60,26,34,77,67,10
"2011","E00008189","E00008189","Total",115,30,9,21,85,68,17
"2011","E00176488","E00176488","Total",122,14,5,9,108,81,27
"2011","E00176490","E00176490","Total",256,130,88,42,126,103,23
"2011","E00176491","E00176491","Total",117,40,7,33,77,64,13
"2011","E00176497","E00176497","Total",109,9,3,6,100,73,27
"2011","E00176489","E00176489","Total",122,12,4,8,110,80,30
"2011","E00176500","E00176500","Total",145,8,4,4,137,97,40
"2011","E00176547","E00176547","Total",125,10,6,4,115,84,31
"2011","E00176560","E00176560","Total",272,18,9,9,254,181,73
"2011","E00176579","E00176579","Total",117,8,2,6,109,77,32
"2011","E00176590","E00176590","Total",96,15,9,6,81,55,26
"2011","E00176493","E00176493","Total",142,9,4,5,133,94,39
"2011","E00176494","E00176494","Total",53,12,3,9,41,30,11
"2011","E00176495","E00176495","Total",145,24,6,18,121,90,31
"2011","E00176499","E00176499","Total",182,14,3,11,168,125,43
"2011","E00176515","E00176515","Total",106,14,6,8,92,64,28
"2011","E00176522","E00176522","Total",135,8,2,6,127,95,32
"2011","E00008285","E00008285","Total",190,54,16,38,136,108,28
"2011","E00008293","E00008293","Total",134,36,14,22,98,88,10
"2011","E00008307","E00008307","Total",172,52,21,31,120,101,19
"2011","E00008310","E00008310","Total",109,37,15,22,72,58,14
"2011","E00008313","E00008313","Total",205,59,22,37,146,111,35
"2011","E00008288","E00008288","Total",70,32,14,18,38,31,7
"2011","E00008291","E00008291","Total",125,52,17,35,73,59,14
"2011","E00008308","E00008308","Total",231,60,28,32,171,138,33
"2011","E00008311","E00008311","Total",127,46,12,34,81,66,15
"2011","E00008312","E00008312","Total",108,30,9,21,78,60,18
"2011","E00008282","E00008282","Total",112,25,5,20,87,67,20
"2011","E00008284","E00008284","Total",146,44,15,29,102,78,24
"2011","E00008287","E00008287","Total",134,30,9,21,104,74,30
"2011","E00008296","E00008296","Total",203,50,17,33,153,109,44
"2011","E00008302","E00008302","Total",120,25,12,13,95,77,18
"2011","E00176505","E00176505","Total",94,24,12,12,70,54,16
"2011","E00176506","E00176506","Total",132,39,9,30,93,79,14
"2011","E00176554","E00176554","Total",160,26,12,14,134,84,50
"2011","E00176503","E00176503","Total",178,23,9,14,155,99,56
"2011","E00176519","E00176519","Total",150,32,8,24,118,83,35
"2011","E00176553","E00176553","Total",154,28,9,19,126,110,16
"2011","E00176595","E00176595","Total",148,21,9,12,127,93,34
"2011","E00176504","E00176504","Total",171,13,8,5,158,115,43
"2011","E00176516","E00176516","Total",258,27,7,20,231,169,62
"2011","E00176518","E00176518","Total",186,13,7,6,173,121,52
"2011","E00176524","E00176524","Total",184,24,15,9,160,126,34
"2011","E00008280","E00008280","Total",211,38,14,24,173,120,53
"2011","E00008290","E00008290","Total",191,39,16,23,152,119,33
"2011","E00008295","E00008295","Total",202,26,10,16,176,119,57
"2011","E00008297","E00008297","Total",143,19,4,15,124,96,28
"2011","E00008303","E00008303","Total",137,34,12,22,103,80,23
"2011","E00008309","E00008309","Total",139,33,10,23,106,87,19
"2011","E00008279","E00008279","Total",260,52,19,33,208,161,47
"2011","E00008299","E00008299","Total",233,38,17,21,195,137,58
"2011","E00008300","E00008300","Total",125,13,1,12,112,92,20
"2011","E00008301","E00008301","Total",70,13,4,9,57,51,6
"2011","E00008304","E00008304","Total",179,38,19,19,141,114,27
"2011","E00008305","E00008305","Total",191,28,13,15,163,106,57
"2011","E00008283","E00008283","Total",186,55,24,31,131,100,31
"2011","E00008294","E00008294","Total",193,53,25,28,140,113,27
"2011","E00008298","E00008298","Total",176,47,15,32,129,89,40
"2011","E00176523","E00176523","Total",159,37,12,25,122,100,22
"2011","E00176566","E00176566","Total",177,39,14,25,138,107,31
"2011","E00176591","E00176591","Total",198,28,11,17,170,134,36
"2011","E00008278","E00008278","Total",161,45,19,26,116,92,24
"2011","E00008286","E00008286","Total",119,32,18,14,87,67,20
"2011","E00008306","E00008306","Total",135,33,9,24,102,86,16
"2011","E00008314","E00008314","Total",161,35,15,20,126,98,28
"2011","E00176517","E00176517","Total",168,50,13,37,118,94,24
"2011","E00008147","E00008147","Total",277,59,16,43,218,180,38
"2011","E00008148","E00008148","Total",154,50,20,30,104,85,19
"2011","E00008153","E00008153","Total",221,61,20,41,160,126,34
"2011","E00008186","E00008186","Total",104,29,6,23,75,64,11
"2011","E00008187","E00008187","Total",116,37,10,27,79,66,13
"2011","E00008149","E00008149","Total",228,56,23,33,172,116,56
"2011","E00008161","E00008161","Total",172,38,15,23,134,87,47
"2011","E00008164","E00008164","Total",143,19,10,9,124,76,48
"2011","E00008165","E00008165","Total",149,27,10,17,122,93,29
"2011","E00008166","E00008166","Total",94,28,9,19,66,46,20
"2011","E00008167","E00008167","Total",172,29,12,17,143,82,61
"2011","E00008159","E00008159","Total",133,22,11,11,111,76,35
"2011","E00008170","E00008170","Total",148,32,13,19,116,68,48
"2011","E00008173","E00008173","Total",138,28,12,16,110,62,48
"2011","E00008175","E00008175","Total",118,12,4,8,106,62,44
"2011","E00008176","E00008176","Total",158,30,18,12,128,90,38
"2011","E00008179","E00008179","Total",150,33,10,23,117,79,38
"2011","E00008181","E00008181","Total",159,17,5,12,142,97,45
"2011","E00008172","E00008172","Total",213,23,10,13,190,153,37
"2011","E00008177","E00008177","Total",165,26,10,16,139,96,43
"2011","E00008182","E00008182","Total",168,17,3,14,151,87,64
"2011","E00008183","E00008183","Total",111,28,13,15,83,71,12
"2011","E00008184","E00008184","Total",161,17,7,10,144,118,26
"2011","E00008185","E00008185","Total",194,51,17,34,143,118,25
"2011","E00176525","E00176525","Total",193,23,13,10,170,132,38
"2011","E00176556","E00176556","Total",189,30,20,10,159,119,40
"2011","E00008168","E00008168","Total",46,10,6,4,36,28,8
"2011","E00008169","E00008169","Total",153,22,9,13,131,82,49
"2011","E00008171","E00008171","Total",183,19,6,13,164,109,55
"2011","E00008174","E00008174","Total",165,34,10,24,131,80,51
"2011","E00008178","E00008178","Total",98,28,14,14,70,56,14
"2011","E00008180","E00008180","Total",143,12,2,10,131,95,36
"2011","E00010623","E00010623","Total",107,26,4,22,81,57,24
"2011","E00010624","E00010624","Total",127,36,10,26,91,76,15
"2011","E00010625","E00010625","Total",175,60,29,31,115,90,25
"2011","E00010629","E00010629","Total",160,41,15,26,119,85,34
"2011","E00171094","E00171094","Total",186,44,13,31,142,101,41
"2011","E00171096","E00171096","Total",175,49,23,26,126,92,34
"2011","E00010598","E00010598","Total",68,23,9,14,45,39,6
"2011","E00010600","E00010600","Total",155,43,14,29,112,97,15
"2011","E00010603","E00010603","Total",67,17,6,11,50,40,10
"2011","E00010611","E00010611","Total",87,19,7,12,68,46,22
"2011","E00010626","E00010626","Total",134,30,13,17,104,85,19
"2011","E00171093","E00171093","Total",177,53,26,27,124,80,44
"2011","E00171111","E00171111","Total",158,21,9,12,137,102,35
"2011","E00171116","E00171116","Total",19,5,4,1,14,10,4
"2011","E00011116","E00011116","Total",153,51,22,29,102,75,27
"2011","E00011126","E00011126","Total",163,52,27,25,111,72,39
"2011","E00011128","E00011128","Total",106,33,16,17,73,58,15
"2011","E00011129","E00011129","Total",130,31,15,16,99,72,27
"2011","E00011132","E00011132","Total",126,50,20,30,76,45,31
"2011","E00011127","E00011127","Total",136,32,7,25,104,84,20
"2011","E00011130","E00011130","Total",197,65,33,32,132,88,44
"2011","E00011131","E00011131","Total",136,47,21,26,89,62,27
"2011","E00011133","E00011133","Total",119,37,9,28,82,65,17
"2011","E00011136","E00011136","Total",81,26,9,17,55,43,12
"2011","E00171097","E00171097","Total",124,36,14,22,88,63,25
"2011","E00171099","E00171099","Total",116,25,10,15,91,67,24
"2011","E00171127","E00171127","Total",132,31,12,19,101,76,25
"2011","E00010601","E00010601","Total",213,61,20,41,152,107,45
"2011","E00010602","E00010602","Total",89,30,9,21,59,49,10
"2011","E00010609","E00010609","Total",194,49,14,35,145,114,31
"2011","E00010627","E00010627","Total",165,51,22,29,114,82,32
"2011","E00010628","E00010628","Total",81,25,8,17,56,43,13
"2011","E00010597","E00010597","Total",195,49,11,38,146,114,32
"2011","E00010599","E00010599","Total",186,54,21,33,132,105,27
"2011","E00010606","E00010606","Total",178,45,11,34,133,113,20
"2011","E00010607","E00010607","Total",169,48,20,28,121,99,22
"2011","E00010596","E00010596","Total",101,26,11,15,75,62,13
"2011","E00010604","E00010604","Total",150,37,14,23,113,98,15
"2011","E00010605","E00010605","Total",199,57,23,34,142,100,42
"2011","E00010608","E00010608","Total",176,52,21,31,124,96,28
"2011","E00010610","E00010610","Total",183,39,18,21,144,117,27
"2011","E00010612","E00010612","Total",197,65,23,42,132,104,28
"2011","E00010616","E00010616","Total",202,61,22,39,141,101,40
"2011","E00010617","E00010617","Total",249,82,32,50,167,133,34
"2011","E00171089","E00171089","Total",178,58,25,33,120,91,29
"2011","E00171110","E00171110","Total",161,53,26,27,108,84,24
"2011","E00010613","E00010613","Total",164,55,21,34,109,87,22
"2011","E00010614","E00010614","Total",215,65,30,35,150,130,20
"2011","E00010615","E00010615","Total",135,40,12,28,95,77,18
"2011","E00010618","E00010618","Total",115,33,12,21,82,67,15
"2011","E00010619","E00010619","Total",198,46,21,25,152,120,32
"2011","E00011113","E00011113","Total",110,34,8,26,76,68,8
"2011","E00011134","E00011134","Total",154,53,16,37,101,86,15
"2011","E00011135","E00011135","Total",142,34,15,19,108,88,20
"2011","E00011137","E00011137","Total",145,39,16,23,106,92,14
"2011","E00011142","E00011142","Total",113,32,7,25,81,68,13
"2011","E00011114","E00011114","Total",176,43,23,20,133,91,42
"2011","E00011117","E00011117","Total",200,55,18,37,145,98,47
"2011","E00011138","E00011138","Total",227,63,22,41,164,117,47
"2011","E00171114","E00171114","Total",197,34,11,23,163,129,34
"2011","E00171119","E00171119","Total",171,39,17,22,132,100,32
"2011","E00011118","E00011118","Total",119,33,10,23,86,79,7
"2011","E00011122","E00011122","Total",74,17,7,10,57,43,14
"2011","E00011124","E00011124","Total",135,42,13,29,93,72,21
"2011","E00011139","E00011139","Total",159,35,12,23,124,89,35
"2011","E00011140","E00011140","Total",153,54,20,34,99,87,12
"2011","E00011141","E00011141","Total",124,28,4,24,96,72,24
"2011","E00011115","E00011115","Total",217,59,14,45,158,125,33
"2011","E00011119","E00011119","Total",154,31,10,21,123,98,25
"2011","E00011121","E00011121","Total",144,42,9,33,102,90,12
"2011","E00011123","E00011123","Total",182,58,21,37,124,94,30
"2011","E00011125","E00011125","Total",179,54,14,40,125,103,22
"2011","E00010730","E00010730","Total",173,63,23,40,110,73,37
"2011","E00010743","E00010743","Total",68,19,4,15,49,35,14
"2011","E00010744","E00010744","Total",170,52,19,33,118,87,31
"2011","E00010748","E00010748","Total",157,42,14,28,115,89,26
"2011","E00010751","E00010751","Total",194,58,18,40,136,109,27
"2011","E00010776","E00010776","Total",167,46,14,32,121,86,35
"2011","E00010778","E00010778","Total",209,62,21,41,147,111,36
"2011","E00010780","E00010780","Total",198,54,26,28,144,111,33
"2011","E00010784","E00010784","Total",173,42,12,30,131,94,37
"2011","E00010761","E00010761","Total",141,43,17,26,98,76,22
"2011","E00010777","E00010777","Total",185,55,24,31,130,95,35
"2011","E00010779","E00010779","Total",157,48,22,26,109,82,27
"2011","E00010781","E00010781","Total",164,46,15,31,118,91,27
"2011","E00010764","E00010764","Total",169,44,14,30,125,99,26
"2011","E00010786","E00010786","Total",172,57,20,37,115,93,22
"2011","E00010789","E00010789","Total",161,45,18,27,116,81,35
"2011","E00010790","E00010790","Total",199,56,17,39,143,106,37
"2011","E00010732","E00010732","Total",174,49,17,32,125,104,21
"2011","E00010739","E00010739","Total",199,56,17,39,143,125,18
"2011","E00010753","E00010753","Total",155,48,18,30,107,93,14
"2011","E00010758","E00010758","Total",120,35,7,28,85,67,18
"2011","E00010759","E00010759","Total",141,28,7,21,113,97,16
"2011","E00010727","E00010727","Total",222,54,23,31,168,139,29
"2011","E00010729","E00010729","Total",143,37,9,28,106,91,15
"2011","E00010733","E00010733","Total",150,36,7,29,114,93,21
"2011","E00010738","E00010738","Total",161,59,22,37,102,82,20
"2011","E00010755","E00010755","Total",173,53,21,32,120,87,33
"2011","E00010728","E00010728","Total",182,59,18,41,123,106,17
"2011","E00010736","E00010736","Total",206,61,26,35,145,127,18
"2011","E00010746","E00010746","Total",220,49,17,32,171,124,47
"2011","E00010749","E00010749","Total",160,48,15,33,112,91,21
"2011","E00010756","E00010756","Total",127,40,13,27,87,78,9
"2011","E00010734","E00010734","Total",181,60,18,42,121,107,14
"2011","E00010740","E00010740","Total",191,60,20,40,131,113,18
"2011","E00010741","E00010741","Total",200,44,9,35,156,131,25
"2011","E00010742","E00010742","Total",144,45,14,31,99,86,13
"2011","E00010731","E00010731","Total",105,20,5,15,85,59,26
"2011","E00010745","E00010745","Total",185,56,18,38,129,105,24
"2011","E00010747","E00010747","Total",113,34,10,24,79,67,12
"2011","E00010750","E00010750","Total",151,54,15,39,97,79,18
"2011","E00010752","E00010752","Total",106,32,5,27,74,57,17
"2011","E00010735","E00010735","Total",130,50,16,34,80,68,12
"2011","E00010737","E00010737","Total",91,23,6,17,68,60,8
"2011","E00010754","E00010754","Total",167,46,19,27,121,104,17
"2011","E00010757","E00010757","Total",137,46,17,29,91,77,14
"2011","E00010763","E00010763","Total",200,63,24,39,137,107,30
"2011","E00010768","E00010768","Total",174,52,21,31,122,102,20
"2011","E00010782","E00010782","Total",144,45,15,30,99,71,28
"2011","E00010783","E00010783","Total",180,47,14,33,133,104,29
"2011","E00010762","E00010762","Total",136,31,11,20,105,83,22
"2011","E00010765","E00010765","Total",95,10,2,8,85,72,13
"2011","E00010766","E00010766","Total",221,59,13,46,162,118,44
"2011","E00010770","E00010770","Total",163,43,15,28,120,80,40
"2011","E00010785","E00010785","Total",131,41,12,29,90,73,17
"2011","E00010788","E00010788","Total",146,49,21,28,97,71,26
"2011","E00010772","E00010772","Total",158,42,8,34,116,105,11
"2011","E00010773","E00010773","Total",113,35,9,26,78,62,16
"2011","E00010775","E00010775","Total",134,50,21,29,84,65,19
"2011","E00010787","E00010787","Total",141,45,13,32,96,83,13
"2011","E00010760","E00010760","Total",157,44,17,27,113,82,31
"2011","E00010767","E00010767","Total",119,25,17,8,94,79,15
"2011","E00010769","E00010769","Total",216,61,32,29,155,110,45
"2011","E00010771","E00010771","Total",150,37,11,26,113,91,22
"2011","E00010774","E00010774","Total",197,53,16,37,144,101,43
"2011","E00010647","E00010647","Total",274,82,27,55,192,160,32
"2011","E00010648","E00010648","Total",182,53,11,42,129,106,23
"2011","E00010651","E00010651","Total",163,53,19,34,110,92,18
"2011","E00010656","E00010656","Total",195,45,16,29,150,125,25
"2011","E00010649","E00010649","Total",82,17,6,11,65,56,9
"2011","E00010650","E00010650","Total",89,34,8,26,55,51,4
"2011","E00010653","E00010653","Total",175,45,13,32,130,113,17
"2011","E00010654","E00010654","Total",187,59,15,44,128,105,23
"2011","E00010632","E00010632","Total",189,53,18,35,136,118,18
"2011","E00010633","E00010633","Total",213,62,28,34,151,124,27
"2011","E00010638","E00010638","Total",199,66,23,43,133,120,13
"2011","E00010652","E00010652","Total",230,62,27,35,168,134,34
"2011","E00010635","E00010635","Total",217,71,24,47,146,132,14
"2011","E00010640","E00010640","Total",195,55,17,38,140,121,19
"2011","E00010655","E00010655","Total",242,72,20,52,170,140,30
"2011","E00010657","E00010657","Total",196,66,15,51,130,105,25
"2011","E00010630","E00010630","Total",236,73,20,53,163,130,33
"2011","E00010634","E00010634","Total",206,54,18,36,152,131,21
"2011","E00010636","E00010636","Total",244,74,26,48,170,144,26
"2011","E00010639","E00010639","Total",191,63,17,46,128,97,31
"2011","E00010569","E00010569","Total",179,53,17,36,126,98,28
"2011","E00010573","E00010573","Total",258,72,19,53,186,156,30
"2011","E00010576","E00010576","Total",158,40,18,22,118,99,19
"2011","E00010581","E00010581","Total",181,56,23,33,125,102,23
"2011","E00010584","E00010584","Total",232,56,22,34,176,152,24
"2011","E00010571","E00010571","Total",222,61,17,44,161,136,25
"2011","E00010577","E00010577","Total",202,51,14,37,151,129,22
"2011","E00010578","E00010578","Total",215,58,17,41,157,132,25
"2011","E00010589","E00010589","Total",225,56,12,44,169,145,24
"2011","E00010575","E00010575","Total",185,47,18,29,138,108,30
"2011","E00010590","E00010590","Total",221,73,28,45,148,109,39
"2011","E00010591","E00010591","Total",171,59,18,41,112,94,18
"2011","E00010592","E00010592","Total",201,67,29,38,134,99,35
"2011","E00010593","E00010593","Total",159,47,17,30,112,84,28
"2011","E00010574","E00010574","Total",204,53,15,38,151,120,31
"2011","E00010587","E00010587","Total",210,56,22,34,154,126,28
"2011","E00010594","E00010594","Total",217,68,28,40,149,125,24
"2011","E00010595","E00010595","Total",225,52,19,33,173,132,41
"2011","E00010570","E00010570","Total",153,42,9,33,111,98,13
"2011","E00010572","E00010572","Total",215,62,26,36,153,128,25
"2011","E00010579","E00010579","Total",222,61,21,40,161,127,34
"2011","E00010580","E00010580","Total",167,47,13,34,120,103,17
"2011","E00010582","E00010582","Total",250,88,37,51,162,134,28
"2011","E00010954","E00010954","Total",136,42,13,29,94,74,20
"2011","E00010955","E00010955","Total",201,56,18,38,145,116,29
"2011","E00010958","E00010958","Total",116,35,13,22,81,75,6
"2011","E00010960","E00010960","Total",109,39,13,26,70,61,9
"2011","E00010961","E00010961","Total",83,34,11,23,49,41,8
"2011","E00010931","E00010931","Total",155,48,18,30,107,91,16
"2011","E00010934","E00010934","Total",149,31,9,22,118,86,32
"2011","E00010935","E00010935","Total",93,7,2,5,86,65,21
"2011","E00010937","E00010937","Total",138,31,13,18,107,92,15
"2011","E00010938","E00010938","Total",162,37,13,24,125,103,22
"2011","E00010956","E00010956","Total",103,42,15,27,61,48,13
"2011","E00010940","E00010940","Total",132,35,11,24,97,83,14
"2011","E00010949","E00010949","Total",132,31,14,17,101,77,24
"2011","E00010950","E00010950","Total",151,38,9,29,113,96,17
"2011","E00010952","E00010952","Total",133,44,9,35,89,68,21
"2011","E00010953","E00010953","Total",171,47,19,28,124,100,24
"2011","E00010962","E00010962","Total",122,40,18,22,82,61,21
"2011","E00010932","E00010932","Total",163,47,22,25,116,90,26
"2011","E00010945","E00010945","Total",163,52,17,35,111,78,33
"2011","E00010946","E00010946","Total",169,44,21,23,125,90,35
"2011","E00010947","E00010947","Total",151,45,11,34,106,77,29
"2011","E00010948","E00010948","Total",148,34,9,25,114,91,23
"2011","E00010631","E00010631","Total",219,61,18,43,158,143,15
"2011","E00010637","E00010637","Total",177,52,20,32,125,113,12
"2011","E00010642","E00010642","Total",190,48,17,31,142,116,26
"2011","E00010643","E00010643","Total",206,63,22,41,143,122,21
"2011","E00010641","E00010641","Total",193,68,20,48,125,100,25
"2011","E00010644","E00010644","Total",207,66,19,47,141,124,17
"2011","E00010645","E00010645","Total",182,54,15,39,128,111,17
"2011","E00010646","E00010646","Total",288,82,19,63,206,169,37
"2011","E00011001","E00011001","Total",238,49,17,32,189,160,29
"2011","E00011005","E00011005","Total",206,64,17,47,142,129,13
"2011","E00011006","E00011006","Total",216,79,23,56,137,122,15
"2011","E00011012","E00011012","Total",235,65,21,44,170,151,19
"2011","E00010993","E00010993","Total",142,35,7,28,107,92,15
"2011","E00010995","E00010995","Total",228,57,24,33,171,153,18
"2011","E00010997","E00010997","Total",200,57,26,31,143,122,21
"2011","E00011007","E00011007","Total",219,53,20,33,166,149,17
"2011","E00010996","E00010996","Total",247,78,27,51,169,143,26
"2011","E00010999","E00010999","Total",201,44,11,33,157,133,24
"2011","E00011018","E00011018","Total",174,55,15,40,119,103,16
"2011","E00011019","E00011019","Total",196,74,31,43,122,109,13
"2011","E00011150","E00011150","Total",211,61,19,42,150,128,22
"2011","E00011151","E00011151","Total",182,52,15,37,130,111,19
"2011","E00011153","E00011153","Total",200,54,11,43,146,118,28
"2011","E00011156","E00011156","Total",131,43,17,26,88,71,17
"2011","E00011171","E00011171","Total",170,49,10,39,121,104,17
"2011","E00011144","E00011144","Total",176,47,14,33,129,111,18
"2011","E00011148","E00011148","Total",147,45,11,34,102,83,19
"2011","E00011159","E00011159","Total",198,59,24,35,139,118,21
"2011","E00011165","E00011165","Total",202,58,19,39,144,123,21
"2011","E00011167","E00011167","Total",151,37,12,25,114,100,14
"2011","E00011158","E00011158","Total",186,46,11,35,140,116,24
"2011","E00011160","E00011160","Total",217,64,18,46,153,133,20
"2011","E00011161","E00011161","Total",196,65,24,41,131,112,19
"2011","E00011163","E00011163","Total",188,60,14,46,128,111,17
"2011","E00011145","E00011145","Total",190,52,15,37,138,118,20
"2011","E00011146","E00011146","Total",105,40,20,20,65,52,13
"2011","E00011152","E00011152","Total",176,56,27,29,120,92,28
"2011","E00011154","E00011154","Total",166,54,14,40,112,97,15
"2011","E00011166","E00011166","Total",84,26,6,20,58,53,5
"2011","E00011162","E00011162","Total",189,66,18,48,123,100,23
"2011","E00011164","E00011164","Total",182,51,27,24,131,110,21
"2011","E00011168","E00011168","Total",227,62,15,47,165,143,22
"2011","E00011169","E00011169","Total",275,83,34,49,192,168,24
"2011","E00010583","E00010583","Total",206,59,20,39,147,122,25
"2011","E00010585","E00010585","Total",226,61,18,43,165,127,38
"2011","E00010586","E00010586","Total",205,57,16,41,148,126,22
"2011","E00010588","E00010588","Total",243,63,13,50,180,149,31
"2011","E00010994","E00010994","Total",224,69,36,33,155,133,22
"2011","E00011008","E00011008","Total",206,59,19,40,147,117,30
"2011","E00011009","E00011009","Total",214,63,26,37,151,128,23
"2011","E00011013","E00011013","Total",203,55,15,40,148,131,17
"2011","E00011016","E00011016","Total",242,63,21,42,179,148,31
"2011","E00011017","E00011017","Total",274,88,28,60,186,150,36
"2011","E00010998","E00010998","Total",184,50,10,40,134,116,18
"2011","E00011002","E00011002","Total",210,72,28,44,138,116,22
"2011","E00011003","E00011003","Total",259,74,27,47,185,153,32
"2011","E00011011","E00011011","Total",204,62,21,41,142,120,22
"2011","E00011000","E00011000","Total",166,49,16,33,117,105,12
"2011","E00011004","E00011004","Total",226,81,23,58,145,129,16
"2011","E00011010","E00011010","Total",163,46,16,30,117,104,13
"2011","E00011014","E00011014","Total",164,63,14,49,101,91,10
"2011","E00011015","E00011015","Total",165,65,15,50,100,92,8
"2011","E00010902","E00010902","Total",207,63,22,41,144,115,29
"2011","E00010904","E00010904","Total",328,114,33,81,214,185,29
"2011","E00010907","E00010907","Total",204,67,26,41,137,118,19
"2011","E00010929","E00010929","Total",222,81,25,56,141,127,14
"2011","E00010930","E00010930","Total",93,33,8,25,60,56,4
"2011","E00010905","E00010905","Total",205,72,20,52,133,121,12
"2011","E00010908","E00010908","Total",101,26,7,19,75,68,7
"2011","E00010909","E00010909","Total",189,46,13,33,143,129,14
"2011","E00010910","E00010910","Total",234,69,24,45,165,149,16
"2011","E00010911","E00010911","Total",197,50,20,30,147,126,21
"2011","E00010923","E00010923","Total",195,58,21,37,137,113,24
"2011","E00010925","E00010925","Total",228,57,12,45,171,150,21
"2011","E00010926","E00010926","Total",256,64,13,51,192,176,16
"2011","E00171113","E00171113","Total",143,51,18,33,92,76,16
"2011","E00171117","E00171117","Total",171,42,14,28,129,113,16
"2011","E00010903","E00010903","Total",155,52,12,40,103,89,14
"2011","E00010912","E00010912","Total",207,52,17,35,155,131,24
"2011","E00010922","E00010922","Total",131,44,21,23,87,74,13
"2011","E00010927","E00010927","Total",193,48,14,34,145,129,16
"2011","E00010928","E00010928","Total",203,63,19,44,140,116,24
"2011","E00011147","E00011147","Total",159,44,10,34,115,100,15
"2011","E00011149","E00011149","Total",221,68,21,47,153,130,23
"2011","E00011155","E00011155","Total",181,48,16,32,133,120,13
"2011","E00011157","E00011157","Total",155,37,13,24,118,106,12
"2011","E00011170","E00011170","Total",127,39,12,27,88,79,9
"2011","E00010791","E00010791","Total",196,52,16,36,144,114,30
"2011","E00010809","E00010809","Total",129,25,9,16,104,91,13
"2011","E00010811","E00010811","Total",177,52,18,34,125,102,23
"2011","E00010813","E00010813","Total",114,30,8,22,84,77,7
"2011","E00010814","E00010814","Total",203,55,18,37,148,125,23
"2011","E00010816","E00010816","Total",194,62,20,42,132,113,19
"2011","E00010793","E00010793","Total",203,57,21,36,146,114,32
"2011","E00010794","E00010794","Total",202,56,20,36,146,118,28
"2011","E00010817","E00010817","Total",188,49,25,24,139,106,33
"2011","E00010818","E00010818","Total",178,47,18,29,131,101,30
"2011","E00010819","E00010819","Total",164,42,8,34,122,108,14
"2011","E00010842","E00010842","Total",199,55,13,42,144,120,24
"2011","E00010844","E00010844","Total",133,34,10,24,99,81,18
"2011","E00010846","E00010846","Total",210,62,18,44,148,119,29
"2011","E00010847","E00010847","Total",181,50,18,32,131,105,26
"2011","E00010821","E00010821","Total",191,68,27,41,123,101,22
"2011","E00010825","E00010825","Total",188,50,17,33,138,103,35
"2011","E00010843","E00010843","Total",182,44,12,32,138,105,33
"2011","E00010845","E00010845","Total",211,60,19,41,151,121,30
"2011","E00010933","E00010933","Total",178,48,25,23,130,87,43
"2011","E00010939","E00010939","Total",152,43,13,30,109,78,31
"2011","E00010951","E00010951","Total",129,40,20,20,89,66,23
"2011","E00010957","E00010957","Total",189,51,25,26,138,92,46
"2011","E00010959","E00010959","Total",131,39,15,24,92,60,32
"2011","E00010936","E00010936","Total",158,46,19,27,112,81,31
"2011","E00010941","E00010941","Total",106,29,11,18,77,53,24
"2011","E00010942","E00010942","Total",167,56,23,33,111,87,24
"2011","E00010943","E00010943","Total",249,53,11,42,196,150,46
"2011","E00010944","E00010944","Total",152,29,14,15,123,95,28
"2011","E00010969","E00010969","Total",148,38,16,22,110,87,23
"2011","E00010970","E00010970","Total",180,56,33,23,124,80,44
"2011","E00010971","E00010971","Total",150,40,16,24,110,81,29
"2011","E00010972","E00010972","Total",140,48,18,30,92,59,33
"2011","E00010973","E00010973","Total",93,22,7,15,71,59,12
"2011","E00010974","E00010974","Total",215,51,19,32,164,121,43
"2011","E00010977","E00010977","Total",196,40,20,20,156,126,30
"2011","E00010978","E00010978","Total",98,35,14,21,63,53,10
"2011","E00010979","E00010979","Total",164,42,10,32,122,93,29
"2011","E00010981","E00010981","Total",216,63,25,38,153,122,31
"2011","E00010849","E00010849","Total",212,57,23,34,155,127,28
"2011","E00010851","E00010851","Total",209,65,18,47,144,129,15
"2011","E00010852","E00010852","Total",234,81,24,57,153,121,32
"2011","E00010854","E00010854","Total",217,68,21,47,149,125,24
"2011","E00010853","E00010853","Total",180,59,22,37,121,94,27
"2011","E00010859","E00010859","Total",242,65,29,36,177,146,31
"2011","E00010870","E00010870","Total",166,50,14,36,116,104,12
"2011","E00010871","E00010871","Total",219,63,29,34,156,138,18
"2011","E00010857","E00010857","Total",230,58,22,36,172,143,29
"2011","E00010861","E00010861","Total",221,69,27,42,152,117,35
"2011","E00010865","E00010865","Total",118,38,13,25,80,69,11
"2011","E00010868","E00010868","Total",234,54,19,35,180,165,15
"2011","E00010855","E00010855","Total",190,59,17,42,131,116,15
"2011","E00010856","E00010856","Total",131,40,12,28,91,82,9
"2011","E00010858","E00010858","Total",154,44,11,33,110,96,14
"2011","E00010866","E00010866","Total",179,58,12,46,121,113,8
"2011","E00010860","E00010860","Total",223,65,20,45,158,129,29
"2011","E00010867","E00010867","Total",113,35,5,30,78,63,15
"2011","E00010869","E00010869","Total",286,74,31,43,212,187,25
"2011","E00010873","E00010873","Total",152,41,17,24,111,99,12
"2011","E00010803","E00010803","Total",151,43,18,25,108,80,28
"2011","E00010805","E00010805","Total",166,39,10,29,127,109,18
"2011","E00010806","E00010806","Total",127,31,7,24,96,83,13
"2011","E00010807","E00010807","Total",217,64,16,48,153,125,28
"2011","E00010808","E00010808","Total",156,42,14,28,114,96,18
"2011","E00010792","E00010792","Total",109,24,6,18,85,69,16
"2011","E00010796","E00010796","Total",157,33,10,23,124,98,26
"2011","E00010810","E00010810","Total",163,46,17,29,117,96,21
"2011","E00010812","E00010812","Total",182,43,19,24,139,109,30
"2011","E00010815","E00010815","Total",192,56,20,36,136,109,27
"2011","E00010797","E00010797","Total",187,63,19,44,124,102,22
"2011","E00010801","E00010801","Total",244,67,20,47,177,157,20
"2011","E00010802","E00010802","Total",239,65,23,42,174,154,20
"2011","E00010804","E00010804","Total",198,57,24,33,141,102,39
"2011","E00010795","E00010795","Total",194,54,13,41,140,117,23
"2011","E00010798","E00010798","Total",184,41,17,24,143,102,41
"2011","E00010799","E00010799","Total",218,56,22,34,162,134,28
"2011","E00010800","E00010800","Total",174,49,16,33,125,104,21
"2011","E00010677","E00010677","Total",319,76,17,59,243,208,35
"2011","E00010681","E00010681","Total",240,47,17,30,193,160,33
"2011","E00010682","E00010682","Total",210,58,20,38,152,118,34
"2011","E00010687","E00010687","Total",182,34,14,20,148,125,23
"2011","E00010689","E00010689","Total",203,51,16,35,152,121,31
"2011","E00010659","E00010659","Total",333,71,24,47,262,234,28
"2011","E00010671","E00010671","Total",221,53,13,40,168,158,10
"2011","E00010672","E00010672","Total",253,59,24,35,194,162,32
"2011","E00010676","E00010676","Total",202,58,22,36,144,122,22
"2011","E00010686","E00010686","Total",229,54,19,35,175,143,32
"2011","E00010906","E00010906","Total",236,67,30,37,169,135,34
"2011","E00010913","E00010913","Total",174,49,19,30,125,111,14
"2011","E00010914","E00010914","Total",199,41,15,26,158,132,26
"2011","E00010916","E00010916","Total",179,53,22,31,126,104,22
"2011","E00010921","E00010921","Total",195,35,10,25,160,129,31
"2011","E00010915","E00010915","Total",177,38,12,26,139,120,19
"2011","E00010917","E00010917","Total",216,49,21,28,167,135,32
"2011","E00010918","E00010918","Total",175,42,16,26,133,112,21
"2011","E00010919","E00010919","Total",229,63,32,31,166,142,24
"2011","E00010920","E00010920","Total",222,73,19,54,149,125,24
"2011","E00010828","E00010828","Total",178,55,17,38,123,112,11
"2011","E00010831","E00010831","Total",196,54,18,36,142,119,23
"2011","E00010834","E00010834","Total",231,55,21,34,176,145,31
"2011","E00010835","E00010835","Total",163,38,14,24,125,106,19
"2011","E00010836","E00010836","Total",151,40,15,25,111,91,20
"2011","E00010837","E00010837","Total",210,57,13,44,153,125,28
"2011","E00010838","E00010838","Total",235,63,31,32,172,147,25
"2011","E00010839","E00010839","Total",182,43,14,29,139,110,29
"2011","E00010840","E00010840","Total",251,54,16,38,197,152,45
"2011","E00010841","E00010841","Total",178,55,22,33,123,96,27
"2011","E00010823","E00010823","Total",176,43,13,30,133,104,29
"2011","E00010826","E00010826","Total",202,43,15,28,159,136,23
"2011","E00010829","E00010829","Total",203,58,21,37,145,119,26
"2011","E00010832","E00010832","Total",164,47,19,28,117,103,14
"2011","E00010833","E00010833","Total",237,54,17,37,183,148,35
"2011","E00010820","E00010820","Total",167,39,10,29,128,107,21
"2011","E00010822","E00010822","Total",212,44,11,33,168,138,30
"2011","E00010824","E00010824","Total",190,52,21,31,138,111,27
"2011","E00010827","E00010827","Total",194,53,17,36,141,125,16
"2011","E00010830","E00010830","Total",170,37,14,23,133,106,27
"2011","E00010963","E00010963","Total",190,51,11,40,139,111,28
"2011","E00010964","E00010964","Total",198,53,20,33,145,112,33
"2011","E00010965","E00010965","Total",174,52,18,34,122,100,22
"2011","E00010967","E00010967","Total",205,61,16,45,144,120,24
"2011","E00010968","E00010968","Total",182,43,19,24,139,94,45
"2011","E00010975","E00010975","Total",155,34,16,18,121,89,32
"2011","E00010976","E00010976","Total",163,57,16,41,106,68,38
"2011","E00010980","E00010980","Total",174,39,17,22,135,101,34
"2011","E00010982","E00010982","Total",146,41,13,28,105,84,21
"2011","E00010984","E00010984","Total",192,64,22,42,128,101,27
"2011","E00010983","E00010983","Total",93,20,8,12,73,58,15
"2011","E00010986","E00010986","Total",134,30,6,24,104,91,13
"2011","E00010987","E00010987","Total",180,52,20,32,128,106,22
"2011","E00010991","E00010991","Total",187,56,16,40,131,110,21
"2011","E00010992","E00010992","Total",173,53,20,33,120,95,25
"2011","E00010966","E00010966","Total",160,42,13,29,118,90,28
"2011","E00010985","E00010985","Total",166,58,20,38,108,83,25
"2011","E00010988","E00010988","Total",200,59,23,36,141,104,37
"2011","E00010989","E00010989","Total",204,60,20,40,144,112,32
"2011","E00010990","E00010990","Total",181,71,30,41,110,84,26
"2011","E00010665","E00010665","Total",72,17,7,10,55,46,9
"2011","E00010666","E00010666","Total",161,37,11,26,124,104,20
"2011","E00010669","E00010669","Total",189,40,18,22,149,126,23
"2011","E00010680","E00010680","Total",302,60,18,42,242,212,30
"2011","E00010683","E00010683","Total",206,49,23,26,157,131,26
"2011","E00010688","E00010688","Total",164,28,10,18,136,113,23
"2011","E00171100","E00171100","Total",147,16,4,12,131,117,14
"2011","E00171102","E00171102","Total",213,33,12,21,180,152,28
"2011","E00010661","E00010661","Total",138,26,5,21,112,98,14
"2011","E00010662","E00010662","Total",181,47,9,38,134,109,25
"2011","E00010663","E00010663","Total",180,39,13,26,141,118,23
"2011","E00010678","E00010678","Total",197,42,8,34,155,122,33
"2011","E00010685","E00010685","Total",191,61,22,39,130,99,31
"2011","E00010658","E00010658","Total",134,28,8,20,106,83,23
"2011","E00010660","E00010660","Total",244,58,25,33,186,140,46
"2011","E00010664","E00010664","Total",297,53,12,41,244,198,46
"2011","E00010668","E00010668","Total",131,17,6,11,114,96,18
"2011","E00010670","E00010670","Total",146,33,15,18,113,86,27
"2011","E00010690","E00010690","Total",123,39,15,24,84,74,10
"2011","E00010673","E00010673","Total",101,34,7,27,67,58,9
"2011","E00010674","E00010674","Total",105,22,10,12,83,66,17
"2011","E00010675","E00010675","Total",186,53,24,29,133,118,15
"2011","E00010679","E00010679","Total",194,55,19,36,139,120,19
"2011","E00010684","E00010684","Total",172,49,18,31,123,102,21
"2011","E00011172","E00011172","Total",158,28,11,17,130,113,17
"2011","E00011181","E00011181","Total",182,54,15,39,128,112,16
"2011","E00011184","E00011184","Total",179,49,20,29,130,104,26
"2011","E00011185","E00011185","Total",181,59,19,40,122,108,14
"2011","E00011186","E00011186","Total",172,45,18,27,127,109,18
"2011","E00011174","E00011174","Total",157,34,18,16,123,97,26
"2011","E00011175","E00011175","Total",215,50,18,32,165,141,24
"2011","E00011179","E00011179","Total",157,27,10,17,130,112,18
"2011","E00011180","E00011180","Total",190,53,16,37,137,109,28
"2011","E00011182","E00011182","Total",203,44,11,33,159,132,27
"2011","E00011188","E00011188","Total",154,42,14,28,112,86,26
"2011","E00011189","E00011189","Total",188,54,17,37,134,105,29
"2011","E00011190","E00011190","Total",139,45,15,30,94,83,11
"2011","E00011191","E00011191","Total",162,49,15,34,113,92,21
"2011","E00011192","E00011192","Total",171,41,10,31,130,104,26
"2011","E00011176","E00011176","Total",184,62,21,41,122,102,20
"2011","E00011177","E00011177","Total",177,53,19,34,124,102,22
"2011","E00011199","E00011199","Total",189,48,21,27,141,118,23
"2011","E00011200","E00011200","Total",193,54,14,40,139,117,22
"2011","E00011201","E00011201","Total",198,51,14,37,147,125,22
"2011","E00011020","E00011020","Total",138,51,21,30,87,66,21
"2011","E00011021","E00011021","Total",160,43,16,27,117,92,25
"2011","E00011025","E00011025","Total",147,49,16,33,98,83,15
"2011","E00011048","E00011048","Total",176,40,12,28,136,115,21
"2011","E00011022","E00011022","Total",179,48,20,28,131,108,23
"2011","E00011023","E00011023","Total",199,61,22,39,138,111,27
"2011","E00011024","E00011024","Total",236,86,27,59,150,116,34
"2011","E00011026","E00011026","Total",202,62,20,42,140,108,32
"2011","E00011173","E00011173","Total",159,34,14,20,125,108,17
"2011","E00011178","E00011178","Total",174,45,17,28,129,102,27
"2011","E00011183","E00011183","Total",168,39,15,24,129,110,19
"2011","E00011187","E00011187","Total",149,40,17,23,109,85,24
"2011","E00011193","E00011193","Total",140,40,15,25,100,86,14
"2011","E00011194","E00011194","Total",195,50,23,27,145,124,21
"2011","E00011197","E00011197","Total",202,57,23,34,145,124,21
"2011","E00011198","E00011198","Total",166,51,22,29,115,99,16
"2011","E00171105","E00171105","Total",177,50,19,31,127,106,21
"2011","E00010706","E00010706","Total",128,48,16,32,80,72,8
"2011","E00010709","E00010709","Total",116,43,14,29,73,66,7
"2011","E00010711","E00010711","Total",144,21,7,14,123,109,14
"2011","E00010712","E00010712","Total",172,54,21,33,118,100,18
"2011","E00010715","E00010715","Total",131,44,10,34,87,71,16
"2011","E00010718","E00010718","Total",185,56,25,31,129,92,37
"2011","E00010692","E00010692","Total",174,53,11,42,121,101,20
"2011","E00010695","E00010695","Total",209,46,10,36,163,132,31
"2011","E00010696","E00010696","Total",167,45,9,36,122,109,13
"2011","E00010702","E00010702","Total",127,32,13,19,95,77,18
"2011","E00010726","E00010726","Total",145,47,16,31,98,70,28
"2011","E00010698","E00010698","Total",193,65,24,41,128,108,20
"2011","E00010699","E00010699","Total",162,59,20,39,103,91,12
"2011","E00010701","E00010701","Total",200,60,21,39,140,124,16
"2011","E00010704","E00010704","Total",177,60,18,42,117,101,16
"2011","E00011052","E00011052","Total",194,64,19,45,130,107,23
"2011","E00011055","E00011055","Total",228,57,26,31,171,155,16
"2011","E00011061","E00011061","Total",238,75,28,47,163,144,19
"2011","E00011062","E00011062","Total",146,40,12,28,106,88,18
"2011","E00171103","E00171103","Total",221,39,11,28,182,155,27
"2011","E00171107","E00171107","Total",177,53,13,40,124,106,18
"2011","E00171108","E00171108","Total",187,60,21,39,127,108,19
"2011","E00011049","E00011049","Total",150,54,16,38,96,87,9
"2011","E00011058","E00011058","Total",137,48,18,30,89,78,11
"2011","E00011059","E00011059","Total",177,59,14,45,118,104,14
"2011","E00011060","E00011060","Total",188,52,18,34,136,118,18
"2011","E00011050","E00011050","Total",177,49,12,37,128,115,13
"2011","E00011057","E00011057","Total",126,32,5,27,94,90,4
"2011","E00011065","E00011065","Total",142,45,15,30,97,93,4
"2011","E00011066","E00011066","Total",168,48,13,35,120,102,18
"2011","E00011069","E00011069","Total",185,57,24,33,128,116,12
"2011","E00011053","E00011053","Total",166,40,14,26,126,106,20
"2011","E00011056","E00011056","Total",229,61,17,44,168,143,25
"2011","E00011064","E00011064","Total",190,69,21,48,121,102,19
"2011","E00011067","E00011067","Total",174,49,12,37,125,104,21
"2011","E00011078","E00011078","Total",155,41,12,29,114,106,8
"2011","E00011079","E00011079","Total",126,41,12,29,85,72,13
"2011","E00011081","E00011081","Total",110,37,8,29,73,68,5
"2011","E00171091","E00171091","Total",174,58,19,39,116,102,14
"2011","E00010691","E00010691","Total",306,53,24,29,253,192,61
"2011","E00010693","E00010693","Total",166,29,9,20,137,104,33
"2011","E00010700","E00010700","Total",189,58,17,41,131,98,33
"2011","E00010703","E00010703","Total",200,49,20,29,151,122,29
"2011","E00010707","E00010707","Total",145,25,9,16,120,83,37
"2011","E00010708","E00010708","Total",134,26,9,17,108,70,38
"2011","E00010710","E00010710","Total",153,26,13,13,127,90,37
"2011","E00010713","E00010713","Total",131,24,10,14,107,78,29
"2011","E00010714","E00010714","Total",156,33,11,22,123,84,39
"2011","E00010716","E00010716","Total",136,29,12,17,107,79,28
"2011","E00010719","E00010719","Total",196,57,21,36,139,104,35
"2011","E00010717","E00010717","Total",147,37,10,27,110,85,25
"2011","E00010720","E00010720","Total",212,58,15,43,154,127,27
"2011","E00010721","E00010721","Total",122,31,8,23,91,77,14
"2011","E00010722","E00010722","Total",219,57,22,35,162,125,37
"2011","E00010723","E00010723","Total",183,46,19,27,137,109,28
"2011","E00010694","E00010694","Total",153,17,6,11,136,94,42
"2011","E00010697","E00010697","Total",171,35,11,24,136,101,35
"2011","E00010705","E00010705","Total",97,15,5,10,82,42,40
"2011","E00010724","E00010724","Total",96,23,9,14,73,35,38
"2011","E00010725","E00010725","Total",119,27,12,15,92,57,35
"2011","E00011083","E00011083","Total",125,38,9,29,87,75,12
"2011","E00011091","E00011091","Total",148,47,20,27,101,83,18
"2011","E00011106","E00011106","Total",153,45,13,32,108,92,16
"2011","E00011107","E00011107","Total",145,47,12,35,98,83,15
"2011","E00011110","E00011110","Total",173,31,10,21,142,124,18
"2011","E00011105","E00011105","Total",176,56,20,36,120,104,16
"2011","E00011108","E00011108","Total",155,50,13,37,105,89,16
"2011","E00011109","E00011109","Total",183,57,14,43,126,111,15
"2011","E00011111","E00011111","Total",189,66,19,47,123,109,14
"2011","E00011112","E00011112","Total",114,39,10,29,75,63,12
"2011","E00011085","E00011085","Total",173,47,12,35,126,108,18
"2011","E00011089","E00011089","Total",181,52,16,36,129,98,31
"2011","E00011093","E00011093","Total",188,61,20,41,127,115,12
"2011","E00011096","E00011096","Total",210,81,22,59,129,116,13
"2011","E00011087","E00011087","Total",230,59,22,37,171,146,25
"2011","E00011098","E00011098","Total",181,56,18,38,125,97,28
"2011","E00011099","E00011099","Total",179,64,15,49,115,102,13
"2011","E00011101","E00011101","Total",158,43,17,26,115,97,18
"2011","E00011068","E00011068","Total",164,48,17,31,116,97,19
"2011","E00011071","E00011071","Total",203,69,21,48,134,111,23
"2011","E00011073","E00011073","Total",169,65,15,50,104,91,13
"2011","E00011076","E00011076","Total",82,19,5,14,63,56,7
"2011","E00011077","E00011077","Total",176,57,12,45,119,108,11
"2011","E00011063","E00011063","Total",159,38,9,29,121,105,16
"2011","E00011070","E00011070","Total",79,32,11,21,47,42,5
"2011","E00011072","E00011072","Total",107,35,13,22,72,58,14
"2011","E00011074","E00011074","Total",133,49,18,31,84,71,13
"2011","E00011075","E00011075","Total",134,36,13,23,98,85,13
"2011","E00011084","E00011084","Total",189,53,14,39,136,118,18
"2011","E00011086","E00011086","Total",225,61,20,41,164,138,26
"2011","E00011090","E00011090","Total",179,52,20,32,127,109,18
"2011","E00011097","E00011097","Total",193,53,15,38,140,108,32
"2011","E00011082","E00011082","Total",192,54,10,44,138,117,21
"2011","E00011088","E00011088","Total",177,62,17,45,115,103,12
"2011","E00011092","E00011092","Total",211,65,21,44,146,133,13
"2011","E00011094","E00011094","Total",178,50,17,33,128,112,16
"2011","E00011095","E00011095","Total",147,45,22,23,102,81,21
"2011","E00011100","E00011100","Total",186,61,19,42,125,105,20
"2011","E00011102","E00011102","Total",142,30,9,21,112,91,21
"2011","E00011103","E00011103","Total",195,34,8,26,161,136,25
"2011","E00011104","E00011104","Total",137,42,10,32,95,87,8
"2011","E00011031","E00011031","Total",142,53,9,44,89,72,17
"2011","E00011034","E00011034","Total",154,58,17,41,96,82,14
"2011","E00011039","E00011039","Total",164,42,13,29,122,109,13
"2011","E00011040","E00011040","Total",206,68,18,50,138,117,21
"2011","E00011042","E00011042","Total",157,44,13,31,113,100,13
"2011","E00011029","E00011029","Total",133,34,12,22,99,86,13
"2011","E00011030","E00011030","Total",194,60,22,38,134,113,21
"2011","E00011035","E00011035","Total",167,49,16,33,118,98,20
"2011","E00011041","E00011041","Total",172,60,15,45,112,90,22
"2011","E00011044","E00011044","Total",171,51,20,31,120,103,17
"2011","E00011045","E00011045","Total",215,60,16,44,155,134,21
"2011","E00011046","E00011046","Total",219,75,29,46,144,117,27
"2011","E00011047","E00011047","Total",196,69,23,46,127,116,11
"2011","E00011027","E00011027","Total",181,55,15,40,126,116,10
"2011","E00011028","E00011028","Total",200,59,21,38,141,115,26
"2011","E00011032","E00011032","Total",190,46,15,31,144,123,21
"2011","E00011033","E00011033","Total",218,69,29,40,149,121,28
"2011","E00011036","E00011036","Total",187,57,22,35,130,115,15
"2011","E00011038","E00011038","Total",207,61,20,41,146,126,20
"2011","E00011043","E00011043","Total",246,55,15,40,191,168,23
"2011","E00165801","E00165801","Total",182,41,14,27,141,128,13
"2011","E00010862","E00010862","Total",158,48,12,36,110,97,13
"2011","E00010863","E00010863","Total",233,55,18,37,178,159,19
"2011","E00010864","E00010864","Total",232,54,19,35,178,154,24
"2011","E00010848","E00010848","Total",221,58,18,40,163,145,18
"2011","E00010850","E00010850","Total",199,54,21,33,145,127,18
"2011","E00010872","E00010872","Total",182,48,21,27,134,117,17
"2011","E00010874","E00010874","Total",231,59,24,35,172,140,32
"2011","E00010875","E00010875","Total",193,40,15,25,153,132,21
"2011","E00010892","E00010892","Total",198,71,17,54,127,109,18
"2011","E00010896","E00010896","Total",196,74,29,45,122,106,16
"2011","E00010900","E00010900","Total",183,52,13,39,131,114,17
"2011","E00010880","E00010880","Total",230,61,28,33,169,148,21
"2011","E00010893","E00010893","Total",217,78,20,58,139,123,16
"2011","E00010897","E00010897","Total",233,69,24,45,164,142,22
"2011","E00010899","E00010899","Total",224,68,17,51,156,139,17
"2011","E00010877","E00010877","Total",205,58,22,36,147,123,24
"2011","E00010890","E00010890","Total",199,45,17,28,154,136,18
"2011","E00010895","E00010895","Total",195,64,25,39,131,107,24
"2011","E00010898","E00010898","Total",211,60,17,43,151,129,22
"2011","E00010878","E00010878","Total",214,75,19,56,139,117,22
"2011","E00010879","E00010879","Total",287,84,26,58,203,165,38
"2011","E00010881","E00010881","Total",254,53,23,30,201,164,37
"2011","E00010876","E00010876","Total",176,48,15,33,128,103,25
"2011","E00010882","E00010882","Total",235,73,30,43,162,137,25
"2011","E00010883","E00010883","Total",275,100,59,41,175,144,31
"2011","E00010901","E00010901","Total",230,69,25,44,161,136,25
"2011","E00010884","E00010884","Total",157,48,20,28,109,91,18
"2011","E00010885","E00010885","Total",176,53,21,32,123,101,22
"2011","E00010886","E00010886","Total",210,64,21,43,146,127,19
"2011","E00010888","E00010888","Total",129,35,11,24,94,85,9
"2011","E00010887","E00010887","Total",197,57,23,34,140,123,17
"2011","E00010889","E00010889","Total",202,47,20,27,155,130,25
"2011","E00010891","E00010891","Total",200,61,27,34,139,123,16
"2011","E00010894","E00010894","Total",213,61,22,39,152,121,31
"2011","E00011366","E00011366","Total",63,21,6,15,42,27,15
"2011","E00011367","E00011367","Total",160,41,10,31,119,99,20
"2011","E00011368","E00011368","Total",141,33,11,22,108,92,16
"2011","E00011369","E00011369","Total",217,52,15,37,165,147,18
"2011","E00011371","E00011371","Total",145,42,14,28,103,79,24
"2011","E00011372","E00011372","Total",114,41,17,24,73,57,16
"2011","E00011370","E00011370","Total",128,41,14,27,87,75,12
"2011","E00011374","E00011374","Total",101,22,10,12,79,73,6
"2011","E00011376","E00011376","Total",155,51,16,35,104,88,16
"2011","E00011377","E00011377","Total",134,41,15,26,93,82,11
"2011","E00011378","E00011378","Total",108,37,13,24,71,60,11
"2011","E00011550","E00011550","Total",47,11,5,6,36,32,4
"2011","E00011551","E00011551","Total",100,36,15,21,64,51,13
"2011","E00011552","E00011552","Total",142,39,10,29,103,90,13
"2011","E00011553","E00011553","Total",162,48,20,28,114,93,21
"2011","E00011555","E00011555","Total",92,22,9,13,70,61,9
"2011","E00011554","E00011554","Total",128,36,11,25,92,82,10
"2011","E00011556","E00011556","Total",87,28,13,15,59,51,8
"2011","E00011557","E00011557","Total",149,43,11,32,106,94,12
"2011","E00011558","E00011558","Total",113,36,16,20,77,61,16
"2011","E00011560","E00011560","Total",143,39,6,33,104,85,19
"2011","E00011362","E00011362","Total",134,46,18,28,88,76,12
"2011","E00011389","E00011389","Total",147,39,8,31,108,94,14
"2011","E00011397","E00011397","Total",131,35,9,26,96,83,13
"2011","E00011399","E00011399","Total",94,18,6,12,76,61,15
"2011","E00011401","E00011401","Total",162,51,11,40,111,95,16
"2011","E00011373","E00011373","Total",155,42,19,23,113,99,14
"2011","E00011375","E00011375","Total",130,40,8,32,90,77,13
"2011","E00011384","E00011384","Total",155,54,19,35,101,84,17
"2011","E00011385","E00011385","Total",141,45,18,27,96,77,19
"2011","E00011393","E00011393","Total",124,30,8,22,94,76,18
"2011","E00011363","E00011363","Total",156,47,17,30,109,85,24
"2011","E00011382","E00011382","Total",102,40,10,30,62,55,7
"2011","E00011383","E00011383","Total",82,20,9,11,62,55,7
"2011","E00011387","E00011387","Total",76,13,6,7,63,57,6
"2011","E00011390","E00011390","Total",143,44,9,35,99,87,12
"2011","E00011395","E00011395","Total",63,11,5,6,52,45,7
"2011","E00011365","E00011365","Total",109,32,7,25,77,68,9
"2011","E00011404","E00011404","Total",75,17,7,10,58,48,10
"2011","E00011406","E00011406","Total",138,46,20,26,92,81,11
"2011","E00011409","E00011409","Total",150,32,8,24,118,98,20
"2011","E00011410","E00011410","Total",139,29,10,19,110,96,14
"2011","E00011462","E00011462","Total",122,26,12,14,96,89,7
"2011","E00011464","E00011464","Total",140,35,12,23,105,89,16
"2011","E00011469","E00011469","Total",136,27,9,18,109,95,14
"2011","E00011477","E00011477","Total",257,60,21,39,197,159,38
"2011","E00011478","E00011478","Total",158,40,11,29,118,101,17
"2011","E00011510","E00011510","Total",150,33,9,24,117,99,18
"2011","E00011516","E00011516","Total",180,54,20,34,126,99,27
"2011","E00011517","E00011517","Total",136,43,16,27,93,76,17
"2011","E00011519","E00011519","Total",159,50,10,40,109,92,17
"2011","E00011527","E00011527","Total",147,41,19,22,106,87,19
"2011","E00011522","E00011522","Total",106,25,9,16,81,72,9
"2011","E00011524","E00011524","Total",115,40,11,29,75,67,8
"2011","E00011529","E00011529","Total",137,40,13,27,97,82,15
"2011","E00011530","E00011530","Total",176,63,25,38,113,95,18
"2011","E00166792","E00166792","Total",116,30,11,19,86,73,13
"2011","E00166793","E00166793","Total",153,42,14,28,111,94,17
"2011","E00166794","E00166794","Total",62,21,7,14,41,35,6
"2011","E00011495","E00011495","Total",187,54,19,35,133,83,50
"2011","E00011497","E00011497","Total",152,45,11,34,107,89,18
"2011","E00011511","E00011511","Total",110,44,10,34,66,48,18
"2011","E00011531","E00011531","Total",147,37,15,22,110,88,22
"2011","E00011494","E00011494","Total",138,45,19,26,93,83,10
"2011","E00011506","E00011506","Total",113,30,7,23,83,69,14
"2011","E00011509","E00011509","Total",151,48,18,30,103,90,13
"2011","E00011513","E00011513","Total",121,44,8,36,77,74,3
"2011","E00011515","E00011515","Total",157,50,10,40,107,96,11
"2011","E00011500","E00011500","Total",173,51,17,34,122,107,15
"2011","E00011501","E00011501","Total",145,39,13,26,106,92,14
"2011","E00011502","E00011502","Total",163,46,13,33,117,97,20
"2011","E00011504","E00011504","Total",143,40,12,28,103,86,17
"2011","E00011507","E00011507","Total",135,36,12,24,99,81,18
"2011","E00011361","E00011361","Total",102,29,10,19,73,64,9
"2011","E00011379","E00011379","Total",93,27,8,19,66,53,13
"2011","E00011380","E00011380","Total",66,14,6,8,52,43,9
"2011","E00011381","E00011381","Total",119,32,6,26,87,72,15
"2011","E00011386","E00011386","Total",88,27,10,17,61,57,4
"2011","E00011388","E00011388","Total",89,26,9,17,63,50,13
"2011","E00011391","E00011391","Total",144,52,16,36,92,82,10
"2011","E00011392","E00011392","Total",110,39,10,29,71,60,11
"2011","E00011394","E00011394","Total",104,29,8,21,75,64,11
"2011","E00011396","E00011396","Total",91,21,6,15,70,60,10
"2011","E00011400","E00011400","Total",63,15,5,10,48,39,9
"2011","E00011403","E00011403","Total",93,24,5,19,69,62,7
"2011","E00011364","E00011364","Total",120,23,10,13,97,77,20
"2011","E00011398","E00011398","Total",125,44,15,29,81,70,11
"2011","E00011402","E00011402","Total",163,51,17,34,112,97,15
"2011","E00011405","E00011405","Total",135,30,6,24,105,89,16
"2011","E00011407","E00011407","Total",100,22,7,15,78,66,12
"2011","E00011408","E00011408","Total",138,38,4,34,100,79,21
"2011","E00011465","E00011465","Total",126,32,16,16,94,87,7
"2011","E00011468","E00011468","Total",100,32,9,23,68,60,8
"2011","E00011470","E00011470","Total",107,25,6,19,82,72,10
"2011","E00011471","E00011471","Total",118,35,10,25,83,69,14
"2011","E00011473","E00011473","Total",184,58,19,39,126,110,16
"2011","E00011532","E00011532","Total",96,20,5,15,76,61,15
"2011","E00011533","E00011533","Total",129,30,5,25,99,86,13
"2011","E00011561","E00011561","Total",177,54,13,41,123,103,20
"2011","E00011562","E00011562","Total",149,41,13,28,108,93,15
"2011","E00011565","E00011565","Total",129,41,8,33,88,78,10
"2011","E00011534","E00011534","Total",121,30,7,23,91,77,14
"2011","E00011536","E00011536","Total",92,26,8,18,66,60,6
"2011","E00011541","E00011541","Total",95,21,6,15,74,67,7
"2011","E00011566","E00011566","Total",101,38,14,24,63,57,6
"2011","E00011569","E00011569","Total",74,17,6,11,57,53,4
"2011","E00011571","E00011571","Total",97,25,7,18,72,63,9
"2011","E00011518","E00011518","Total",139,42,13,29,97,87,10
"2011","E00011520","E00011520","Total",117,30,16,14,87,70,17
"2011","E00011523","E00011523","Total",174,47,15,32,127,101,26
"2011","E00011525","E00011525","Total",140,41,13,28,99,79,20
"2011","E00011526","E00011526","Total",174,48,15,33,126,106,20
"2011","E00011493","E00011493","Total",165,45,9,36,120,103,17
"2011","E00011496","E00011496","Total",135,32,10,22,103,83,20
"2011","E00011498","E00011498","Total",143,47,12,35,96,80,16
"2011","E00011499","E00011499","Total",158,50,16,34,108,95,13
"2011","E00011503","E00011503","Total",97,28,7,21,69,55,14
"2011","E00011505","E00011505","Total",149,47,15,32,102,89,13
"2011","E00011508","E00011508","Total",208,64,21,43,144,114,30
"2011","E00011512","E00011512","Total",82,29,11,18,53,47,6
"2011","E00011521","E00011521","Total",148,33,8,25,115,99,16
"2011","E00011528","E00011528","Total",118,35,12,23,83,68,15
"2011","E00011613","E00011613","Total",136,36,12,24,100,87,13
"2011","E00011622","E00011622","Total",109,43,10,33,66,54,12
"2011","E00011626","E00011626","Total",131,40,13,27,91,79,12
"2011","E00011627","E00011627","Total",135,25,11,14,110,83,27
"2011","E00011630","E00011630","Total",172,47,13,34,125,110,15
"2011","E00011615","E00011615","Total",134,38,15,23,96,78,18
"2011","E00011616","E00011616","Total",140,38,16,22,102,84,18
"2011","E00011617","E00011617","Total",156,35,15,20,121,105,16
"2011","E00011619","E00011619","Total",181,55,18,37,126,108,18
"2011","E00011621","E00011621","Total",120,36,12,24,84,67,17
"2011","E00011535","E00011535","Total",79,18,7,11,61,55,6
"2011","E00011538","E00011538","Total",157,41,18,23,116,98,18
"2011","E00011540","E00011540","Total",99,32,6,26,67,56,11
"2011","E00011545","E00011545","Total",192,56,15,41,136,116,20
"2011","E00011570","E00011570","Total",119,32,14,18,87,72,15
"2011","E00011537","E00011537","Total",157,39,10,29,118,103,15
"2011","E00011543","E00011543","Total",115,33,6,27,82,74,8
"2011","E00011544","E00011544","Total",119,36,15,21,83,65,18
"2011","E00011546","E00011546","Total",140,49,12,37,91,80,11
"2011","E00011549","E00011549","Total",132,32,9,23,100,83,17
"2011","E00011539","E00011539","Total",145,53,20,33,92,80,12
"2011","E00011542","E00011542","Total",138,39,11,28,99,88,11
"2011","E00011547","E00011547","Total",141,34,8,26,107,91,16
"2011","E00011548","E00011548","Total",117,35,9,26,82,70,12
"2011","E00011559","E00011559","Total",160,36,11,25,124,101,23
"2011","E00011563","E00011563","Total",144,39,9,30,105,89,16
"2011","E00011564","E00011564","Total",139,46,10,36,93,73,20
"2011","E00011567","E00011567","Total",122,33,6,27,89,83,6
"2011","E00011568","E00011568","Total",130,25,8,17,105,94,11
"2011","E00011572","E00011572","Total",129,27,11,16,102,84,18
"2011","E00011455","E00011455","Total",143,31,8,23,112,99,13
"2011","E00011479","E00011479","Total",128,25,4,21,103,86,17
"2011","E00011488","E00011488","Total",128,30,8,22,98,78,20
"2011","E00011489","E00011489","Total",139,26,4,22,113,92,21
"2011","E00011490","E00011490","Total",133,23,5,18,110,92,18
"2011","E00011491","E00011491","Total",206,53,16,37,153,126,27
"2011","E00011451","E00011451","Total",179,48,16,32,131,118,13
"2011","E00011454","E00011454","Total",103,28,9,19,75,62,13
"2011","E00011458","E00011458","Total",142,48,17,31,94,79,15
"2011","E00011487","E00011487","Total",158,40,14,26,118,93,25
"2011","E00011492","E00011492","Total",129,32,18,14,97,69,28
"2011","E00011452","E00011452","Total",112,40,15,25,72,49,23
"2011","E00011461","E00011461","Total",143,40,15,25,103,85,18
"2011","E00011463","E00011463","Total",160,50,16,34,110,75,35
"2011","E00011466","E00011466","Total",126,38,14,24,88,72,16
"2011","E00011467","E00011467","Total",154,51,13,38,103,83,20
"2011","E00011476","E00011476","Total",117,27,6,21,90,69,21
"2011","E00011472","E00011472","Total",119,28,7,21,91,78,13
"2011","E00011474","E00011474","Total",184,48,12,36,136,110,26
"2011","E00011475","E00011475","Total",132,36,16,20,96,86,10
"2011","E00011482","E00011482","Total",155,40,15,25,115,100,15
"2011","E00011483","E00011483","Total",161,40,17,23,121,101,20
"2011","E00011450","E00011450","Total",117,29,12,17,88,78,10
"2011","E00011480","E00011480","Total",103,28,6,22,75,65,10
"2011","E00011481","E00011481","Total",167,31,13,18,136,107,29
"2011","E00011484","E00011484","Total",95,20,8,12,75,65,10
"2011","E00011485","E00011485","Total",112,35,12,23,77,66,11
"2011","E00011486","E00011486","Total",148,35,7,28,113,95,18
"2011","E00011652","E00011652","Total",144,41,15,26,103,80,23
"2011","E00011682","E00011682","Total",203,70,24,46,133,110,23
"2011","E00011685","E00011685","Total",153,50,16,34,103,86,17
"2011","E00011687","E00011687","Total",130,44,18,26,86,69,17
"2011","E00011657","E00011657","Total",195,59,29,30,136,110,26
"2011","E00011660","E00011660","Total",131,48,18,30,83,68,15
"2011","E00011669","E00011669","Total",169,54,21,33,115,96,19
"2011","E00011688","E00011688","Total",144,55,21,34,89,66,23
"2011","E00011689","E00011689","Total",178,46,18,28,132,100,32
"2011","E00011653","E00011653","Total",135,46,19,27,89,69,20
"2011","E00011655","E00011655","Total",195,61,14,47,134,114,20
"2011","E00011666","E00011666","Total",138,56,15,41,82,63,19
"2011","E00011686","E00011686","Total",113,33,11,22,80,66,14
"2011","E00011691","E00011691","Total",123,31,8,23,92,75,17
"2011","E00011670","E00011670","Total",155,49,27,22,106,89,17
"2011","E00011672","E00011672","Total",167,60,20,40,107,87,20
"2011","E00011673","E00011673","Total",165,43,21,22,122,100,22
"2011","E00011675","E00011675","Total",130,40,13,27,90,76,14
"2011","E00011678","E00011678","Total",153,56,17,39,97,80,17
"2011","E00011680","E00011680","Total",145,34,8,26,111,92,19
"2011","E00011681","E00011681","Total",184,56,14,42,128,112,16
"2011","E00011683","E00011683","Total",141,38,15,23,103,90,13
"2011","E00011684","E00011684","Total",177,53,16,37,124,104,20
"2011","E00011612","E00011612","Total",156,59,22,37,97,78,19
"2011","E00011629","E00011629","Total",125,40,15,25,85,66,19
"2011","E00011631","E00011631","Total",165,49,18,31,116,96,20
"2011","E00011633","E00011633","Total",129,41,13,28,88,78,10
"2011","E00011635","E00011635","Total",135,37,14,23,98,86,12
"2011","E00011614","E00011614","Total",160,45,17,28,115,100,15
"2011","E00011638","E00011638","Total",141,42,13,29,99,82,17
"2011","E00011639","E00011639","Total",182,51,17,34,131,109,22
"2011","E00011640","E00011640","Total",159,42,14,28,117,102,15
"2011","E00011641","E00011641","Total",209,46,16,30,163,134,29
"2011","E00011618","E00011618","Total",159,48,17,31,111,88,23
"2011","E00011620","E00011620","Total",137,35,7,28,102,88,14
"2011","E00011623","E00011623","Total",153,47,15,32,106,93,13
"2011","E00011624","E00011624","Total",194,50,19,31,144,123,21
"2011","E00011628","E00011628","Total",138,42,15,27,96,83,13
"2011","E00011654","E00011654","Total",150,45,16,29,105,91,14
"2011","E00011658","E00011658","Total",189,43,5,38,146,122,24
"2011","E00011661","E00011661","Total",66,17,4,13,49,38,11
"2011","E00011662","E00011662","Total",155,48,10,38,107,93,14
"2011","E00011690","E00011690","Total",150,40,18,22,110,101,9
"2011","E00011663","E00011663","Total",211,53,21,32,158,129,29
"2011","E00011665","E00011665","Total",155,40,10,30,115,95,20
"2011","E00011667","E00011667","Total",147,44,12,32,103,84,19
"2011","E00011671","E00011671","Total",167,44,15,29,123,107,16
"2011","E00011674","E00011674","Total",150,40,7,33,110,104,6
"2011","E00011676","E00011676","Total",186,52,19,33,134,115,19
"2011","E00011677","E00011677","Total",191,45,18,27,146,131,15
"2011","E00011679","E00011679","Total",171,53,18,35,118,93,25
"2011","E00011343","E00011343","Total",136,38,16,22,98,75,23
"2011","E00011344","E00011344","Total",179,42,19,23,137,117,20
"2011","E00011345","E00011345","Total",191,44,19,25,147,130,17
"2011","E00011346","E00011346","Total",162,45,25,20,117,89,28
"2011","E00011347","E00011347","Total",218,50,21,29,168,140,28
"2011","E00011350","E00011350","Total",172,54,22,32,118,98,20
"2011","E00011351","E00011351","Total",144,43,15,28,101,79,22
"2011","E00011352","E00011352","Total",162,50,21,29,112,91,21
"2011","E00011356","E00011356","Total",163,49,12,37,114,96,18
"2011","E00011453","E00011453","Total",171,54,20,34,117,96,21
"2011","E00011456","E00011456","Total",98,20,8,12,78,70,8
"2011","E00011457","E00011457","Total",224,45,11,34,179,145,34
"2011","E00011459","E00011459","Total",170,39,18,21,131,96,35
"2011","E00011460","E00011460","Total",129,27,5,22,102,90,12
"2011","E00011865","E00011865","Total",197,54,23,31,143,125,18
"2011","E00011867","E00011867","Total",179,60,23,37,119,104,15
"2011","E00011869","E00011869","Total",167,38,18,20,129,106,23
"2011","E00011878","E00011878","Total",174,47,16,31,127,103,24
"2011","E00011899","E00011899","Total",139,33,10,23,106,91,15
"2011","E00011862","E00011862","Total",169,42,13,29,127,103,24
"2011","E00011868","E00011868","Total",146,44,7,37,102,87,15
"2011","E00011873","E00011873","Total",184,52,19,33,132,104,28
"2011","E00011875","E00011875","Total",180,52,29,23,128,102,26
"2011","E00011880","E00011880","Total",193,59,28,31,134,120,14
"2011","E00011893","E00011893","Total",189,46,17,29,143,109,34
"2011","E00011894","E00011894","Total",167,47,18,29,120,96,24
"2011","E00011896","E00011896","Total",175,47,23,24,128,93,35
"2011","E00011897","E00011897","Total",120,29,18,11,91,72,19
"2011","E00011898","E00011898","Total",167,41,12,29,126,105,21
"2011","E00011217","E00011217","Total",142,26,6,20,116,104,12
"2011","E00011224","E00011224","Total",139,26,11,15,113,100,13
"2011","E00011225","E00011225","Total",144,36,13,23,108,95,13
"2011","E00011226","E00011226","Total",153,30,5,25,123,109,14
"2011","E00166778","E00166778","Total",184,37,9,28,147,132,15
"2011","E00166791","E00166791","Total",125,22,8,14,103,84,19
"2011","E00011214","E00011214","Total",161,41,14,27,120,100,20
"2011","E00011218","E00011218","Total",79,20,8,12,59,51,8
"2011","E00011220","E00011220","Total",151,36,15,21,115,96,19
"2011","E00011221","E00011221","Total",174,53,24,29,121,95,26
"2011","E00011222","E00011222","Total",162,40,13,27,122,108,14
"2011","E00011625","E00011625","Total",110,37,11,26,73,65,8
"2011","E00011632","E00011632","Total",117,42,16,26,75,65,10
"2011","E00011634","E00011634","Total",101,36,16,20,65,56,9
"2011","E00011636","E00011636","Total",153,30,11,19,123,106,17
"2011","E00011637","E00011637","Total",106,27,8,19,79,76,3
"2011","E00011643","E00011643","Total",128,34,11,23,94,84,10
"2011","E00011642","E00011642","Total",154,47,17,30,107,90,17
"2011","E00011645","E00011645","Total",159,47,18,29,112,97,15
"2011","E00011647","E00011647","Total",134,40,12,28,94,72,22
"2011","E00011649","E00011649","Total",169,50,13,37,119,98,21
"2011","E00011651","E00011651","Total",154,39,10,29,115,98,17
"2011","E00011611","E00011611","Total",165,33,10,23,132,116,16
"2011","E00011644","E00011644","Total",149,40,13,27,109,85,24
"2011","E00011646","E00011646","Total",232,70,25,45,162,133,29
"2011","E00011648","E00011648","Total",173,57,16,41,116,91,25
"2011","E00011650","E00011650","Total",115,35,16,19,80,68,12
"2011","E00011656","E00011656","Total",162,45,18,27,117,80,37
"2011","E00011659","E00011659","Total",153,56,22,34,97,66,31
"2011","E00011664","E00011664","Total",67,17,7,10,50,36,14
"2011","E00011668","E00011668","Total",208,54,26,28,154,116,38
"2011","E00011735","E00011735","Total",129,35,10,25,94,81,13
"2011","E00011737","E00011737","Total",88,20,4,16,68,59,9
"2011","E00011739","E00011739","Total",154,38,14,24,116,83,33
"2011","E00011740","E00011740","Total",159,48,16,32,111,90,21
"2011","E00011741","E00011741","Total",145,43,9,34,102,76,26
"2011","E00011864","E00011864","Total",167,52,23,29,115,85,30
"2011","E00011866","E00011866","Total",199,65,25,40,134,107,27
"2011","E00011895","E00011895","Total",183,42,13,29,141,110,31
"2011","E00011900","E00011900","Total",217,68,24,44,149,125,24
"2011","E00011870","E00011870","Total",174,41,12,29,133,97,36
"2011","E00011871","E00011871","Total",118,36,10,26,82,70,12
"2011","E00011876","E00011876","Total",143,38,9,29,105,75,30
"2011","E00011883","E00011883","Total",122,31,11,20,91,78,13
"2011","E00011886","E00011886","Total",191,46,15,31,145,109,36
"2011","E00011874","E00011874","Total",110,21,9,12,89,74,15
"2011","E00011879","E00011879","Total",195,53,16,37,142,111,31
"2011","E00011882","E00011882","Total",122,30,11,19,92,70,22
"2011","E00166773","E00166773","Total",202,30,5,25,172,138,34
"2011","E00166775","E00166775","Total",179,22,4,18,157,123,34
"2011","E00166795","E00166795","Total",244,40,13,27,204,158,46
"2011","E00166796","E00166796","Total",86,23,4,19,63,55,8
"2011","E00011863","E00011863","Total",164,34,12,22,130,100,30
"2011","E00011881","E00011881","Total",181,49,18,31,132,109,23
"2011","E00011884","E00011884","Total",94,22,3,19,72,57,15
"2011","E00011887","E00011887","Total",160,49,17,32,111,86,25
"2011","E00011888","E00011888","Total",174,53,30,23,121,99,22
"2011","E00011215","E00011215","Total",223,51,14,37,172,137,35
"2011","E00011216","E00011216","Total",118,39,12,27,79,68,11
"2011","E00011219","E00011219","Total",274,64,24,40,210,175,35
"2011","E00011223","E00011223","Total",185,49,10,39,136,111,25
"2011","E00011228","E00011228","Total",40,7,2,5,33,23,10
"2011","E00011732","E00011732","Total",150,38,22,16,112,92,20
"2011","E00011734","E00011734","Total",160,44,13,31,116,87,29
"2011","E00011736","E00011736","Total",250,71,31,40,179,133,46
"2011","E00011743","E00011743","Total",172,49,16,33,123,95,28
"2011","E00166776","E00166776","Total",112,12,2,10,100,87,13
"2011","E00166777","E00166777","Total",47,15,5,10,32,26,6
"2011","E00166779","E00166779","Total",80,10,2,8,70,57,13
"2011","E00011760","E00011760","Total",89,35,13,22,54,44,10
"2011","E00011763","E00011763","Total",206,49,21,28,157,132,25
"2011","E00011764","E00011764","Total",165,39,16,23,126,102,24
"2011","E00011765","E00011765","Total",197,51,17,34,146,122,24
"2011","E00166785","E00166785","Total",103,40,17,23,63,53,10
"2011","E00166786","E00166786","Total",151,28,16,12,123,106,17
"2011","E00166788","E00166788","Total",123,29,8,21,94,84,10
"2011","E00011753","E00011753","Total",188,30,8,22,158,136,22
"2011","E00166781","E00166781","Total",226,25,8,17,201,166,35
"2011","E00166782","E00166782","Total",75,16,3,13,59,48,11
"2011","E00166787","E00166787","Total",197,29,8,21,168,143,25
"2011","E00011746","E00011746","Total",188,51,10,41,137,110,27
"2011","E00011749","E00011749","Total",158,36,10,26,122,95,27
"2011","E00011750","E00011750","Total",88,22,13,9,66,56,10
"2011","E00011756","E00011756","Total",135,20,3,17,115,95,20
"2011","E00166783","E00166783","Total",91,12,6,6,79,57,22
"2011","E00011329","E00011329","Total",143,41,11,30,102,86,16
"2011","E00011354","E00011354","Total",201,66,30,36,135,112,23
"2011","E00011358","E00011358","Total",164,45,14,31,119,97,22
"2011","E00011359","E00011359","Total",176,55,30,25,121,96,25
"2011","E00011327","E00011327","Total",122,33,12,21,89,68,21
"2011","E00011328","E00011328","Total",129,33,13,20,96,78,18
"2011","E00011330","E00011330","Total",161,48,18,30,113,96,17
"2011","E00011331","E00011331","Total",217,49,25,24,168,129,39
"2011","E00011334","E00011334","Total",169,51,18,33,118,103,15
"2011","E00011575","E00011575","Total",177,61,25,36,116,91,25
"2011","E00011602","E00011602","Total",148,47,21,26,101,78,23
"2011","E00011603","E00011603","Total",244,73,24,49,171,124,47
"2011","E00011606","E00011606","Total",229,67,18,49,162,137,25
"2011","E00011578","E00011578","Total",181,48,16,32,133,106,27
"2011","E00011581","E00011581","Total",143,46,13,33,97,79,18
"2011","E00011582","E00011582","Total",194,63,26,37,131,99,32
"2011","E00011604","E00011604","Total",73,23,7,16,50,48,2
"2011","E00011605","E00011605","Total",207,58,27,31,149,114,35
"2011","E00011744","E00011744","Total",178,55,20,35,123,98,25
"2011","E00011745","E00011745","Total",166,38,13,25,128,106,22
"2011","E00011747","E00011747","Total",136,39,11,28,97,84,13
"2011","E00011748","E00011748","Total",138,27,6,21,111,94,17
"2011","E00011751","E00011751","Total",140,43,16,27,97,79,18
"2011","E00011885","E00011885","Total",150,38,13,25,112,90,22
"2011","E00011889","E00011889","Total",309,67,17,50,242,182,60
"2011","E00011890","E00011890","Total",137,34,13,21,103,79,24
"2011","E00011891","E00011891","Total",192,43,17,26,149,120,29
"2011","E00011892","E00011892","Total",165,47,19,28,118,101,17
"2011","E00011332","E00011332","Total",98,23,6,17,75,64,11
"2011","E00011333","E00011333","Total",223,70,27,43,153,105,48
"2011","E00011349","E00011349","Total",115,36,13,23,79,52,27
"2011","E00011353","E00011353","Total",177,47,18,29,130,97,33
"2011","E00011355","E00011355","Total",207,61,23,38,146,100,46
"2011","E00011326","E00011326","Total",180,51,22,29,129,100,29
"2011","E00011348","E00011348","Total",166,53,24,29,113,79,34
"2011","E00011357","E00011357","Total",168,47,24,23,121,88,33
"2011","E00011360","E00011360","Total",192,66,27,39,126,84,42
"2011","E00011335","E00011335","Total",148,42,21,21,106,77,29
"2011","E00011337","E00011337","Total",191,48,19,29,143,96,47
"2011","E00011338","E00011338","Total",139,46,22,24,93,73,20
"2011","E00011341","E00011341","Total",158,39,16,23,119,90,29
"2011","E00011336","E00011336","Total",179,46,17,29,133,103,30
"2011","E00011339","E00011339","Total",161,46,16,30,115,75,40
"2011","E00011340","E00011340","Total",167,52,19,33,115,87,28
"2011","E00011342","E00011342","Total",153,48,14,34,105,87,18
"2011","E00011577","E00011577","Total",147,31,7,24,116,100,16
"2011","E00011580","E00011580","Total",84,22,5,17,62,59,3
"2011","E00011584","E00011584","Total",162,57,16,41,105,95,10
"2011","E00011586","E00011586","Total",195,52,17,35,143,119,24
"2011","E00011607","E00011607","Total",208,72,28,44,136,114,22
"2011","E00011733","E00011733","Total",96,17,5,12,79,64,15
"2011","E00011766","E00011766","Total",184,43,15,28,141,118,23
"2011","E00011769","E00011769","Total",116,32,10,22,84,71,13
"2011","E00011772","E00011772","Total",129,31,11,20,98,85,13
"2011","E00011773","E00011773","Total",201,48,17,31,153,126,27
"2011","E00011731","E00011731","Total",215,45,17,28,170,147,23
"2011","E00011770","E00011770","Total",167,30,11,19,137,118,19
"2011","E00011774","E00011774","Total",162,31,13,18,131,108,23
"2011","E00011775","E00011775","Total",153,34,10,24,119,100,19
"2011","E00011776","E00011776","Total",163,52,25,27,111,88,23
"2011","E00011754","E00011754","Total",157,41,20,21,116,98,18
"2011","E00011755","E00011755","Total",147,41,12,29,106,90,16
"2011","E00011757","E00011757","Total",126,24,6,18,102,83,19
"2011","E00011759","E00011759","Total",173,43,14,29,130,116,14
"2011","E00011767","E00011767","Total",149,38,10,28,111,98,13
"2011","E00011771","E00011771","Total",127,30,6,24,97,82,15
"2011","E00011730","E00011730","Total",184,42,10,32,142,123,19
"2011","E00011758","E00011758","Total",199,47,16,31,152,125,27
"2011","E00011761","E00011761","Total",212,55,20,35,157,131,26
"2011","E00011762","E00011762","Total",209,44,14,30,165,142,23
"2011","E00011768","E00011768","Total",210,44,13,31,166,139,27
"2011","E00011229","E00011229","Total",120,34,10,24,86,73,13
"2011","E00011231","E00011231","Total",162,38,17,21,124,99,25
"2011","E00011233","E00011233","Total",158,46,11,35,112,97,15
"2011","E00011240","E00011240","Total",198,58,22,36,140,127,13
"2011","E00011241","E00011241","Total",154,53,20,33,101,83,18
"2011","E00011230","E00011230","Total",258,61,17,44,197,162,35
"2011","E00011232","E00011232","Total",181,48,15,33,133,109,24
"2011","E00011234","E00011234","Total",178,37,13,24,141,118,23
"2011","E00011235","E00011235","Total",153,40,16,24,113,93,20
"2011","E00011237","E00011237","Total",142,41,9,32,101,88,13
"2011","E00011203","E00011203","Total",150,34,13,21,116,105,11
"2011","E00011208","E00011208","Total",126,24,6,18,102,90,12
"2011","E00011210","E00011210","Total",133,40,9,31,93,79,14
"2011","E00011239","E00011239","Total",79,21,7,14,58,46,12
"2011","E00011243","E00011243","Total",134,36,16,20,98,81,17
"2011","E00011205","E00011205","Total",160,46,20,26,114,94,20
"2011","E00011206","E00011206","Total",144,38,14,24,106,87,19
"2011","E00011207","E00011207","Total",210,56,17,39,154,136,18
"2011","E00166784","E00166784","Total",267,37,20,17,230,201,29
"2011","E00166789","E00166789","Total",100,27,15,12,73,60,13
"2011","E00166790","E00166790","Total",143,30,9,21,113,101,12
"2011","E00011202","E00011202","Total",157,31,9,22,126,107,19
"2011","E00011204","E00011204","Total",153,40,16,24,113,93,20
"2011","E00011238","E00011238","Total",164,38,9,29,126,109,17
"2011","E00011242","E00011242","Total",158,36,8,28,122,110,12
"2011","E00011244","E00011244","Total",192,51,18,33,141,124,17
"2011","E00011209","E00011209","Total",166,44,14,30,122,105,17
"2011","E00011211","E00011211","Total",125,32,11,21,93,82,11
"2011","E00011212","E00011212","Total",143,37,11,26,106,93,13
"2011","E00011213","E00011213","Total",186,55,21,34,131,113,18
"2011","E00011255","E00011255","Total",170,53,15,38,117,97,20
"2011","E00011267","E00011267","Total",135,40,16,24,95,79,16
"2011","E00011270","E00011270","Total",116,35,17,18,81,67,14
"2011","E00011281","E00011281","Total",138,37,12,25,101,87,14
"2011","E00011285","E00011285","Total",146,50,27,23,96,84,12
"2011","E00011247","E00011247","Total",178,41,14,27,137,119,18
"2011","E00011248","E00011248","Total",147,46,17,29,101,83,18
"2011","E00011249","E00011249","Total",111,32,12,20,79,57,22
"2011","E00011258","E00011258","Total",126,32,11,21,94,82,12
"2011","E00011259","E00011259","Total",149,55,21,34,94,79,15
"2011","E00011245","E00011245","Total",129,32,12,20,97,81,16
"2011","E00011271","E00011271","Total",142,36,17,19,106,86,20
"2011","E00011275","E00011275","Total",110,30,7,23,80,65,15
"2011","E00011279","E00011279","Total",87,22,5,17,65,50,15
"2011","E00011282","E00011282","Total",124,31,16,15,93,75,18
"2011","E00011284","E00011284","Total",132,44,14,30,88,67,21
"2011","E00011266","E00011266","Total",141,45,16,29,96,85,11
"2011","E00011269","E00011269","Total",190,52,15,37,138,101,37
"2011","E00011272","E00011272","Total",128,28,13,15,100,87,13
"2011","E00011276","E00011276","Total",122,26,6,20,96,82,14
"2011","E00011278","E00011278","Total",131,30,10,20,101,82,19
"2011","E00011911","E00011911","Total",143,44,20,24,99,73,26
"2011","E00011931","E00011931","Total",145,45,15,30,100,79,21
"2011","E00011932","E00011932","Total",155,49,20,29,106,93,13
"2011","E00011934","E00011934","Total",92,26,10,16,66,60,6
"2011","E00011937","E00011937","Total",179,55,25,30,124,103,21
"2011","E00011265","E00011265","Total",132,36,16,20,96,67,29
"2011","E00011268","E00011268","Total",137,31,16,15,106,82,24
"2011","E00011273","E00011273","Total",137,42,21,21,95,76,19
"2011","E00011274","E00011274","Total",147,39,16,23,108,87,21
"2011","E00011277","E00011277","Total",161,43,18,25,118,93,25
"2011","E00011250","E00011250","Total",171,53,25,28,118,96,22
"2011","E00011251","E00011251","Total",141,36,9,27,105,90,15
"2011","E00011261","E00011261","Total",148,44,18,26,104,75,29
"2011","E00011262","E00011262","Total",164,54,29,25,110,85,25
"2011","E00011280","E00011280","Total",109,35,14,21,74,61,13
"2011","E00011246","E00011246","Total",156,46,18,28,110,81,29
"2011","E00011252","E00011252","Total",134,38,16,22,96,71,25
"2011","E00011253","E00011253","Total",214,66,29,37,148,106,42
"2011","E00011254","E00011254","Total",176,40,15,25,136,83,53
"2011","E00011260","E00011260","Total",60,6,2,4,54,39,15
"2011","E00011933","E00011933","Total",125,36,11,25,89,67,22
"2011","E00011935","E00011935","Total",153,42,18,24,111,95,16
"2011","E00011938","E00011938","Total",174,34,12,22,140,99,41
"2011","E00011939","E00011939","Total",132,30,13,17,102,84,18
"2011","E00011940","E00011940","Total",166,56,27,29,110,86,24
"2011","E00011789","E00011789","Total",185,58,22,36,127,107,20
"2011","E00011791","E00011791","Total",66,19,11,8,47,38,9
"2011","E00011792","E00011792","Total",192,60,27,33,132,103,29
"2011","E00011793","E00011793","Total",219,65,23,42,154,126,28
"2011","E00011778","E00011778","Total",98,28,6,22,70,54,16
"2011","E00011779","E00011779","Total",107,45,21,24,62,48,14
"2011","E00011795","E00011795","Total",127,37,12,25,90,75,15
"2011","E00011798","E00011798","Total",121,30,10,20,91,80,11
"2011","E00011802","E00011802","Total",82,21,7,14,61,48,13
"2011","E00011803","E00011803","Total",85,26,10,16,59,52,7
"2011","E00011777","E00011777","Total",177,32,9,23,145,114,31
"2011","E00011796","E00011796","Total",110,31,7,24,79,62,17
"2011","E00011800","E00011800","Total",105,36,7,29,69,60,9
"2011","E00011801","E00011801","Total",102,27,9,18,75,61,14
"2011","E00011805","E00011805","Total",183,36,9,27,147,116,31
"2011","E00011807","E00011807","Total",185,54,21,33,131,106,25
"2011","E00011804","E00011804","Total",155,39,12,27,116,103,13
"2011","E00011808","E00011808","Total",173,47,22,25,126,105,21
"2011","E00011812","E00011812","Total",144,42,14,28,102,81,21
"2011","E00011816","E00011816","Total",172,48,17,31,124,107,17
"2011","E00011817","E00011817","Total",88,33,15,18,55,50,5
"2011","E00011786","E00011786","Total",158,32,12,20,126,105,21
"2011","E00011787","E00011787","Total",178,46,17,29,132,112,20
"2011","E00011788","E00011788","Total",162,51,18,33,111,95,16
"2011","E00011790","E00011790","Total",169,49,15,34,120,92,28
"2011","E00011794","E00011794","Total",155,40,14,26,115,95,20
"2011","E00011576","E00011576","Total",211,60,19,41,151,131,20
"2011","E00011579","E00011579","Total",229,54,16,38,175,146,29
"2011","E00011608","E00011608","Total",161,63,21,42,98,78,20
"2011","E00011609","E00011609","Total",225,63,26,37,162,132,30
"2011","E00011573","E00011573","Total",220,67,29,38,153,121,32
"2011","E00011583","E00011583","Total",174,50,17,33,124,91,33
"2011","E00011585","E00011585","Total",146,41,14,27,105,80,25
"2011","E00011587","E00011587","Total",164,40,20,20,124,97,27
"2011","E00011610","E00011610","Total",125,32,12,20,93,72,21
"2011","E00011597","E00011597","Total",164,38,13,25,126,96,30
"2011","E00011598","E00011598","Total",186,67,26,41,119,101,18
"2011","E00011599","E00011599","Total",186,56,21,35,130,103,27
"2011","E00011601","E00011601","Total",199,54,14,40,145,128,17
"2011","E00166774","E00166774","Total",171,50,16,34,121,100,21
"2011","E00166780","E00166780","Total",196,46,15,31,150,123,27
"2011","E00011588","E00011588","Total",175,52,10,42,123,105,18
"2011","E00011589","E00011589","Total",191,42,18,24,149,125,24
"2011","E00011590","E00011590","Total",159,49,17,32,110,93,17
"2011","E00011591","E00011591","Total",155,45,18,27,110,91,19
"2011","E00011595","E00011595","Total",171,39,14,25,132,114,18
"2011","E00011574","E00011574","Total",53,10,4,6,43,36,7
"2011","E00011592","E00011592","Total",181,49,15,34,132,107,25
"2011","E00011593","E00011593","Total",137,53,15,38,84,69,15
"2011","E00011594","E00011594","Total",173,45,15,30,128,104,24
"2011","E00011596","E00011596","Total",131,36,15,21,95,82,13
"2011","E00011256","E00011256","Total",140,43,18,25,97,81,16
"2011","E00011257","E00011257","Total",155,40,14,26,115,96,19
"2011","E00011263","E00011263","Total",151,33,16,17,118,96,22
"2011","E00011264","E00011264","Total",138,37,16,21,101,82,19
"2011","E00011283","E00011283","Total",161,37,10,27,124,110,14
"2011","E00011413","E00011413","Total",190,53,20,33,137,112,25
"2011","E00011414","E00011414","Total",175,53,25,28,122,96,26
"2011","E00011416","E00011416","Total",145,36,14,22,109,97,12
"2011","E00011417","E00011417","Total",158,45,18,27,113,95,18
"2011","E00011425","E00011425","Total",114,29,9,20,85,71,14
"2011","E00011421","E00011421","Total",143,47,13,34,96,79,17
"2011","E00011423","E00011423","Total",112,35,11,24,77,62,15
"2011","E00011424","E00011424","Total",135,31,12,19,104,86,18
"2011","E00011429","E00011429","Total",130,29,6,23,101,82,19
"2011","E00011433","E00011433","Total",161,43,13,30,118,95,23
"2011","E00011797","E00011797","Total",136,36,12,24,100,82,18
"2011","E00011799","E00011799","Total",128,27,5,22,101,76,25
"2011","E00011806","E00011806","Total",166,39,17,22,127,106,21
"2011","E00011809","E00011809","Total",139,40,15,25,99,82,17
"2011","E00011810","E00011810","Total",195,51,21,30,144,115,29
"2011","E00011901","E00011901","Total",142,43,11,32,99,80,19
"2011","E00011906","E00011906","Total",124,31,15,16,93,81,12
"2011","E00011907","E00011907","Total",153,41,20,21,112,89,23
"2011","E00011908","E00011908","Total",119,25,9,16,94,82,12
"2011","E00011914","E00011914","Total",247,28,6,22,219,180,39
"2011","E00011936","E00011936","Total",196,57,28,29,139,109,30
"2011","E00011436","E00011436","Total",155,39,16,23,116,92,24
"2011","E00011440","E00011440","Total",157,51,14,37,106,93,13
"2011","E00011442","E00011442","Total",142,31,10,21,111,91,20
"2011","E00011443","E00011443","Total",190,49,17,32,141,121,20
"2011","E00011447","E00011447","Total",155,42,21,21,113,94,19
"2011","E00011415","E00011415","Total",145,19,6,13,126,108,18
"2011","E00011418","E00011418","Total",199,46,15,31,153,132,21
"2011","E00011420","E00011420","Total",158,40,16,24,118,94,24
"2011","E00011426","E00011426","Total",103,31,9,22,72,58,14
"2011","E00011431","E00011431","Total",129,16,7,9,113,92,21
"2011","E00011432","E00011432","Total",105,21,4,17,84,73,11
"2011","E00011811","E00011811","Total",161,32,15,17,129,114,15
"2011","E00011813","E00011813","Total",161,45,17,28,116,104,12
"2011","E00011814","E00011814","Total",172,40,11,29,132,118,14
"2011","E00011815","E00011815","Total",172,50,21,29,122,99,23
"2011","E00011783","E00011783","Total",161,50,20,30,111,100,11
"2011","E00011784","E00011784","Total",133,34,7,27,99,89,10
"2011","E00011785","E00011785","Total",170,51,22,29,119,105,14
"2011","E00011819","E00011819","Total",195,58,22,36,137,117,20
"2011","E00011780","E00011780","Total",213,51,18,33,162,140,22
"2011","E00011781","E00011781","Total",168,47,11,36,121,101,20
"2011","E00011782","E00011782","Total",175,46,19,27,129,104,25
"2011","E00011818","E00011818","Total",212,62,21,41,150,126,24
"2011","E00011905","E00011905","Total",166,56,23,33,110,89,21
"2011","E00011913","E00011913","Total",180,55,22,33,125,97,28
"2011","E00011924","E00011924","Total",161,51,15,36,110,74,36
"2011","E00011926","E00011926","Total",136,38,19,19,98,79,19
"2011","E00011928","E00011928","Total",144,43,9,34,101,78,23
"2011","E00011902","E00011902","Total",180,53,18,35,127,100,27
"2011","E00011909","E00011909","Total",137,36,11,25,101,81,20
"2011","E00011910","E00011910","Total",193,51,20,31,142,105,37
"2011","E00011912","E00011912","Total",139,50,18,32,89,62,27
"2011","E00011915","E00011915","Total",119,42,15,27,77,61,16
"2011","E00011904","E00011904","Total",139,37,12,25,102,72,30
"2011","E00011919","E00011919","Total",164,43,21,22,121,94,27
"2011","E00011922","E00011922","Total",189,53,22,31,136,102,34
"2011","E00011923","E00011923","Total",162,56,26,30,106,77,29
"2011","E00011929","E00011929","Total",148,39,13,26,109,80,29
"2011","E00011916","E00011916","Total",154,51,22,29,103,84,19
"2011","E00011917","E00011917","Total",147,43,19,24,104,83,21
"2011","E00011925","E00011925","Total",122,41,14,27,81,59,22
"2011","E00011927","E00011927","Total",153,54,24,30,99,68,31
"2011","E00011930","E00011930","Total",115,33,17,16,82,66,16
"2011","E00011903","E00011903","Total",182,77,34,43,105,80,25
"2011","E00011918","E00011918","Total",172,48,19,29,124,94,30
"2011","E00011920","E00011920","Total",176,46,12,34,130,87,43
"2011","E00011921","E00011921","Total",165,50,22,28,115,93,22
"2011","E00011289","E00011289","Total",138,25,10,15,113,89,24
"2011","E00011307","E00011307","Total",140,34,11,23,106,89,17
"2011","E00011308","E00011308","Total",167,52,15,37,115,102,13
"2011","E00011311","E00011311","Total",177,38,13,25,139,129,10
"2011","E00011317","E00011317","Total",166,37,14,23,129,113,16
"2011","E00011435","E00011435","Total",183,47,13,34,136,115,21
"2011","E00011439","E00011439","Total",146,38,8,30,108,89,19
"2011","E00011441","E00011441","Total",116,28,8,20,88,77,11
"2011","E00011445","E00011445","Total",168,53,15,38,115,99,16
"2011","E00011411","E00011411","Total",131,43,24,19,88,69,19
"2011","E00011434","E00011434","Total",162,49,18,31,113,93,20
"2011","E00011437","E00011437","Total",170,51,15,36,119,100,19
"2011","E00011438","E00011438","Total",157,46,20,26,111,94,17
"2011","E00011446","E00011446","Total",188,60,19,41,128,105,23
"2011","E00011412","E00011412","Total",184,53,21,32,131,109,22
"2011","E00011444","E00011444","Total",155,43,17,26,112,102,10
"2011","E00011448","E00011448","Total",296,79,34,45,217,181,36
"2011","E00011449","E00011449","Total",236,72,29,43,164,141,23
"2011","E00011419","E00011419","Total",150,38,12,26,112,87,25
"2011","E00011422","E00011422","Total",101,25,12,13,76,65,11
"2011","E00011427","E00011427","Total",169,49,20,29,120,100,20
"2011","E00011428","E00011428","Total",103,26,7,19,77,70,7
"2011","E00011430","E00011430","Total",168,49,14,35,119,107,12
"2011","E00011294","E00011294","Total",193,61,26,35,132,113,19
"2011","E00011296","E00011296","Total",157,50,16,34,107,96,11
"2011","E00011298","E00011298","Total",202,55,20,35,147,123,24
"2011","E00011300","E00011300","Total",187,52,12,40,135,129,6
"2011","E00011287","E00011287","Total",177,44,16,28,133,115,18
"2011","E00011293","E00011293","Total",169,36,10,26,133,116,17
"2011","E00011295","E00011295","Total",154,48,15,33,106,94,12
"2011","E00011297","E00011297","Total",161,46,9,37,115,100,15
"2011","E00011299","E00011299","Total",155,53,18,35,102,90,12
"2011","E00011288","E00011288","Total",152,33,16,17,119,109,10
"2011","E00011301","E00011301","Total",163,46,17,29,117,108,9
"2011","E00011302","E00011302","Total",159,44,17,27,115,97,18
"2011","E00011303","E00011303","Total",134,41,10,31,93,82,11
"2011","E00011304","E00011304","Total",151,39,12,27,112,98,14
"2011","E00011286","E00011286","Total",145,34,16,18,111,91,20
"2011","E00011290","E00011290","Total",199,37,17,20,162,132,30
"2011","E00011324","E00011324","Total",199,55,16,39,144,124,20
"2011","E00011325","E00011325","Total",321,59,17,42,262,226,36
"2011","E00011305","E00011305","Total",129,42,15,27,87,76,11
"2011","E00011309","E00011309","Total",99,23,7,16,76,64,12
"2011","E00011310","E00011310","Total",73,13,3,10,60,53,7
"2011","E00011313","E00011313","Total",127,45,10,35,82,70,12
"2011","E00011316","E00011316","Total",128,32,6,26,96,68,28
"2011","E00011320","E00011320","Total",28,9,4,5,19,17,2
"2011","E00011306","E00011306","Total",137,31,12,19,106,88,18
"2011","E00011312","E00011312","Total",106,33,10,23,73,64,9
"2011","E00011315","E00011315","Total",135,35,15,20,100,88,12
"2011","E00011318","E00011318","Total",143,46,9,37,97,87,10
"2011","E00011319","E00011319","Total",133,43,13,30,90,74,16
"2011","E00011291","E00011291","Total",134,42,15,27,92,79,13
"2011","E00011292","E00011292","Total",105,26,6,20,79,68,11
"2011","E00011314","E00011314","Total",110,34,7,27,76,63,13
"2011","E00011321","E00011321","Total",116,32,9,23,84,75,9
"2011","E00011322","E00011322","Total",118,38,11,27,80,65,15
"2011","E00011323","E00011323","Total",103,36,14,22,67,56,11
"2011","E00011822","E00011822","Total",163,56,27,29,107,93,14
"2011","E00011824","E00011824","Total",186,63,22,41,123,107,16
"2011","E00011825","E00011825","Total",157,58,17,41,99,85,14
"2011","E00011826","E00011826","Total",128,36,10,26,92,83,9
"2011","E00011833","E00011833","Total",143,31,15,16,112,101,11
"2011","E00011820","E00011820","Total",161,44,17,27,117,98,19
"2011","E00011823","E00011823","Total",114,32,11,21,82,67,15
"2011","E00011832","E00011832","Total",120,41,15,26,79,69,10
"2011","E00011838","E00011838","Total",192,52,21,31,140,120,20
"2011","E00011842","E00011842","Total",155,47,11,36,108,92,16
"2011","E00011829","E00011829","Total",77,14,4,10,63,49,14
"2011","E00011831","E00011831","Total",177,43,14,29,134,121,13
"2011","E00011834","E00011834","Total",130,44,15,29,86,75,11
"2011","E00011835","E00011835","Total",166,34,12,22,132,117,15
"2011","E00011847","E00011847","Total",187,44,14,30,143,120,23
"2011","E00011839","E00011839","Total",79,22,4,18,57,45,12
"2011","E00011840","E00011840","Total",60,21,4,17,39,36,3
"2011","E00011846","E00011846","Total",121,42,16,26,79,67,12
"2011","E00011850","E00011850","Total",59,11,4,7,48,41,7
"2011","E00011851","E00011851","Total",139,40,14,26,99,77,22
"2011","E00011852","E00011852","Total",203,59,21,38,144,120,24
"2011","E00011844","E00011844","Total",186,60,23,37,126,106,20
"2011","E00011848","E00011848","Total",180,48,13,35,132,108,24
"2011","E00011853","E00011853","Total",134,34,12,22,100,90,10
"2011","E00011859","E00011859","Total",151,47,18,29,104,84,20
"2011","E00011860","E00011860","Total",205,43,13,30,162,136,26
"2011","E00011821","E00011821","Total",133,38,17,21,95,83,12
"2011","E00011849","E00011849","Total",249,75,18,57,174,143,31
"2011","E00011856","E00011856","Total",119,32,9,23,87,74,13
"2011","E00011857","E00011857","Total",182,49,20,29,133,109,24
"2011","E00011858","E00011858","Total",144,45,15,30,99,81,18
"2011","E00011861","E00011861","Total",87,28,11,17,59,47,12
"2011","E00011841","E00011841","Total",137,39,19,20,98,85,13
"2011","E00011843","E00011843","Total",151,41,17,24,110,88,22
"2011","E00011845","E00011845","Total",151,35,15,20,116,102,14
"2011","E00011854","E00011854","Total",162,58,26,32,104,86,18
"2011","E00011855","E00011855","Total",141,41,17,24,100,81,19
"2011","E00011827","E00011827","Total",157,41,14,27,116,100,16
"2011","E00011828","E00011828","Total",129,42,14,28,87,74,13
"2011","E00011830","E00011830","Total",114,45,13,32,69,54,15
"2011","E00011836","E00011836","Total",130,37,12,25,93,87,6
"2011","E00011837","E00011837","Total",150,51,15,36,99,90,9
"2011","E00011702","E00011702","Total",147,46,18,28,101,80,21
"2011","E00011707","E00011707","Total",191,69,28,41,122,96,26
"2011","E00011708","E00011708","Total",162,51,20,31,111,103,8
"2011","E00011710","E00011710","Total",174,54,21,33,120,99,21
"2011","E00011711","E00011711","Total",135,40,14,26,95,80,15
"2011","E00011695","E00011695","Total",141,39,15,24,102,83,19
"2011","E00011712","E00011712","Total",124,36,10,26,88,72,16
"2011","E00011713","E00011713","Total",155,51,24,27,104,88,16
"2011","E00011721","E00011721","Total",130,39,16,23,91,78,13
"2011","E00011723","E00011723","Total",152,42,14,28,110,86,24
"2011","E00011697","E00011697","Total",138,52,16,36,86,73,13
"2011","E00011698","E00011698","Total",133,37,15,22,96,81,15
"2011","E00011703","E00011703","Total",162,55,19,36,107,94,13
"2011","E00011704","E00011704","Total",169,58,23,35,111,96,15
"2011","E00011706","E00011706","Total",135,40,18,22,95,76,19
"2011","E00011696","E00011696","Total",175,40,19,21,135,115,20
"2011","E00011699","E00011699","Total",122,34,7,27,88,72,16
"2011","E00011700","E00011700","Total",153,36,9,27,117,92,25
"2011","E00011701","E00011701","Total",170,45,17,28,125,102,23
"2011","E00011705","E00011705","Total",141,49,17,32,92,77,15
"2011","E00011693","E00011693","Total",128,41,12,29,87,75,12
"2011","E00011714","E00011714","Total",112,28,10,18,84,70,14
"2011","E00011715","E00011715","Total",169,43,11,32,126,101,25
"2011","E00011716","E00011716","Total",150,37,7,30,113,100,13
"2011","E00011719","E00011719","Total",159,47,18,29,112,94,18
"2011","E00011692","E00011692","Total",166,49,16,33,117,100,17
"2011","E00011709","E00011709","Total",95,19,6,13,76,61,15
"2011","E00011717","E00011717","Total",127,39,11,28,88,78,10
"2011","E00011724","E00011724","Total",171,49,18,31,122,100,22
"2011","E00011726","E00011726","Total",210,51,17,34,159,128,31
"2011","E00011718","E00011718","Total",182,57,21,36,125,110,15
"2011","E00011720","E00011720","Total",214,59,14,45,155,144,11
"2011","E00011722","E00011722","Total",156,27,7,20,129,106,23
"2011","E00011727","E00011727","Total",193,64,23,41,129,107,22
"2011","E00011694","E00011694","Total",160,46,11,35,114,98,16
"2011","E00011725","E00011725","Total",149,60,23,37,89,76,13
"2011","E00011728","E00011728","Total",181,45,15,30,136,118,18
"2011","E00011729","E00011729","Total",179,48,15,33,131,118,13
"2011","E00012311","E00012311","Total",131,43,21,22,88,69,19
"2011","E00012315","E00012315","Total",171,46,17,29,125,80,45
"2011","E00012328","E00012328","Total",65,25,12,13,40,24,16
"2011","E00012329","E00012329","Total",173,56,22,34,117,84,33
"2011","E00012332","E00012332","Total",226,69,36,33,157,107,50
"2011","E00012313","E00012313","Total",137,40,13,27,97,76,21
"2011","E00012317","E00012317","Total",148,31,11,20,117,82,35
"2011","E00012336","E00012336","Total",136,26,8,18,110,90,20
"2011","E00012337","E00012337","Total",99,20,4,16,79,72,7
"2011","E00012343","E00012343","Total",129,31,7,24,98,74,24
"2011","E00012344","E00012344","Total",58,7,4,3,51,44,7
"2011","E00012335","E00012335","Total",164,45,19,26,119,79,40
"2011","E00012338","E00012338","Total",134,34,14,20,100,73,27
"2011","E00012339","E00012339","Total",152,45,18,27,107,77,30
"2011","E00012340","E00012340","Total",150,47,17,30,103,76,27
"2011","E00012342","E00012342","Total",157,27,5,22,130,96,34
"2011","E00012314","E00012314","Total",169,41,16,25,128,100,28
"2011","E00012316","E00012316","Total",164,38,14,24,126,97,29
"2011","E00012341","E00012341","Total",150,37,12,25,113,89,24
"2011","E00012345","E00012345","Total",131,20,9,11,111,83,28
"2011","E00012361","E00012361","Total",118,32,6,26,86,66,20
"2011","E00012362","E00012362","Total",184,60,28,32,124,93,31
"2011","E00012363","E00012363","Total",186,64,25,39,122,88,34
"2011","E00012364","E00012364","Total",162,49,27,22,113,83,30
"2011","E00012367","E00012367","Total",101,33,17,16,68,58,10
"2011","E00012318","E00012318","Total",112,20,9,11,92,76,16
"2011","E00012319","E00012319","Total",125,25,10,15,100,82,18
"2011","E00012321","E00012321","Total",114,28,14,14,86,65,21
"2011","E00012325","E00012325","Total",129,24,3,21,105,81,24
"2011","E00012330","E00012330","Total",87,15,5,10,72,60,12
"2011","E00012346","E00012346","Total",185,53,31,22,132,101,31
"2011","E00012312","E00012312","Total",178,57,17,40,121,80,41
"2011","E00012326","E00012326","Total",165,50,20,30,115,92,23
"2011","E00012331","E00012331","Total",124,35,9,26,89,70,19
"2011","E00012333","E00012333","Total",121,28,9,19,93,68,25
"2011","E00012334","E00012334","Total",170,48,15,33,122,95,27
"2011","E00012320","E00012320","Total",153,39,8,31,114,93,21
"2011","E00012322","E00012322","Total",133,31,14,17,102,82,20
"2011","E00012323","E00012323","Total",136,31,13,18,105,77,28
"2011","E00012324","E00012324","Total",191,53,21,32,138,102,36
"2011","E00012327","E00012327","Total",167,39,13,26,128,96,32
"2011","E00012371","E00012371","Total",184,52,16,36,132,103,29
"2011","E00012373","E00012373","Total",149,26,9,17,123,104,19
"2011","E00012374","E00012374","Total",174,46,17,29,128,91,37
"2011","E00012375","E00012375","Total",202,54,17,37,148,125,23
"2011","E00012379","E00012379","Total",135,36,11,25,99,82,17
"2011","E00012365","E00012365","Total",163,41,14,27,122,100,22
"2011","E00012366","E00012366","Total",177,43,14,29,134,115,19
"2011","E00012368","E00012368","Total",136,39,12,27,97,82,15
"2011","E00012369","E00012369","Total",81,18,6,12,63,48,15
"2011","E00012370","E00012370","Total",179,41,19,22,138,110,28
"2011","E00012347","E00012347","Total",175,42,15,27,133,111,22
"2011","E00012372","E00012372","Total",118,28,10,18,90,75,15
"2011","E00012376","E00012376","Total",94,26,9,17,68,61,7
"2011","E00012377","E00012377","Total",148,39,8,31,109,81,28
"2011","E00012378","E00012378","Total",155,33,10,23,122,105,17
"2011","E00012381","E00012381","Total",181,46,13,33,135,111,24
"2011","E00012152","E00012152","Total",235,48,17,31,187,142,45
"2011","E00012166","E00012166","Total",161,50,17,33,111,75,36
"2011","E00012167","E00012167","Total",132,31,8,23,101,82,19
"2011","E00012169","E00012169","Total",143,36,10,26,107,88,19
"2011","E00012149","E00012149","Total",163,32,5,27,131,113,18
"2011","E00012153","E00012153","Total",133,36,13,23,97,79,18
"2011","E00012156","E00012156","Total",242,57,17,40,185,148,37
"2011","E00012168","E00012168","Total",104,25,7,18,79,66,13
"2011","E00012172","E00012172","Total",161,56,15,41,105,88,17
"2011","E00012150","E00012150","Total",124,35,13,22,89,72,17
"2011","E00012154","E00012154","Total",136,33,6,27,103,90,13
"2011","E00012170","E00012170","Total",123,33,10,23,90,77,13
"2011","E00012171","E00012171","Total",172,39,8,31,133,116,17
"2011","E00012173","E00012173","Total",122,33,11,22,89,61,28
"2011","E00012151","E00012151","Total",208,61,26,35,147,111,36
"2011","E00012155","E00012155","Total",57,11,4,7,46,27,19
"2011","E00012157","E00012157","Total",97,21,8,13,76,69,7
"2011","E00012158","E00012158","Total",145,31,10,21,114,95,19
"2011","E00012159","E00012159","Total",105,37,16,21,68,54,14
"2011","E00012161","E00012161","Total",157,37,13,24,120,104,16
"2011","E00012160","E00012160","Total",167,40,15,25,127,96,31
"2011","E00012162","E00012162","Total",139,29,11,18,110,89,21
"2011","E00012163","E00012163","Total",162,47,16,31,115,99,16
"2011","E00012164","E00012164","Total",162,44,18,26,118,102,16
"2011","E00012165","E00012165","Total",145,23,4,19,122,103,19
"2011","E00012113","E00012113","Total",132,38,10,28,94,78,16
"2011","E00012135","E00012135","Total",130,29,5,24,101,84,17
"2011","E00012141","E00012141","Total",139,37,6,31,102,85,17
"2011","E00012146","E00012146","Total",150,50,12,38,100,88,12
"2011","E00176474","E00176474","Total",153,29,6,23,124,99,25
"2011","E00176482","E00176482","Total",132,34,12,22,98,76,22
"2011","E00176483","E00176483","Total",63,16,10,6,47,35,12
"2011","E00012133","E00012133","Total",161,34,14,20,127,95,32
"2011","E00012134","E00012134","Total",171,48,18,30,123,96,27
"2011","E00012139","E00012139","Total",188,49,13,36,139,119,20
"2011","E00012142","E00012142","Total",123,32,7,25,91,74,17
"2011","E00012144","E00012144","Total",175,53,17,36,122,98,24
"2011","E00012350","E00012350","Total",184,48,14,34,136,111,25
"2011","E00012357","E00012357","Total",106,25,9,16,81,65,16
"2011","E00012380","E00012380","Total",166,47,12,35,119,96,23
"2011","E00012382","E00012382","Total",178,47,14,33,131,113,18
"2011","E00012383","E00012383","Total",177,42,14,28,135,109,26
"2011","E00012348","E00012348","Total",192,40,15,25,152,123,29
"2011","E00012349","E00012349","Total",141,38,10,28,103,87,16
"2011","E00012352","E00012352","Total",131,26,11,15,105,79,26
"2011","E00012354","E00012354","Total",145,38,10,28,107,88,19
"2011","E00012355","E00012355","Total",133,37,8,29,96,76,20
"2011","E00012358","E00012358","Total",146,45,21,24,101,68,33
"2011","E00012351","E00012351","Total",135,30,11,19,105,90,15
"2011","E00012353","E00012353","Total",156,38,12,26,118,97,21
"2011","E00012356","E00012356","Total",166,42,17,25,124,104,20
"2011","E00012359","E00012359","Total",149,40,19,21,109,88,21
"2011","E00012360","E00012360","Total",170,58,29,29,112,82,30
"2011","E00012610","E00012610","Total",152,44,10,34,108,95,13
"2011","E00012624","E00012624","Total",147,49,10,39,98,81,17
"2011","E00012627","E00012627","Total",124,33,7,26,91,78,13
"2011","E00012628","E00012628","Total",149,31,10,21,118,100,18
"2011","E00012630","E00012630","Total",166,47,13,34,119,95,24
"2011","E00012604","E00012604","Total",116,30,10,20,86,75,11
"2011","E00012632","E00012632","Total",155,36,8,28,119,95,24
"2011","E00012633","E00012633","Total",138,38,10,28,100,82,18
"2011","E00012634","E00012634","Total",123,32,14,18,91,72,19
"2011","E00012635","E00012635","Total",161,42,17,25,119,87,32
"2011","E00012607","E00012607","Total",159,35,10,25,124,100,24
"2011","E00012608","E00012608","Total",149,44,14,30,105,81,24
"2011","E00012609","E00012609","Total",121,31,12,19,90,72,18
"2011","E00012621","E00012621","Total",121,29,14,15,92,75,17
"2011","E00012622","E00012622","Total",141,39,13,26,102,85,17
"2011","E00012623","E00012623","Total",146,42,12,30,104,90,14
"2011","E00012611","E00012611","Total",171,53,16,37,118,87,31
"2011","E00012625","E00012625","Total",145,49,12,37,96,79,17
"2011","E00012626","E00012626","Total",158,47,11,36,111,85,26
"2011","E00012629","E00012629","Total",176,45,17,28,131,105,26
"2011","E00012631","E00012631","Total",93,22,8,14,71,57,14
"2011","E00012046","E00012046","Total",186,50,19,31,136,112,24
"2011","E00012067","E00012067","Total",173,45,17,28,128,114,14
"2011","E00012069","E00012069","Total",160,43,12,31,117,95,22
"2011","E00012071","E00012071","Total",155,44,19,25,111,91,20
"2011","E00012073","E00012073","Total",187,50,12,38,137,122,15
"2011","E00012066","E00012066","Total",129,30,7,23,99,80,19
"2011","E00012068","E00012068","Total",160,41,12,29,119,96,23
"2011","E00012070","E00012070","Total",153,34,17,17,119,100,19
"2011","E00012072","E00012072","Total",167,56,18,38,111,94,17
"2011","E00012076","E00012076","Total",186,43,13,30,143,114,29
"2011","E00012114","E00012114","Total",185,49,19,30,136,113,23
"2011","E00012116","E00012116","Total",149,49,17,32,100,82,18
"2011","E00012119","E00012119","Total",192,51,20,31,141,117,24
"2011","E00012130","E00012130","Total",162,49,19,30,113,93,20
"2011","E00012115","E00012115","Total",172,47,17,30,125,94,31
"2011","E00012120","E00012120","Total",147,43,14,29,104,80,24
"2011","E00012121","E00012121","Total",212,52,20,32,160,133,27
"2011","E00012126","E00012126","Total",213,61,20,41,152,132,20
"2011","E00012148","E00012148","Total",95,23,6,17,72,61,11
"2011","E00012132","E00012132","Total",138,40,16,24,98,74,24
"2011","E00012136","E00012136","Total",149,40,8,32,109,92,17
"2011","E00012137","E00012137","Total",100,29,15,14,71,50,21
"2011","E00012138","E00012138","Total",111,33,9,24,78,60,18
"2011","E00012143","E00012143","Total",167,53,21,32,114,94,20
"2011","E00012117","E00012117","Total",200,55,23,32,145,112,33
"2011","E00012122","E00012122","Total",145,45,17,28,100,79,21
"2011","E00012140","E00012140","Total",196,53,17,36,143,111,32
"2011","E00012145","E00012145","Total",207,61,24,37,146,116,30
"2011","E00012124","E00012124","Total",171,43,12,31,128,94,34
"2011","E00012127","E00012127","Total",140,43,19,24,97,64,33
"2011","E00012129","E00012129","Total",169,48,18,30,121,93,28
"2011","E00012147","E00012147","Total",182,58,23,35,124,89,35
"2011","E00012118","E00012118","Total",146,38,14,24,108,86,22
"2011","E00012123","E00012123","Total",200,60,26,34,140,110,30
"2011","E00012128","E00012128","Total",193,54,15,39,139,112,27
"2011","E00012131","E00012131","Total",192,57,20,37,135,109,26
"2011","E00012280","E00012280","Total",164,49,24,25,115,99,16
"2011","E00012281","E00012281","Total",137,33,9,24,104,90,14
"2011","E00012282","E00012282","Total",293,55,12,43,238,182,56
"2011","E00012285","E00012285","Total",129,40,18,22,89,70,19
"2011","E00012286","E00012286","Total",145,39,13,26,106,83,23
"2011","E00012605","E00012605","Total",214,58,19,39,156,127,29
"2011","E00012612","E00012612","Total",259,36,18,18,223,183,40
"2011","E00012636","E00012636","Total",171,50,11,39,121,99,22
"2011","E00012637","E00012637","Total",126,25,10,15,101,84,17
"2011","E00012638","E00012638","Total",219,43,18,25,176,128,48
"2011","E00012053","E00012053","Total",182,56,15,41,126,105,21
"2011","E00012056","E00012056","Total",156,39,13,26,117,97,20
"2011","E00012057","E00012057","Total",170,42,10,32,128,113,15
"2011","E00012060","E00012060","Total",193,41,13,28,152,118,34
"2011","E00012061","E00012061","Total",207,56,14,42,151,131,20
"2011","E00012044","E00012044","Total",129,43,14,29,86,75,11
"2011","E00012045","E00012045","Total",158,35,10,25,123,103,20
"2011","E00012063","E00012063","Total",164,29,13,16,135,112,23
"2011","E00012064","E00012064","Total",155,52,17,35,103,83,20
"2011","E00012065","E00012065","Total",182,48,23,25,134,109,25
"2011","E00012049","E00012049","Total",98,32,8,24,66,58,8
"2011","E00012074","E00012074","Total",144,28,6,22,116,106,10
"2011","E00012075","E00012075","Total",215,56,22,34,159,138,21
"2011","E00012077","E00012077","Total",173,28,8,20,145,118,27
"2011","E00012078","E00012078","Total",185,52,20,32,133,112,21
"2011","E00012047","E00012047","Total",150,42,15,27,108,97,11
"2011","E00012048","E00012048","Total",203,45,13,32,158,136,22
"2011","E00012050","E00012050","Total",159,40,12,28,119,88,31
"2011","E00012052","E00012052","Total",133,30,6,24,103,85,18
"2011","E00012054","E00012054","Total",188,57,14,43,131,101,30
"2011","E00012278","E00012278","Total",141,49,11,38,92,77,15
"2011","E00012279","E00012279","Total",173,42,12,30,131,112,19
"2011","E00012283","E00012283","Total",178,39,15,24,139,117,22
"2011","E00012284","E00012284","Total",187,41,10,31,146,123,23
"2011","E00012288","E00012288","Total",212,53,21,32,159,133,26
"2011","E00012277","E00012277","Total",188,49,16,33,139,115,24
"2011","E00012297","E00012297","Total",138,24,8,16,114,107,7
"2011","E00012300","E00012300","Total",188,60,13,47,128,109,19
"2011","E00012305","E00012305","Total",163,31,8,23,132,113,19
"2011","E00012307","E00012307","Total",154,43,10,33,111,96,15
"2011","E00012287","E00012287","Total",55,12,2,10,43,31,12
"2011","E00012291","E00012291","Total",166,47,17,30,119,93,26
"2011","E00012294","E00012294","Total",152,44,18,26,108,91,17
"2011","E00012299","E00012299","Total",185,49,16,33,136,112,24
"2011","E00012306","E00012306","Total",141,40,14,26,101,79,22
"2011","E00012420","E00012420","Total",178,39,10,29,139,122,17
"2011","E00012423","E00012423","Total",186,33,9,24,153,134,19
"2011","E00012425","E00012425","Total",174,42,19,23,132,111,21
"2011","E00012449","E00012449","Total",196,48,10,38,148,131,17
"2011","E00012454","E00012454","Total",187,45,16,29,142,125,17
"2011","E00012613","E00012613","Total",112,19,6,13,93,73,20
"2011","E00012614","E00012614","Total",196,29,10,19,167,137,30
"2011","E00012615","E00012615","Total",150,35,11,24,115,86,29
"2011","E00012617","E00012617","Total",167,28,5,23,139,111,28
"2011","E00012619","E00012619","Total",176,34,9,25,142,113,29
"2011","E00012606","E00012606","Total",189,38,15,23,151,126,25
"2011","E00012616","E00012616","Total",203,40,12,28,163,135,28
"2011","E00012618","E00012618","Total",203,52,18,34,151,122,29
"2011","E00012620","E00012620","Total",198,41,9,32,157,118,39
"2011","E00012051","E00012051","Total",175,42,12,30,133,103,30
"2011","E00012055","E00012055","Total",166,40,12,28,126,104,22
"2011","E00012058","E00012058","Total",198,60,24,36,138,111,27
"2011","E00012059","E00012059","Total",192,55,19,36,137,116,21
"2011","E00012062","E00012062","Total",194,46,17,29,148,121,27
"2011","E00012276","E00012276","Total",168,37,15,22,131,108,23
"2011","E00012301","E00012301","Total",160,29,8,21,131,107,24
"2011","E00012308","E00012308","Total",205,50,21,29,155,136,19
"2011","E00012309","E00012309","Total",165,33,10,23,132,113,19
"2011","E00012310","E00012310","Total",185,50,19,31,135,114,21
"2011","E00012289","E00012289","Total",185,43,15,28,142,117,25
"2011","E00012292","E00012292","Total",201,48,21,27,153,130,23
"2011","E00012293","E00012293","Total",174,39,14,25,135,117,18
"2011","E00012302","E00012302","Total",210,58,28,30,152,120,32
"2011","E00012304","E00012304","Total",187,48,21,27,139,120,19
"2011","E00012290","E00012290","Total",170,42,13,29,128,106,22
"2011","E00012295","E00012295","Total",172,43,19,24,129,112,17
"2011","E00012296","E00012296","Total",181,39,9,30,142,119,23
"2011","E00012298","E00012298","Total",214,46,15,31,168,141,27
"2011","E00012303","E00012303","Total",189,51,18,33,138,123,15
"2011","E00012428","E00012428","Total",249,50,18,32,199,171,28
"2011","E00012431","E00012431","Total",175,41,14,27,134,108,26
"2011","E00012450","E00012450","Total",190,32,16,16,158,131,27
"2011","E00176478","E00176478","Total",75,22,6,16,53,45,8
"2011","E00176479","E00176479","Total",187,18,8,10,169,136,33
"2011","E00176480","E00176480","Total",516,46,22,24,470,377,93
"2011","E00012247","E00012247","Total",168,51,19,32,117,91,26
"2011","E00012251","E00012251","Total",182,57,24,33,125,92,33
"2011","E00012253","E00012253","Total",164,55,23,32,109,87,22
"2011","E00012257","E00012257","Total",164,44,18,26,120,104,16
"2011","E00012245","E00012245","Total",144,46,15,31,98,76,22
"2011","E00012246","E00012246","Total",161,43,17,26,118,92,26
"2011","E00012248","E00012248","Total",129,41,16,25,88,71,17
"2011","E00012249","E00012249","Total",171,46,18,28,125,95,30
"2011","E00012250","E00012250","Total",134,44,19,25,90,69,21
"2011","E00012254","E00012254","Total",76,21,8,13,55,41,14
"2011","E00012256","E00012256","Total",149,40,15,25,109,94,15
"2011","E00012258","E00012258","Total",157,44,10,34,113,77,36
"2011","E00012260","E00012260","Total",131,23,12,11,108,87,21
"2011","E00012266","E00012266","Total",133,31,13,18,102,89,13
"2011","E00012255","E00012255","Total",204,50,23,27,154,113,41
"2011","E00012259","E00012259","Total",156,46,20,26,110,84,26
"2011","E00012262","E00012262","Total",153,32,9,23,121,91,30
"2011","E00012263","E00012263","Total",204,68,24,44,136,111,25
"2011","E00012264","E00012264","Total",148,35,14,21,113,97,16
"2011","E00012265","E00012265","Total",173,37,7,30,136,113,23
"2011","E00012269","E00012269","Total",167,42,15,27,125,105,20
"2011","E00012271","E00012271","Total",180,49,13,36,131,112,19
"2011","E00012272","E00012272","Total",135,34,14,20,101,83,18
"2011","E00012252","E00012252","Total",175,54,21,33,121,84,37
"2011","E00012261","E00012261","Total",208,58,26,32,150,106,44
"2011","E00012267","E00012267","Total",204,71,24,47,133,98,35
"2011","E00012268","E00012268","Total",133,42,19,23,91,63,28
"2011","E00012270","E00012270","Total",161,45,19,26,116,90,26
"2011","E00012273","E00012273","Total",185,57,25,32,128,99,29
"2011","E00012274","E00012274","Total",201,59,26,33,142,116,26
"2011","E00012275","E00012275","Total",224,65,27,38,159,134,25
"2011","E00012494","E00012494","Total",154,29,4,25,125,93,32
"2011","E00012504","E00012504","Total",182,58,24,34,124,95,29
"2011","E00012508","E00012508","Total",183,51,19,32,132,110,22
"2011","E00012512","E00012512","Total",208,55,27,28,153,126,27
"2011","E00012514","E00012514","Total",158,37,10,27,121,91,30
"2011","E00012505","E00012505","Total",234,56,24,32,178,149,29
"2011","E00012511","E00012511","Total",212,47,13,34,165,126,39
"2011","E00012513","E00012513","Total",58,14,5,9,44,35,9
"2011","E00012517","E00012517","Total",180,43,13,30,137,97,40
"2011","E00012491","E00012491","Total",159,45,8,37,114,93,21
"2011","E00012518","E00012518","Total",192,62,26,36,130,101,29
"2011","E00012519","E00012519","Total",218,57,25,32,161,134,27
"2011","E00012524","E00012524","Total",171,48,13,35,123,90,33
"2011","E00012211","E00012211","Total",217,55,16,39,162,139,23
"2011","E00012234","E00012234","Total",198,56,20,36,142,119,23
"2011","E00012238","E00012238","Total",149,42,13,29,107,92,15
"2011","E00012243","E00012243","Total",183,50,18,32,133,109,24
"2011","E00012213","E00012213","Total",169,46,14,32,123,101,22
"2011","E00012241","E00012241","Total",159,41,15,26,118,107,11
"2011","E00012242","E00012242","Total",240,62,24,38,178,155,23
"2011","E00012244","E00012244","Total",204,52,17,35,152,128,24
"2011","E00012235","E00012235","Total",200,45,13,32,155,133,22
"2011","E00012236","E00012236","Total",217,44,14,30,173,149,24
"2011","E00012239","E00012239","Total",219,56,22,34,163,137,26
"2011","E00012240","E00012240","Total",191,47,14,33,144,130,14
"2011","E00012209","E00012209","Total",170,41,14,27,129,111,18
"2011","E00012215","E00012215","Total",167,42,12,30,125,98,27
"2011","E00012217","E00012217","Total",193,42,21,21,151,132,19
"2011","E00012218","E00012218","Total",185,40,16,24,145,126,19
"2011","E00012219","E00012219","Total",157,36,9,27,121,109,12
"2011","E00012210","E00012210","Total",150,38,11,27,112,92,20
"2011","E00012212","E00012212","Total",157,33,9,24,124,104,20
"2011","E00012214","E00012214","Total",176,38,7,31,138,120,18
"2011","E00012216","E00012216","Total",136,35,14,21,101,89,12
"2011","E00012237","E00012237","Total",168,49,20,29,119,101,18
"2011","E00012012","E00012012","Total",184,53,29,24,131,113,18
"2011","E00012042","E00012042","Total",186,47,16,31,139,122,17
"2011","E00012043","E00012043","Total",128,26,16,10,102,90,12
"2011","E00176456","E00176456","Total",515,434,330,104,81,63,18
"2011","E00176459","E00176459","Total",56,18,6,12,38,34,4
"2011","E00012506","E00012506","Total",183,48,24,24,135,108,27
"2011","E00012507","E00012507","Total",161,35,14,21,126,103,23
"2011","E00012509","E00012509","Total",174,39,16,23,135,99,36
"2011","E00012516","E00012516","Total",216,36,9,27,180,147,33
"2011","E00176455","E00176455","Total",176,37,10,27,139,112,27
"2011","E00176481","E00176481","Total",132,26,8,18,106,75,31
"2011","E00012515","E00012515","Total",182,51,24,27,131,110,21
"2011","E00012520","E00012520","Total",123,44,10,34,79,69,10
"2011","E00012521","E00012521","Total",146,25,7,18,121,95,26
"2011","E00012522","E00012522","Total",238,44,15,29,194,165,29
"2011","E00012523","E00012523","Total",148,29,7,22,119,93,26
"2011","E00012492","E00012492","Total",119,20,5,15,99,58,41
"2011","E00012493","E00012493","Total",136,19,4,15,117,83,34
"2011","E00012500","E00012500","Total",88,25,14,11,63,55,8
"2011","E00012526","E00012526","Total",120,42,14,28,78,72,6
"2011","E00012548","E00012548","Total",121,36,21,15,85,78,7
"2011","E00012551","E00012551","Total",140,45,32,13,95,83,12
"2011","E00012552","E00012552","Total",145,28,10,18,117,106,11
"2011","E00012557","E00012557","Total",162,46,24,22,116,88,28
"2011","E00012558","E00012558","Total",93,22,6,16,71,53,18
"2011","E00012527","E00012527","Total",166,37,11,26,129,107,22
"2011","E00012528","E00012528","Total",175,40,17,23,135,114,21
"2011","E00012550","E00012550","Total",143,33,11,22,110,90,20
"2011","E00012556","E00012556","Total",116,21,7,14,95,77,18
"2011","E00012559","E00012559","Total",156,43,19,24,113,100,13
"2011","E00012542","E00012542","Total",134,28,5,23,106,85,21
"2011","E00012543","E00012543","Total",160,25,7,18,135,118,17
"2011","E00012544","E00012544","Total",117,30,10,20,87,74,13
"2011","E00012545","E00012545","Total",104,27,8,19,77,62,15
"2011","E00012546","E00012546","Total",89,29,15,14,60,52,8
"2011","E00176476","E00176476","Total",84,23,5,18,61,52,9
"2011","E00176477","E00176477","Total",134,25,5,20,109,92,17
"2011","E00012547","E00012547","Total",219,65,32,33,154,124,30
"2011","E00012553","E00012553","Total",154,49,27,22,105,89,16
"2011","E00012554","E00012554","Total",201,59,24,35,142,116,26
"2011","E00012555","E00012555","Total",197,65,32,33,132,106,26
"2011","E00012529","E00012529","Total",208,66,28,38,142,114,28
"2011","E00012531","E00012531","Total",107,40,16,24,67,55,12
"2011","E00012532","E00012532","Total",167,70,36,34,97,83,14
"2011","E00012549","E00012549","Total",175,48,25,23,127,102,25
"2011","E00012560","E00012560","Total",188,34,9,25,154,129,25
"2011","E00012561","E00012561","Total",118,29,16,13,89,72,17
"2011","E00012562","E00012562","Total",146,39,8,31,107,92,15
"2011","E00012564","E00012564","Total",370,287,231,56,83,78,5
"2011","E00012565","E00012565","Total",346,267,198,69,79,69,10
"2011","E00012013","E00012013","Total",140,43,15,28,97,77,20
"2011","E00012015","E00012015","Total",144,35,12,23,109,95,14
"2011","E00012017","E00012017","Total",222,53,17,36,169,146,23
"2011","E00012018","E00012018","Total",186,63,38,25,123,102,21
"2011","E00012019","E00012019","Total",176,40,21,19,136,111,25
"2011","E00012021","E00012021","Total",199,54,16,38,145,124,21
"2011","E00012026","E00012026","Total",172,48,20,28,124,104,20
"2011","E00012027","E00012027","Total",177,52,23,29,125,109,16
"2011","E00176460","E00176460","Total",160,39,17,22,121,100,21
"2011","E00176461","E00176461","Total",141,36,15,21,105,84,21
"2011","E00176462","E00176462","Total",165,39,15,24,126,107,19
"2011","E00176475","E00176475","Total",150,35,27,8,115,97,18
"2011","E00012220","E00012220","Total",139,34,11,23,105,91,14
"2011","E00012221","E00012221","Total",136,37,11,26,99,75,24
"2011","E00012222","E00012222","Total",167,49,16,33,118,103,15
"2011","E00012224","E00012224","Total",128,30,7,23,98,81,17
"2011","E00012225","E00012225","Total",165,43,9,34,122,106,16
"2011","E00012495","E00012495","Total",157,34,7,27,123,115,8
"2011","E00012496","E00012496","Total",173,49,24,25,124,86,38
"2011","E00012498","E00012498","Total",183,49,20,29,134,107,27
"2011","E00012525","E00012525","Total",207,63,19,44,144,121,23
"2011","E00012497","E00012497","Total",169,37,10,27,132,101,31
"2011","E00012499","E00012499","Total",120,28,11,17,92,77,15
"2011","E00012501","E00012501","Total",159,43,14,29,116,101,15
"2011","E00012502","E00012502","Total",114,33,8,25,81,66,15
"2011","E00012503","E00012503","Total",144,41,19,22,103,86,17
"2011","E00012082","E00012082","Total",143,26,8,18,117,99,18
"2011","E00012083","E00012083","Total",149,35,7,28,114,96,18
"2011","E00012085","E00012085","Total",204,61,19,42,143,130,13
"2011","E00012088","E00012088","Total",172,62,23,39,110,89,21
"2011","E00012084","E00012084","Total",242,57,13,44,185,166,19
"2011","E00012091","E00012091","Total",194,60,23,37,134,114,20
"2011","E00012092","E00012092","Total",207,57,25,32,150,124,26
"2011","E00012093","E00012093","Total",180,45,9,36,135,114,21
"2011","E00012080","E00012080","Total",186,42,16,26,144,125,19
"2011","E00012086","E00012086","Total",167,41,13,28,126,108,18
"2011","E00012087","E00012087","Total",192,52,18,34,140,117,23
"2011","E00012109","E00012109","Total",210,49,17,32,161,142,19
"2011","E00012081","E00012081","Total",207,53,19,34,154,138,16
"2011","E00012103","E00012103","Total",116,51,31,20,65,56,9
"2011","E00012110","E00012110","Total",127,36,8,28,91,84,7
"2011","E00012111","E00012111","Total",175,44,18,26,131,116,15
"2011","E00012112","E00012112","Total",134,35,6,29,99,87,12
"2011","E00012095","E00012095","Total",204,60,20,40,144,132,12
"2011","E00012096","E00012096","Total",205,69,17,52,136,120,16
"2011","E00012097","E00012097","Total",183,45,20,25,138,119,19
"2011","E00012099","E00012099","Total",168,41,13,28,127,111,16
"2011","E00012101","E00012101","Total",166,41,21,20,125,109,16
"2011","E00012105","E00012105","Total",136,34,8,26,102,87,15
"2011","E00012107","E00012107","Total",229,61,16,45,168,148,20
"2011","E00012108","E00012108","Total",218,48,17,31,170,156,14
"2011","E00012020","E00012020","Total",161,37,6,31,124,104,20
"2011","E00012024","E00012024","Total",195,55,13,42,140,125,15
"2011","E00012025","E00012025","Total",110,27,10,17,83,72,11
"2011","E00012031","E00012031","Total",144,40,14,26,104,93,11
"2011","E00012032","E00012032","Total",121,45,24,21,76,66,10
"2011","E00012011","E00012011","Total",174,51,26,25,123,96,27
"2011","E00012028","E00012028","Total",103,30,13,17,73,64,9
"2011","E00012029","E00012029","Total",145,42,16,26,103,88,15
"2011","E00012034","E00012034","Total",222,55,15,40,167,142,25
"2011","E00012035","E00012035","Total",103,24,6,18,79,62,17
"2011","E00012090","E00012090","Total",131,43,15,28,88,77,11
"2011","E00012102","E00012102","Total",138,32,2,30,106,88,18
"2011","E00012104","E00012104","Total",168,44,18,26,124,105,19
"2011","E00012106","E00012106","Total",178,56,14,42,122,108,14
"2011","E00012229","E00012229","Total",147,45,10,35,102,83,19
"2011","E00012230","E00012230","Total",140,35,11,24,105,90,15
"2011","E00012231","E00012231","Total",162,33,8,25,129,115,14
"2011","E00012232","E00012232","Total",176,61,24,37,115,100,15
"2011","E00012233","E00012233","Total",150,35,5,30,115,101,14
"2011","E00012223","E00012223","Total",180,49,16,33,131,111,20
"2011","E00012226","E00012226","Total",137,46,16,30,91,80,11
"2011","E00012227","E00012227","Total",192,51,14,37,141,115,26
"2011","E00012228","E00012228","Total",193,85,23,62,108,85,23
"2011","E00011961","E00011961","Total",151,35,10,25,116,97,19
"2011","E00011962","E00011962","Total",149,47,13,34,102,84,18
"2011","E00011963","E00011963","Total",118,38,12,26,80,70,10
"2011","E00011966","E00011966","Total",122,42,13,29,80,74,6
"2011","E00011972","E00011972","Total",94,19,10,9,75,67,8
"2011","E00011964","E00011964","Total",170,43,17,26,127,111,16
"2011","E00011965","E00011965","Total",178,48,17,31,130,110,20
"2011","E00011967","E00011967","Total",183,54,13,41,129,112,17
"2011","E00011968","E00011968","Total",188,50,22,28,138,122,16
"2011","E00011969","E00011969","Total",146,29,14,15,117,104,13
"2011","E00012640","E00012640","Total",174,54,18,36,120,106,14
"2011","E00012654","E00012654","Total",146,37,11,26,109,94,15
"2011","E00012656","E00012656","Total",127,38,13,25,89,80,9
"2011","E00012662","E00012662","Total",184,37,16,21,147,129,18
"2011","E00012664","E00012664","Total",149,30,11,19,119,105,14
"2011","E00012659","E00012659","Total",158,43,14,29,115,100,15
"2011","E00012661","E00012661","Total",131,36,7,29,95,85,10
"2011","E00012663","E00012663","Total",167,55,14,41,112,99,13
"2011","E00012665","E00012665","Total",159,38,12,26,121,94,27
"2011","E00012669","E00012669","Total",163,57,16,41,106,85,21
"2011","E00012639","E00012639","Total",173,45,13,32,128,111,17
"2011","E00012657","E00012657","Total",138,44,9,35,94,82,12
"2011","E00012666","E00012666","Total",177,54,19,35,123,108,15
"2011","E00012667","E00012667","Total",128,26,9,17,102,91,11
"2011","E00012670","E00012670","Total",107,45,12,33,62,57,5
"2011","E00011946","E00011946","Total",154,37,8,29,117,107,10
"2011","E00011951","E00011951","Total",174,51,12,39,123,104,19
"2011","E00011970","E00011970","Total",189,46,19,27,143,124,19
"2011","E00011973","E00011973","Total",138,35,11,24,103,89,14
"2011","E00011941","E00011941","Total",222,60,19,41,162,144,18
"2011","E00011943","E00011943","Total",217,71,29,42,146,132,14
"2011","E00011949","E00011949","Total",217,54,27,27,163,148,15
"2011","E00011944","E00011944","Total",223,51,25,26,172,157,15
"2011","E00011945","E00011945","Total",189,51,17,34,138,121,17
"2011","E00011950","E00011950","Total",155,68,22,46,87,77,10
"2011","E00011971","E00011971","Total",172,47,15,32,125,101,24
"2011","E00011942","E00011942","Total",207,69,24,45,138,118,20
"2011","E00011947","E00011947","Total",187,50,14,36,137,114,23
"2011","E00011948","E00011948","Total",234,57,19,38,177,154,23
"2011","E00011956","E00011956","Total",215,60,27,33,155,135,20
"2011","E00011952","E00011952","Total",164,53,13,40,111,101,10
"2011","E00011953","E00011953","Total",201,55,22,33,146,124,22
"2011","E00011955","E00011955","Total",178,49,15,34,129,112,17
"2011","E00011958","E00011958","Total",208,50,12,38,158,139,19
"2011","E00012079","E00012079","Total",132,37,9,28,95,84,11
"2011","E00012089","E00012089","Total",152,33,14,19,119,112,7
"2011","E00012094","E00012094","Total",152,43,12,31,109,91,18
"2011","E00012098","E00012098","Total",172,55,15,40,117,104,13
"2011","E00012100","E00012100","Total",181,58,17,41,123,108,15
"2011","E00012016","E00012016","Total",208,63,22,41,145,127,18
"2011","E00012023","E00012023","Total",150,65,38,27,85,75,10
"2011","E00012030","E00012030","Total",131,47,19,28,84,70,14
"2011","E00012033","E00012033","Total",110,38,11,27,72,62,10
"2011","E00012036","E00012036","Total",129,34,11,23,95,82,13
"2011","E00012037","E00012037","Total",157,48,15,33,109,93,16
"2011","E00012038","E00012038","Total",141,35,13,22,106,90,16
"2011","E00012039","E00012039","Total",143,44,13,31,99,80,19
"2011","E00012040","E00012040","Total",121,41,16,25,80,70,10
"2011","E00012041","E00012041","Total",126,35,10,25,91,76,15
"2011","E00012533","E00012533","Total",221,69,33,36,152,127,25
"2011","E00012534","E00012534","Total",167,43,18,25,124,94,30
"2011","E00012535","E00012535","Total",124,29,17,12,95,80,15
"2011","E00012563","E00012563","Total",139,43,11,32,96,71,25
"2011","E00012530","E00012530","Total",141,27,13,14,114,93,21
"2011","E00012536","E00012536","Total",106,25,12,13,81,69,12
"2011","E00012537","E00012537","Total",135,33,10,23,102,84,18
"2011","E00012538","E00012538","Total",159,35,14,21,124,108,16
"2011","E00012539","E00012539","Total",132,31,14,17,101,87,14
"2011","E00012540","E00012540","Total",72,11,6,5,61,54,7
"2011","E00012677","E00012677","Total",121,23,17,6,98,86,12
"2011","E00012679","E00012679","Total",135,33,13,20,102,86,16
"2011","E00012684","E00012684","Total",181,16,8,8,165,142,23
"2011","E00012685","E00012685","Total",140,23,9,14,117,101,16
"2011","E00012709","E00012709","Total",108,23,2,21,85,80,5
"2011","E00012710","E00012710","Total",125,35,13,22,90,79,11
"2011","E00012711","E00012711","Total",128,41,12,29,87,65,22
"2011","E00012688","E00012688","Total",143,21,8,13,122,102,20
"2011","E00012692","E00012692","Total",145,44,15,29,101,81,20
"2011","E00012695","E00012695","Total",155,18,4,14,137,116,21
"2011","E00012698","E00012698","Total",172,38,6,32,134,120,14
"2011","E00012701","E00012701","Total",241,52,18,34,189,165,24
"2011","E00176463","E00176463","Total",155,34,16,18,121,100,21
"2011","E00176464","E00176464","Total",158,15,2,13,143,123,20
"2011","E00176465","E00176465","Total",144,33,7,26,111,89,22
"2011","E00012641","E00012641","Total",196,53,18,35,143,122,21
"2011","E00012660","E00012660","Total",148,27,3,24,121,101,20
"2011","E00012668","E00012668","Total",174,36,7,29,138,112,26
"2011","E00012671","E00012671","Total",153,39,14,25,114,98,16
"2011","E00176457","E00176457","Total",167,38,12,26,129,110,19
"2011","E00176458","E00176458","Total",208,54,16,38,154,123,31
"2011","E00012644","E00012644","Total",156,46,17,29,110,91,19
"2011","E00012646","E00012646","Total",181,55,22,33,126,117,9
"2011","E00012658","E00012658","Total",190,46,13,33,144,120,24
"2011","E00012673","E00012673","Total",151,37,8,29,114,96,18
"2011","E00012674","E00012674","Total",133,23,8,15,110,84,26
"2011","E00012643","E00012643","Total",122,40,14,26,82,76,6
"2011","E00012650","E00012650","Total",172,46,19,27,126,107,19
"2011","E00012672","E00012672","Total",109,41,12,29,68,63,5
"2011","E00012675","E00012675","Total",139,57,23,34,82,74,8
"2011","E00012642","E00012642","Total",200,53,19,34,147,137,10
"2011","E00012645","E00012645","Total",172,61,18,43,111,98,13
"2011","E00012648","E00012648","Total",186,52,21,31,134,123,11
"2011","E00012649","E00012649","Total",196,56,22,34,140,129,11
"2011","E00012647","E00012647","Total",171,53,13,40,118,102,16
"2011","E00012651","E00012651","Total",184,61,17,44,123,113,10
"2011","E00012652","E00012652","Total",151,41,16,25,110,100,10
"2011","E00012653","E00012653","Total",164,53,18,35,111,94,17
"2011","E00011984","E00011984","Total",193,50,22,28,143,126,17
"2011","E00011989","E00011989","Total",150,47,20,27,103,84,19
"2011","E00011990","E00011990","Total",166,44,12,32,122,111,11
"2011","E00011992","E00011992","Total",185,50,11,39,135,114,21
"2011","E00012000","E00012000","Total",91,22,7,15,69,57,12
"2011","E00011985","E00011985","Total",174,50,25,25,124,101,23
"2011","E00011986","E00011986","Total",130,41,6,35,89,80,9
"2011","E00011987","E00011987","Total",125,33,14,19,92,80,12
"2011","E00011991","E00011991","Total",162,44,15,29,118,102,16
"2011","E00011995","E00011995","Total",162,52,16,36,110,93,17
"2011","E00011988","E00011988","Total",100,26,9,17,74,70,4
"2011","E00011993","E00011993","Total",188,53,12,41,135,115,20
"2011","E00011997","E00011997","Total",190,59,16,43,131,119,12
"2011","E00011998","E00011998","Total",159,54,14,40,105,90,15
"2011","E00011994","E00011994","Total",181,51,17,34,130,119,11
"2011","E00011996","E00011996","Total",174,56,19,37,118,106,12
"2011","E00012002","E00012002","Total",181,57,17,40,124,109,15
"2011","E00012003","E00012003","Total",188,58,15,43,130,120,10
"2011","E00011975","E00011975","Total",145,36,8,28,109,92,17
"2011","E00011999","E00011999","Total",163,32,8,24,131,109,22
"2011","E00012001","E00012001","Total",143,38,13,25,105,89,16
"2011","E00012004","E00012004","Total",128,46,17,29,82,75,7
"2011","E00012006","E00012006","Total",192,53,13,40,139,125,14
"2011","E00012696","E00012696","Total",129,34,10,24,95,81,14
"2011","E00012697","E00012697","Total",203,60,21,39,143,122,21
"2011","E00012699","E00012699","Total",132,33,7,26,99,82,17
"2011","E00012700","E00012700","Total",158,42,15,27,116,101,15
"2011","E00012703","E00012703","Total",52,12,3,9,40,37,3
"2011","E00012680","E00012680","Total",154,38,15,23,116,102,14
"2011","E00012681","E00012681","Total",163,39,14,25,124,104,20
"2011","E00012683","E00012683","Total",228,58,26,32,170,147,23
"2011","E00012705","E00012705","Total",173,47,17,30,126,110,16
"2011","E00012708","E00012708","Total",175,39,13,26,136,122,14
"2011","E00012682","E00012682","Total",192,40,12,28,152,138,14
"2011","E00012704","E00012704","Total",202,63,20,43,139,117,22
"2011","E00012706","E00012706","Total",189,40,13,27,149,128,21
"2011","E00012707","E00012707","Total",172,44,13,31,128,116,12
"2011","E00012712","E00012712","Total",118,26,7,19,92,79,13
"2011","E00012687","E00012687","Total",148,43,17,26,105,93,12
"2011","E00012690","E00012690","Total",160,45,17,28,115,95,20
"2011","E00012691","E00012691","Total",238,73,26,47,165,137,28
"2011","E00012693","E00012693","Total",177,48,12,36,129,111,18
"2011","E00012676","E00012676","Total",97,26,8,18,71,66,5
"2011","E00012678","E00012678","Total",163,40,13,27,123,111,12
"2011","E00012686","E00012686","Total",173,51,18,33,122,106,16
"2011","E00012689","E00012689","Total",145,29,8,21,116,98,18
"2011","E00012694","E00012694","Total",169,51,20,31,118,103,15
"2011","E00011954","E00011954","Total",238,71,29,42,167,143,24
"2011","E00011957","E00011957","Total",232,59,15,44,173,151,22
"2011","E00011959","E00011959","Total",160,57,23,34,103,93,10
"2011","E00011960","E00011960","Total",104,32,11,21,72,63,9
"2011","E00012459","E00012459","Total",183,65,20,45,118,106,12
"2011","E00012460","E00012460","Total",193,57,22,35,136,116,20
"2011","E00012462","E00012462","Total",184,53,18,35,131,118,13
"2011","E00012465","E00012465","Total",188,52,22,30,136,115,21
"2011","E00012458","E00012458","Total",206,55,18,37,151,124,27
"2011","E00012463","E00012463","Total",160,47,12,35,113,90,23
"2011","E00012487","E00012487","Total",203,59,26,33,144,119,25
"2011","E00012490","E00012490","Total",152,49,13,36,103,85,18
"2011","E00012455","E00012455","Total",268,64,19,45,204,172,32
"2011","E00012467","E00012467","Total",120,31,8,23,89,80,9
"2011","E00012468","E00012468","Total",121,38,14,24,83,75,8
"2011","E00012469","E00012469","Total",123,38,9,29,85,77,8
"2011","E00012489","E00012489","Total",111,30,8,22,81,70,11
"2011","E00012481","E00012481","Total",215,58,25,33,157,131,26
"2011","E00012482","E00012482","Total",154,56,19,37,98,86,12
"2011","E00012483","E00012483","Total",156,50,17,33,106,99,7
"2011","E00012485","E00012485","Total",136,59,13,46,77,62,15
"2011","E00012486","E00012486","Total",78,28,11,17,50,44,6
"2011","E00011979","E00011979","Total",171,58,25,33,113,97,16
"2011","E00012005","E00012005","Total",197,51,12,39,146,127,19
"2011","E00012007","E00012007","Total",133,26,6,20,107,96,11
"2011","E00012008","E00012008","Total",195,39,12,27,156,126,30
"2011","E00012009","E00012009","Total",165,43,8,35,122,101,21
"2011","E00011976","E00011976","Total",141,51,20,31,90,82,8
"2011","E00011977","E00011977","Total",173,45,13,32,128,112,16
"2011","E00011978","E00011978","Total",170,60,26,34,110,95,15
"2011","E00011980","E00011980","Total",238,62,19,43,176,154,22
"2011","E00012010","E00012010","Total",165,37,14,23,128,109,19
"2011","E00012456","E00012456","Total",171,52,20,32,119,104,15
"2011","E00012457","E00012457","Total",195,64,28,36,131,116,15
"2011","E00012466","E00012466","Total",156,52,18,34,104,89,15
"2011","E00012470","E00012470","Total",212,68,27,41,144,126,18
"2011","E00012461","E00012461","Total",105,26,11,15,79,72,7
"2011","E00012464","E00012464","Total",164,50,15,35,114,98,16
"2011","E00012480","E00012480","Total",220,55,19,36,165,139,26
"2011","E00012484","E00012484","Total",263,76,20,56,187,149,38
"2011","E00012488","E00012488","Total",176,32,8,24,144,130,14
"2011","E00012471","E00012471","Total",170,46,16,30,124,107,17
"2011","E00012475","E00012475","Total",190,69,24,45,121,99,22
"2011","E00012476","E00012476","Total",128,43,13,30,85,78,7
"2011","E00012478","E00012478","Total",155,55,14,41,100,87,13
"2011","E00012479","E00012479","Total",90,26,13,13,64,60,4
"2011","E00012472","E00012472","Total",154,43,10,33,111,94,17
"2011","E00012473","E00012473","Total",218,68,26,42,150,131,19
"2011","E00012474","E00012474","Total",176,40,13,27,136,107,29
"2011","E00012477","E00012477","Total",188,48,21,27,140,122,18
"2011","E00012388","E00012388","Total",263,58,17,41,205,170,35
"2011","E00012389","E00012389","Total",169,50,19,31,119,102,17
"2011","E00012394","E00012394","Total",188,46,9,37,142,116,26
"2011","E00012395","E00012395","Total",147,49,16,33,98,86,12
"2011","E00012399","E00012399","Total",170,46,15,31,124,104,20
"2011","E00012390","E00012390","Total",162,48,19,29,114,99,15
"2011","E00012391","E00012391","Total",175,43,14,29,132,108,24
"2011","E00012392","E00012392","Total",87,30,12,18,57,48,9
"2011","E00012393","E00012393","Total",195,55,19,36,140,125,15
"2011","E00012397","E00012397","Total",211,72,22,50,139,118,21
"2011","E00012567","E00012567","Total",195,45,13,32,150,126,24
"2011","E00012601","E00012601","Total",162,64,15,49,98,82,16
"2011","E00012602","E00012602","Total",192,56,20,36,136,110,26
"2011","E00176469","E00176469","Total",139,29,6,23,110,90,20
"2011","E00176471","E00176471","Total",143,41,9,32,102,81,21
"2011","E00012572","E00012572","Total",164,39,13,26,125,107,18
"2011","E00012573","E00012573","Total",175,46,11,35,129,116,13
"2011","E00012575","E00012575","Total",200,52,22,30,148,128,20
"2011","E00012603","E00012603","Total",183,58,22,36,125,106,19
"2011","E00012585","E00012585","Total",155,29,8,21,126,109,17
"2011","E00012591","E00012591","Total",148,39,6,33,109,91,18
"2011","E00012593","E00012593","Total",156,33,9,24,123,107,16
"2011","E00012597","E00012597","Total",178,34,7,27,144,123,21
"2011","E00176468","E00176468","Total",153,45,14,31,108,95,13
"2011","E00176470","E00176470","Total",264,45,13,32,219,187,32
"2011","E00012174","E00012174","Total",110,28,8,20,82,68,14
"2011","E00012203","E00012203","Total",217,53,13,40,164,149,15
"2011","E00012204","E00012204","Total",98,21,8,13,77,59,18
"2011","E00012207","E00012207","Total",141,36,5,31,105,97,8
"2011","E00012208","E00012208","Total",85,26,8,18,59,48,11
"2011","E00012568","E00012568","Total",131,28,6,22,103,92,11
"2011","E00012569","E00012569","Total",155,30,9,21,125,91,34
"2011","E00012574","E00012574","Total",190,54,16,38,136,117,19
"2011","E00012592","E00012592","Total",178,34,14,20,144,123,21
"2011","E00012599","E00012599","Total",186,51,14,37,135,108,27
"2011","E00012589","E00012589","Total",212,55,18,37,157,135,22
"2011","E00012590","E00012590","Total",225,43,10,33,182,154,28
"2011","E00012594","E00012594","Total",140,24,6,18,116,92,24
"2011","E00012595","E00012595","Total",172,35,12,23,137,119,18
"2011","E00176472","E00176472","Total",174,38,17,21,136,119,17
"2011","E00176473","E00176473","Total",147,32,11,21,115,100,15
"2011","E00012576","E00012576","Total",133,33,11,22,100,89,11
"2011","E00012577","E00012577","Total",108,29,7,22,79,71,8
"2011","E00012578","E00012578","Total",124,24,8,16,100,89,11
"2011","E00012579","E00012579","Total",124,26,6,20,98,87,11
"2011","E00012580","E00012580","Total",117,36,9,27,81,68,13
"2011","E00012582","E00012582","Total",164,46,18,28,118,95,23
"2011","E00012583","E00012583","Total",138,35,14,21,103,88,15
"2011","E00012584","E00012584","Total",209,53,20,33,156,124,32
"2011","E00012587","E00012587","Total",161,43,20,23,118,92,26
"2011","E00012596","E00012596","Total",165,30,7,23,135,107,28
"2011","E00011974","E00011974","Total",201,69,22,47,132,122,10
"2011","E00011982","E00011982","Total",198,55,15,40,143,127,16
"2011","E00011983","E00011983","Total",243,62,23,39,181,168,13
"2011","E00176466","E00176466","Total",208,59,18,41,149,128,21
"2011","E00176467","E00176467","Total",180,60,20,40,120,104,16
"2011","E00012396","E00012396","Total",196,58,19,39,138,125,13
"2011","E00012398","E00012398","Total",161,46,15,31,115,104,11
"2011","E00012401","E00012401","Total",208,58,20,38,150,133,17
"2011","E00012404","E00012404","Total",224,68,19,49,156,138,18
"2011","E00012386","E00012386","Total",240,67,21,46,173,154,19
"2011","E00012400","E00012400","Total",197,65,26,39,132,118,14
"2011","E00012402","E00012402","Total",200,47,20,27,153,135,18
"2011","E00012406","E00012406","Total",217,70,27,43,147,134,13
"2011","E00012403","E00012403","Total",190,47,16,31,143,129,14
"2011","E00012407","E00012407","Total",157,46,15,31,111,92,19
"2011","E00012410","E00012410","Total",206,65,27,38,141,119,22
"2011","E00012411","E00012411","Total",229,62,16,46,167,144,23
"2011","E00012415","E00012415","Total",208,55,24,31,153,133,20
"2011","E00012405","E00012405","Total",203,65,19,46,138,121,17
"2011","E00012408","E00012408","Total",200,70,26,44,130,115,15
"2011","E00012414","E00012414","Total",161,48,16,32,113,90,23
"2011","E00012416","E00012416","Total",168,39,15,24,129,114,15
"2011","E00012179","E00012179","Total",167,43,14,29,124,102,22
"2011","E00012184","E00012184","Total",179,49,13,36,130,110,20
"2011","E00012185","E00012185","Total",159,39,11,28,120,100,20
"2011","E00012188","E00012188","Total",269,57,16,41,212,174,38
"2011","E00012202","E00012202","Total",165,20,5,15,145,109,36
"2011","E00012175","E00012175","Total",159,40,9,31,119,99,20
"2011","E00012181","E00012181","Total",183,42,12,30,141,122,19
"2011","E00012183","E00012183","Total",143,27,6,21,116,88,28
"2011","E00012205","E00012205","Total",112,33,12,21,79,66,13
"2011","E00012206","E00012206","Total",237,52,18,34,185,154,31
"2011","E00012177","E00012177","Total",207,45,13,32,162,134,28
"2011","E00012190","E00012190","Total",221,31,7,24,190,155,35
"2011","E00012191","E00012191","Total",196,42,22,20,154,109,45
"2011","E00012194","E00012194","Total",165,26,6,20,139,110,29
"2011","E00012198","E00012198","Total",182,40,12,28,142,105,37
"2011","E00012566","E00012566","Total",112,30,6,24,82,70,12
"2011","E00012570","E00012570","Total",158,35,8,27,123,100,23
"2011","E00012571","E00012571","Total",158,27,7,20,131,109,22
"2011","E00012581","E00012581","Total",79,11,5,6,68,57,11
"2011","E00012600","E00012600","Total",180,30,10,20,150,134,16
"2011","E00012193","E00012193","Total",218,53,14,39,165,144,21
"2011","E00012196","E00012196","Total",225,72,25,47,153,123,30
"2011","E00012200","E00012200","Total",218,51,13,38,167,154,13
"2011","E00012201","E00012201","Total",187,55,16,39,132,121,11
"2011","E00012176","E00012176","Total",84,17,3,14,67,55,12
"2011","E00012178","E00012178","Total",146,29,7,22,117,100,17
"2011","E00012180","E00012180","Total",156,42,13,29,114,100,14
"2011","E00012182","E00012182","Total",198,38,10,28,160,148,12
"2011","E00012186","E00012186","Total",179,39,9,30,140,123,17
"2011","E00012189","E00012189","Total",214,52,14,38,162,140,22
"2011","E00012187","E00012187","Total",209,34,9,25,175,145,30
"2011","E00012192","E00012192","Total",194,54,11,43,140,127,13
"2011","E00012195","E00012195","Total",186,31,12,19,155,131,24
"2011","E00012197","E00012197","Total",169,27,8,19,142,125,17
"2011","E00012199","E00012199","Total",242,56,16,40,186,163,23
"2011","E00012387","E00012387","Total",160,68,21,47,92,85,7
"2011","E00012409","E00012409","Total",189,53,22,31,136,122,14
"2011","E00012413","E00012413","Total",162,46,20,26,116,94,22
"2011","E00012417","E00012417","Total",153,58,23,35,95,80,15
"2011","E00012384","E00012384","Total",127,45,12,33,82,71,11
"2011","E00012385","E00012385","Total",134,39,13,26,95,84,11
"2011","E00012412","E00012412","Total",129,46,17,29,83,78,5
"2011","E00012418","E00012418","Total",189,48,13,35,141,131,10
"2011","E00012419","E00012419","Total",148,42,8,34,106,93,13
"2011","E00012422","E00012422","Total",190,31,12,19,159,137,22
"2011","E00012424","E00012424","Total",108,28,1,27,80,66,14
"2011","E00012434","E00012434","Total",132,25,9,16,107,96,11
"2011","E00012448","E00012448","Total",179,52,17,35,127,107,20
"2011","E00012451","E00012451","Total",163,43,17,26,120,98,22
"2011","E00012452","E00012452","Total",173,47,14,33,126,100,26
"2011","E00012427","E00012427","Total",131,33,9,24,98,84,14
"2011","E00012429","E00012429","Total",133,43,19,24,90,82,8
"2011","E00012432","E00012432","Total",171,43,19,24,128,106,22
"2011","E00012433","E00012433","Total",131,39,13,26,92,81,11
"2011","E00012435","E00012435","Total",167,44,8,36,123,98,25
"2011","E00012437","E00012437","Total",179,54,19,35,125,100,25
"2011","E00012421","E00012421","Total",172,47,18,29,125,104,21
"2011","E00012426","E00012426","Total",152,34,11,23,118,106,12
"2011","E00012446","E00012446","Total",186,58,20,38,128,111,17
"2011","E00012453","E00012453","Total",203,53,18,35,150,123,27
"2011","E00012436","E00012436","Total",210,47,18,29,163,142,21
"2011","E00012438","E00012438","Total",172,52,14,38,120,95,25
"2011","E00012439","E00012439","Total",164,34,9,25,130,109,21
"2011","E00012440","E00012440","Total",199,43,22,21,156,133,23
"2011","E00012441","E00012441","Total",119,20,8,12,99,87,12
"2011","E00012443","E00012443","Total",176,48,14,34,128,109,19
"2011","E00012444","E00012444","Total",162,37,12,25,125,104,21
"2011","E00012445","E00012445","Total",178,43,13,30,135,116,19
"2011","E00012447","E00012447","Total",155,43,13,30,112,97,15
"2011","E00165802","E00165802","Total",168,43,17,26,125,109,16
"2011","E00012783","E00012783","Total",187,34,15,19,153,96,57
"2011","E00012784","E00012784","Total",178,32,13,19,146,94,52
"2011","E00012785","E00012785","Total",163,25,10,15,138,97,41
"2011","E00012788","E00012788","Total",150,33,15,18,117,85,32
"2011","E00012814","E00012814","Total",187,34,15,19,153,91,62
"2011","E00012816","E00012816","Total",186,25,7,18,161,99,62
"2011","E00012808","E00012808","Total",164,32,12,20,132,90,42
"2011","E00012809","E00012809","Total",208,34,18,16,174,118,56
"2011","E00012811","E00012811","Total",283,44,15,29,239,176,63
"2011","E00012813","E00012813","Total",179,28,8,20,151,110,41
"2011","E00012817","E00012817","Total",187,38,14,24,149,106,43
"2011","E00012797","E00012797","Total",176,40,14,26,136,80,56
"2011","E00012798","E00012798","Total",165,44,21,23,121,69,52
"2011","E00012801","E00012801","Total",172,36,12,24,136,85,51
"2011","E00012803","E00012803","Total",186,42,13,29,144,101,43
"2011","E00012806","E00012806","Total",177,26,11,15,151,110,41
"2011","E00012799","E00012799","Total",152,47,17,30,105,63,42
"2011","E00012800","E00012800","Total",216,48,23,25,168,113,55
"2011","E00012802","E00012802","Total",182,42,19,23,140,94,46
"2011","E00012804","E00012804","Total",203,30,12,18,173,121,52
"2011","E00012805","E00012805","Total",128,21,10,11,107,77,30
"2011","E00012807","E00012807","Total",190,27,10,17,163,121,42
"2011","E00012810","E00012810","Total",173,36,7,29,137,93,44
"2011","E00012812","E00012812","Total",221,44,11,33,177,115,62
"2011","E00012815","E00012815","Total",185,35,14,21,150,91,59
"2011","E00012818","E00012818","Total",173,32,14,18,141,103,38
"2011","E00012761","E00012761","Total",159,48,14,34,111,103,8
"2011","E00012774","E00012774","Total",204,48,15,33,156,125,31
"2011","E00012775","E00012775","Total",144,32,14,18,112,90,22
"2011","E00012780","E00012780","Total",146,39,11,28,107,89,18
"2011","E00012750","E00012750","Total",164,27,3,24,137,111,26
"2011","E00012753","E00012753","Total",171,44,19,25,127,112,15
"2011","E00012754","E00012754","Total",163,36,14,22,127,105,22
"2011","E00012776","E00012776","Total",135,40,13,27,95,80,15
"2011","E00012781","E00012781","Total",168,23,7,16,145,111,34
"2011","E00012782","E00012782","Total",93,26,10,16,67,54,13
"2011","E00012758","E00012758","Total",174,32,13,19,142,97,45
"2011","E00012762","E00012762","Total",110,41,10,31,69,62,7
"2011","E00012764","E00012764","Total",179,45,13,32,134,119,15
"2011","E00012765","E00012765","Total",117,41,12,29,76,63,13
"2011","E00168185","E00168185","Total",138,34,13,21,104,86,18
"2011","E00168194","E00168194","Total",139,26,7,19,113,89,24
"2011","E00168858","E00168858","Total",136,26,5,21,110,83,27
"2011","E00012747","E00012747","Total",199,43,12,31,156,138,18
"2011","E00012749","E00012749","Total",183,53,17,36,130,102,28
"2011","E00012768","E00012768","Total",86,28,10,18,58,49,9
"2011","E00012771","E00012771","Total",135,40,12,28,95,89,6
"2011","E00168184","E00168184","Total",246,30,5,25,216,163,53
"2011","E00168186","E00168186","Total",56,19,7,12,37,33,4
"2011","E00168193","E00168193","Total",87,22,5,17,65,58,7
"2011","E00168856","E00168856","Total",275,62,11,51,213,187,26
"2011","E00013327","E00013327","Total",130,30,7,23,100,78,22
"2011","E00168187","E00168187","Total",153,33,10,23,120,88,32
"2011","E00168188","E00168188","Total",157,26,7,19,131,95,36
"2011","E00168190","E00168190","Total",124,26,8,18,98,76,22
"2011","E00168877","E00168877","Total",187,28,7,21,159,109,50
"2011","E00013324","E00013324","Total",114,27,8,19,87,67,20
"2011","E00013333","E00013333","Total",138,28,9,19,110,90,20
"2011","E00013334","E00013334","Total",144,23,8,15,121,96,25
"2011","E00013335","E00013335","Total",69,20,8,12,49,38,11
"2011","E00168189","E00168189","Total",125,28,7,21,97,81,16
"2011","E00168191","E00168191","Total",63,14,4,10,49,38,11
"2011","E00013032","E00013032","Total",91,23,6,17,68,57,11
"2011","E00013033","E00013033","Total",157,51,19,32,106,93,13
"2011","E00013034","E00013034","Total",173,57,20,37,116,100,16
"2011","E00013035","E00013035","Total",195,51,20,31,144,124,20
"2011","E00013040","E00013040","Total",126,31,4,27,95,88,7
"2011","E00013074","E00013074","Total",186,61,23,38,125,102,23
"2011","E00013079","E00013079","Total",225,67,20,47,158,141,17
"2011","E00013081","E00013081","Total",242,76,28,48,166,145,21
"2011","E00013082","E00013082","Total",165,40,9,31,125,107,18
"2011","E00013055","E00013055","Total",208,67,22,45,141,117,24
"2011","E00013056","E00013056","Total",177,47,16,31,130,102,28
"2011","E00013080","E00013080","Total",195,37,13,24,158,140,18
"2011","E00013083","E00013083","Total",208,74,33,41,134,117,17
"2011","E00013057","E00013057","Total",103,32,5,27,71,60,11
"2011","E00013058","E00013058","Total",111,33,6,27,78,75,3
"2011","E00013059","E00013059","Total",215,44,14,30,171,147,24
"2011","E00013060","E00013060","Total",161,57,18,39,104,89,15
"2011","E00013084","E00013084","Total",109,38,11,27,71,64,7
"2011","E00013075","E00013075","Total",137,34,10,24,103,88,15
"2011","E00013076","E00013076","Total",210,51,19,32,159,145,14
"2011","E00013077","E00013077","Total",267,97,21,76,170,150,20
"2011","E00013078","E00013078","Total",141,34,13,21,107,94,13
"2011","E00013089","E00013089","Total",95,20,6,14,75,62,13
"2011","E00013090","E00013090","Total",172,57,22,35,115,95,20
"2011","E00013091","E00013091","Total",124,42,14,28,82,75,7
"2011","E00013101","E00013101","Total",136,49,13,36,87,74,13
"2011","E00013112","E00013112","Total",99,36,9,27,63,56,7
"2011","E00013096","E00013096","Total",138,48,13,35,90,76,14
"2011","E00013097","E00013097","Total",161,47,14,33,114,95,19
"2011","E00013098","E00013098","Total",152,38,14,24,114,101,13
"2011","E00013102","E00013102","Total",135,57,16,41,78,71,7
"2011","E00013109","E00013109","Total",168,44,18,26,124,110,14
"2011","E00013110","E00013110","Total",143,45,14,31,98,87,11
"2011","E00013111","E00013111","Total",262,77,33,44,185,173,12
"2011","E00013114","E00013114","Total",82,34,5,29,48,41,7
"2011","E00013086","E00013086","Total",143,46,10,36,97,75,22
"2011","E00013087","E00013087","Total",97,35,14,21,62,47,15
"2011","E00013092","E00013092","Total",160,43,14,29,117,102,15
"2011","E00013113","E00013113","Total",176,59,23,36,117,107,10
"2011","E00013115","E00013115","Total",132,49,14,35,83,75,8
"2011","E00012756","E00012756","Total",187,32,9,23,155,134,21
"2011","E00012759","E00012759","Total",170,50,13,37,120,94,26
"2011","E00012777","E00012777","Total",182,46,11,35,136,109,27
"2011","E00012778","E00012778","Total",184,41,16,25,143,114,29
"2011","E00012779","E00012779","Total",188,52,21,31,136,105,31
"2011","E00012755","E00012755","Total",160,28,7,21,132,114,18
"2011","E00012757","E00012757","Total",180,43,10,33,137,114,23
"2011","E00012763","E00012763","Total",127,32,12,20,95,80,15
"2011","E00012766","E00012766","Total",144,21,6,15,123,103,20
"2011","E00166023","E00166023","Total",264,26,4,22,238,202,36
"2011","E00166024","E00166024","Total",170,33,9,24,137,110,27
"2011","E00168192","E00168192","Total",291,190,107,83,101,85,16
"2011","E00168198","E00168198","Total",76,13,2,11,63,51,12
"2011","E00012746","E00012746","Total",157,34,9,25,123,101,22
"2011","E00012767","E00012767","Total",196,28,9,19,168,124,44
"2011","E00012769","E00012769","Total",201,33,7,26,168,125,43
"2011","E00012770","E00012770","Total",160,38,11,27,122,98,24
"2011","E00012772","E00012772","Total",198,51,19,32,147,114,33
"2011","E00012773","E00012773","Total",170,32,5,27,138,101,37
"2011","E00013321","E00013321","Total",218,45,17,28,173,123,50
"2011","E00013322","E00013322","Total",152,42,11,31,110,94,16
"2011","E00013323","E00013323","Total",174,51,10,41,123,106,17
"2011","E00013332","E00013332","Total",148,30,11,19,118,94,24
"2011","E00166039","E00166039","Total",169,24,9,15,145,108,37
"2011","E00168195","E00168195","Total",159,15,5,10,144,102,42
"2011","E00168878","E00168878","Total",169,21,8,13,148,103,45
"2011","E00168880","E00168880","Total",146,37,8,29,109,87,22
"2011","E00013314","E00013314","Total",198,51,12,39,147,126,21
"2011","E00013328","E00013328","Total",164,52,16,36,112,101,11
"2011","E00013330","E00013330","Total",124,42,11,31,82,68,14
"2011","E00013331","E00013331","Total",179,60,18,42,119,111,8
"2011","E00013336","E00013336","Total",124,31,9,22,93,75,18
"2011","E00012786","E00012786","Total",129,31,13,18,98,50,48
"2011","E00012787","E00012787","Total",134,35,13,22,99,68,31
"2011","E00012789","E00012789","Total",183,45,16,29,138,100,38
"2011","E00012790","E00012790","Total",177,30,11,19,147,90,57
"2011","E00012791","E00012791","Total",148,33,11,22,115,75,40
"2011","E00012792","E00012792","Total",152,43,19,24,109,89,20
"2011","E00012793","E00012793","Total",146,40,11,29,106,90,16
"2011","E00012794","E00012794","Total",138,43,18,25,95,83,12
"2011","E00012795","E00012795","Total",144,33,19,14,111,93,18
"2011","E00012796","E00012796","Total",165,43,14,29,122,97,25
"2011","E00012823","E00012823","Total",193,44,16,28,149,99,50
"2011","E00012831","E00012831","Total",177,34,17,17,143,105,38
"2011","E00012836","E00012836","Total",162,52,16,36,110,71,39
"2011","E00012837","E00012837","Total",222,31,12,19,191,131,60
"2011","E00012838","E00012838","Total",193,48,19,29,145,100,45
"2011","E00012820","E00012820","Total",111,29,10,19,82,59,23
"2011","E00012842","E00012842","Total",160,36,11,25,124,80,44
"2011","E00012844","E00012844","Total",178,47,16,31,131,82,49
"2011","E00012847","E00012847","Total",150,30,8,22,120,59,61
"2011","E00012850","E00012850","Total",171,38,10,28,133,86,47
"2011","E00013354","E00013354","Total",150,31,11,20,119,81,38
"2011","E00013359","E00013359","Total",110,19,11,8,91,59,32
"2011","E00013366","E00013366","Total",163,34,14,20,129,83,46
"2011","E00013367","E00013367","Total",121,28,12,16,93,64,29
"2011","E00013372","E00013372","Total",144,30,4,26,114,65,49
"2011","E00013373","E00013373","Total",115,31,11,20,84,73,11
"2011","E00013362","E00013362","Total",168,51,23,28,117,75,42
"2011","E00013365","E00013365","Total",104,18,9,9,86,71,15
"2011","E00013368","E00013368","Total",185,47,20,27,138,64,74
"2011","E00013369","E00013369","Total",182,23,9,14,159,112,47
"2011","E00013370","E00013370","Total",125,22,8,14,103,72,31
"2011","E00012826","E00012826","Total",160,45,21,24,115,82,33
"2011","E00012839","E00012839","Total",167,33,15,18,134,94,40
"2011","E00012840","E00012840","Total",108,34,15,19,74,64,10
"2011","E00012841","E00012841","Total",164,42,16,26,122,72,50
"2011","E00012843","E00012843","Total",108,30,7,23,78,65,13
"2011","E00012846","E00012846","Total",155,34,9,25,121,80,41
"2011","E00012821","E00012821","Total",101,28,7,21,73,47,26
"2011","E00012822","E00012822","Total",210,49,21,28,161,115,46
"2011","E00012849","E00012849","Total",172,36,10,26,136,86,50
"2011","E00012851","E00012851","Total",147,30,9,21,117,81,36
"2011","E00012852","E00012852","Total",151,41,17,24,110,63,47
"2011","E00012853","E00012853","Total",162,34,13,21,128,90,38
"2011","E00012824","E00012824","Total",123,22,8,14,101,81,20
"2011","E00012825","E00012825","Total",157,31,6,25,126,82,44
"2011","E00012854","E00012854","Total",97,22,7,15,75,64,11
"2011","E00012855","E00012855","Total",217,32,5,27,185,124,61
"2011","E00012856","E00012856","Total",180,31,12,19,149,124,25
"2011","E00012827","E00012827","Total",214,24,7,17,190,152,38
"2011","E00012828","E00012828","Total",197,43,19,24,154,99,55
"2011","E00012829","E00012829","Total",152,28,11,17,124,89,35
"2011","E00012830","E00012830","Total",222,31,6,25,191,159,32
"2011","E00012834","E00012834","Total",205,49,15,34,156,110,46
"2011","E00012857","E00012857","Total",189,47,11,36,142,97,45
"2011","E00012819","E00012819","Total",111,23,10,13,88,59,29
"2011","E00012832","E00012832","Total",187,41,13,28,146,91,55
"2011","E00012833","E00012833","Total",141,27,12,15,114,76,38
"2011","E00012835","E00012835","Total",191,41,18,23,150,101,49
"2011","E00012845","E00012845","Total",165,40,13,27,125,85,40
"2011","E00012848","E00012848","Total",153,32,15,17,121,84,37
"2011","E00013279","E00013279","Total",207,48,17,31,159,129,30
"2011","E00013288","E00013288","Total",196,66,22,44,130,106,24
"2011","E00013296","E00013296","Total",186,48,16,32,138,118,20
"2011","E00166021","E00166021","Total",510,93,33,60,417,345,72
"2011","E00166026","E00166026","Total",216,61,27,34,155,121,34
"2011","E00013303","E00013303","Total",268,61,24,37,207,159,48
"2011","E00013304","E00013304","Total",203,57,23,34,146,121,25
"2011","E00013305","E00013305","Total",210,52,15,37,158,127,31
"2011","E00013306","E00013306","Total",201,61,25,36,140,116,24
"2011","E00013307","E00013307","Total",179,46,8,38,133,103,30
"2011","E00013278","E00013278","Total",242,68,19,49,174,154,20
"2011","E00013281","E00013281","Total",163,34,12,22,129,106,23
"2011","E00013283","E00013283","Total",208,52,12,40,156,129,27
"2011","E00013287","E00013287","Total",177,44,18,26,133,106,27
"2011","E00013308","E00013308","Total",199,44,13,31,155,130,25
"2011","E00013285","E00013285","Total",194,54,20,34,140,113,27
"2011","E00013286","E00013286","Total",210,51,16,35,159,122,37
"2011","E00013292","E00013292","Total",182,52,18,34,130,102,28
"2011","E00013293","E00013293","Total",203,41,8,33,162,141,21
"2011","E00013297","E00013297","Total",245,72,23,49,173,120,53
"2011","E00013036","E00013036","Total",178,46,17,29,132,103,29
"2011","E00013038","E00013038","Total",101,28,11,17,73,66,7
"2011","E00013039","E00013039","Total",202,56,15,41,146,129,17
"2011","E00013043","E00013043","Total",183,56,20,36,127,113,14
"2011","E00013047","E00013047","Total",231,67,26,41,164,144,20
"2011","E00013024","E00013024","Total",217,64,20,44,153,136,17
"2011","E00013026","E00013026","Total",259,57,16,41,202,178,24
"2011","E00013044","E00013044","Total",252,71,30,41,181,159,22
"2011","E00013051","E00013051","Total",160,53,13,40,107,95,12
"2011","E00013088","E00013088","Total",247,77,28,49,170,144,26
"2011","E00013093","E00013093","Total",197,51,20,31,146,122,24
"2011","E00013094","E00013094","Total",244,56,22,34,188,166,22
"2011","E00013095","E00013095","Total",210,53,20,33,157,139,18
"2011","E00013099","E00013099","Total",195,65,23,42,130,116,14
"2011","E00013106","E00013106","Total",166,41,12,29,125,112,13
"2011","E00013107","E00013107","Total",238,51,14,37,187,178,9
"2011","E00013108","E00013108","Total",239,72,24,48,167,150,17
"2011","E00013085","E00013085","Total",183,42,13,29,141,123,18
"2011","E00013100","E00013100","Total",193,46,14,32,147,130,17
"2011","E00013103","E00013103","Total",194,53,19,34,141,120,21
"2011","E00013104","E00013104","Total",188,61,22,39,127,115,12
"2011","E00013105","E00013105","Total",183,44,13,31,139,122,17
"2011","E00013037","E00013037","Total",176,44,18,26,132,105,27
"2011","E00013041","E00013041","Total",212,68,18,50,144,125,19
"2011","E00013042","E00013042","Total",245,69,27,42,176,153,23
"2011","E00013048","E00013048","Total",197,48,17,31,149,129,20
"2011","E00013025","E00013025","Total",231,65,23,42,166,147,19
"2011","E00013028","E00013028","Total",208,56,13,43,152,131,21
"2011","E00013045","E00013045","Total",244,50,19,31,194,175,19
"2011","E00013052","E00013052","Total",175,43,14,29,132,113,19
"2011","E00013027","E00013027","Total",159,45,11,34,114,106,8
"2011","E00013046","E00013046","Total",119,51,18,33,68,57,11
"2011","E00013049","E00013049","Total",252,77,20,57,175,151,24
"2011","E00013050","E00013050","Total",204,52,23,29,152,126,26
"2011","E00013061","E00013061","Total",246,70,20,50,176,150,26
"2011","E00013062","E00013062","Total",239,67,31,36,172,145,27
"2011","E00013064","E00013064","Total",136,30,11,19,106,91,15
"2011","E00013065","E00013065","Total",201,66,23,43,135,120,15
"2011","E00013068","E00013068","Total",156,49,15,34,107,85,22
"2011","E00013054","E00013054","Total",150,30,9,21,120,104,16
"2011","E00013063","E00013063","Total",213,47,24,23,166,135,31
"2011","E00013066","E00013066","Total",171,42,12,30,129,114,15
"2011","E00013071","E00013071","Total",277,71,26,45,206,182,24
"2011","E00013073","E00013073","Total",150,42,8,34,108,97,11
"2011","E00013067","E00013067","Total",235,61,14,47,174,150,24
"2011","E00013069","E00013069","Total",168,47,17,30,121,100,21
"2011","E00013070","E00013070","Total",259,86,21,65,173,149,24
"2011","E00013072","E00013072","Total",199,37,13,24,162,136,26
"2011","E00013118","E00013118","Total",243,88,23,65,155,140,15
"2011","E00013119","E00013119","Total",239,72,19,53,167,147,20
"2011","E00013121","E00013121","Total",193,42,17,25,151,126,25
"2011","E00013123","E00013123","Total",255,70,21,49,185,166,19
"2011","E00013120","E00013120","Total",225,59,18,41,166,151,15
"2011","E00013127","E00013127","Total",273,74,27,47,199,174,25
"2011","E00013131","E00013131","Total",262,92,32,60,170,142,28
"2011","E00013133","E00013133","Total",213,73,26,47,140,125,15
"2011","E00013282","E00013282","Total",176,47,19,28,129,103,26
"2011","E00013290","E00013290","Total",164,36,13,23,128,113,15
"2011","E00013294","E00013294","Total",134,26,14,12,108,88,20
"2011","E00013295","E00013295","Total",200,48,15,33,152,129,23
"2011","E00013298","E00013298","Total",242,59,24,35,183,156,27
"2011","E00013284","E00013284","Total",208,61,24,37,147,129,18
"2011","E00013289","E00013289","Total",228,37,7,30,191,157,34
"2011","E00013309","E00013309","Total",201,52,20,32,149,121,28
"2011","E00013310","E00013310","Total",228,40,14,26,188,156,32
"2011","E00012880","E00012880","Total",188,32,11,21,156,134,22
"2011","E00012881","E00012881","Total",231,63,28,35,168,146,22
"2011","E00012883","E00012883","Total",157,61,21,40,96,83,13
"2011","E00012888","E00012888","Total",237,63,18,45,174,145,29
"2011","E00012879","E00012879","Total",178,55,17,38,123,105,18
"2011","E00012884","E00012884","Total",185,63,18,45,122,103,19
"2011","E00012885","E00012885","Total",210,63,19,44,147,131,16
"2011","E00012886","E00012886","Total",239,62,25,37,177,163,14
"2011","E00012865","E00012865","Total",157,48,17,31,109,90,19
"2011","E00012868","E00012868","Total",208,75,22,53,133,113,20
"2011","E00012882","E00012882","Total",205,52,14,38,153,131,22
"2011","E00012887","E00012887","Total",195,52,9,43,143,131,12
"2011","E00012858","E00012858","Total",208,34,11,23,174,154,20
"2011","E00012860","E00012860","Total",189,37,13,24,152,129,23
"2011","E00012862","E00012862","Total",209,44,14,30,165,145,20
"2011","E00012864","E00012864","Total",239,60,21,39,179,162,17
"2011","E00012869","E00012869","Total",179,54,18,36,125,109,16
"2011","E00012874","E00012874","Total",128,45,16,29,83,72,11
"2011","E00012876","E00012876","Total",179,47,16,31,132,120,12
"2011","E00012877","E00012877","Total",278,69,27,42,209,188,21
"2011","E00012878","E00012878","Total",102,30,11,19,72,50,22
"2011","E00013246","E00013246","Total",205,24,9,15,181,149,32
"2011","E00013264","E00013264","Total",162,26,1,25,136,109,27
"2011","E00013266","E00013266","Total",152,19,3,16,133,112,21
"2011","E00013267","E00013267","Total",218,28,9,19,190,155,35
"2011","E00013268","E00013268","Total",104,29,11,18,75,61,14
"2011","E00013276","E00013276","Total",282,53,17,36,229,194,35
"2011","E00013242","E00013242","Total",193,54,19,35,139,111,28
"2011","E00013269","E00013269","Total",169,37,13,24,132,112,20
"2011","E00013270","E00013270","Total",205,51,21,30,154,131,23
"2011","E00013271","E00013271","Total",129,33,13,20,96,85,11
"2011","E00013273","E00013273","Total",152,44,16,28,108,99,9
"2011","E00013312","E00013312","Total",211,52,17,35,159,140,19
"2011","E00013316","E00013316","Total",152,51,16,35,101,88,13
"2011","E00013342","E00013342","Total",106,30,9,21,76,65,11
"2011","E00013343","E00013343","Total",199,48,16,32,151,124,27
"2011","E00168196","E00168196","Total",179,43,15,28,136,112,24
"2011","E00168197","E00168197","Total",200,24,10,14,176,149,27
"2011","E00013311","E00013311","Total",182,40,17,23,142,112,30
"2011","E00013337","E00013337","Total",177,58,19,39,119,101,18
"2011","E00013338","E00013338","Total",195,33,8,25,162,132,30
"2011","E00013341","E00013341","Total",164,42,14,28,122,106,16
"2011","E00166027","E00166027","Total",434,50,19,31,384,326,58
"2011","E00168881","E00168881","Total",83,25,12,13,58,47,11
"2011","E00013313","E00013313","Total",194,43,12,31,151,120,31
"2011","E00013315","E00013315","Total",173,34,13,21,139,104,35
"2011","E00013317","E00013317","Total",137,30,7,23,107,86,21
"2011","E00013318","E00013318","Total",152,37,14,23,115,95,20
"2011","E00013320","E00013320","Total",185,33,10,23,152,117,35
"2011","E00168867","E00168867","Total",184,24,12,12,160,131,29
"2011","E00168869","E00168869","Total",163,25,6,19,138,116,22
"2011","E00168883","E00168883","Total",218,45,11,34,173,134,39
"2011","E00013128","E00013128","Total",152,42,13,29,110,89,21
"2011","E00013130","E00013130","Total",269,59,15,44,210,191,19
"2011","E00013135","E00013135","Total",196,72,18,54,124,116,8
"2011","E00013137","E00013137","Total",268,88,24,64,180,154,26
"2011","E00013141","E00013141","Total",141,41,14,27,100,91,9
"2011","E00013122","E00013122","Total",121,32,9,23,89,66,23
"2011","E00013125","E00013125","Total",240,65,22,43,175,139,36
"2011","E00013132","E00013132","Total",270,77,28,49,193,162,31
"2011","E00013142","E00013142","Total",113,46,13,33,67,61,6
"2011","E00168859","E00168859","Total",73,24,11,13,49,40,9
"2011","E00168864","E00168864","Total",224,37,8,29,187,165,22
"2011","E00168895","E00168895","Total",41,12,4,8,29,26,3
"2011","E00013116","E00013116","Total",204,50,17,33,154,138,16
"2011","E00013140","E00013140","Total",190,49,18,31,141,119,22
"2011","E00013144","E00013144","Total",188,64,23,41,124,101,23
"2011","E00013146","E00013146","Total",100,43,13,30,57,52,5
"2011","E00013147","E00013147","Total",217,55,19,36,162,148,14
"2011","E00013148","E00013148","Total",136,42,12,30,94,80,14
"2011","E00013208","E00013208","Total",209,47,11,36,162,129,33
"2011","E00013209","E00013209","Total",179,49,25,24,130,105,25
"2011","E00013210","E00013210","Total",173,39,16,23,134,104,30
"2011","E00013212","E00013212","Total",164,34,7,27,130,96,34
"2011","E00013280","E00013280","Total",154,36,8,28,118,94,24
"2011","E00013299","E00013299","Total",179,42,12,30,137,114,23
"2011","E00013300","E00013300","Total",152,41,16,25,111,85,26
"2011","E00013301","E00013301","Total",194,52,19,33,142,115,27
"2011","E00013302","E00013302","Total",186,47,17,30,139,115,24
"2011","E00012861","E00012861","Total",158,54,14,40,104,90,14
"2011","E00012863","E00012863","Total",177,39,11,28,138,126,12
"2011","E00012866","E00012866","Total",171,58,24,34,113,99,14
"2011","E00012867","E00012867","Total",178,50,18,32,128,115,13
"2011","E00012872","E00012872","Total",201,54,25,29,147,135,12
"2011","E00012859","E00012859","Total",149,57,14,43,92,80,12
"2011","E00012870","E00012870","Total",110,37,8,29,73,58,15
"2011","E00012871","E00012871","Total",127,42,13,29,85,79,6
"2011","E00012873","E00012873","Total",131,35,9,26,96,82,14
"2011","E00012875","E00012875","Total",124,41,12,29,83,68,15
"2011","E00013215","E00013215","Total",239,52,18,34,187,156,31
"2011","E00013223","E00013223","Total",194,54,14,40,140,127,13
"2011","E00013234","E00013234","Total",239,70,33,37,169,141,28
"2011","E00013238","E00013238","Total",238,52,27,25,186,163,23
"2011","E00013220","E00013220","Total",255,62,25,37,193,170,23
"2011","E00013231","E00013231","Total",267,78,25,53,189,160,29
"2011","E00013232","E00013232","Total",193,41,19,22,152,130,22
"2011","E00013237","E00013237","Total",235,59,26,33,176,156,20
"2011","E00013214","E00013214","Total",154,48,15,33,106,96,10
"2011","E00013225","E00013225","Total",199,50,16,34,149,131,18
"2011","E00013226","E00013226","Total",293,82,26,56,211,190,21
"2011","E00013227","E00013227","Total",104,35,15,20,69,64,5
"2011","E00013029","E00013029","Total",219,61,19,42,158,139,19
"2011","E00013030","E00013030","Total",161,32,12,20,129,113,16
"2011","E00013031","E00013031","Total",179,48,16,32,131,115,16
"2011","E00013053","E00013053","Total",186,52,23,29,134,118,16
"2011","E00013164","E00013164","Total",146,40,15,25,106,98,8
"2011","E00013170","E00013170","Total",119,39,16,23,80,77,3
"2011","E00013172","E00013172","Total",182,45,12,33,137,116,21
"2011","E00013174","E00013174","Total",96,35,11,24,61,55,6
"2011","E00013176","E00013176","Total",280,72,30,42,208,191,17
"2011","E00013233","E00013233","Total",184,41,16,25,143,123,20
"2011","E00013235","E00013235","Total",283,78,20,58,205,181,24
"2011","E00013236","E00013236","Total",274,67,21,46,207,184,23
"2011","E00166036","E00166036","Total",195,50,21,29,145,130,15
"2011","E00166037","E00166037","Total",116,34,6,28,82,74,8
"2011","E00168861","E00168861","Total",76,17,7,10,59,52,7
"2011","E00013217","E00013217","Total",205,57,17,40,148,134,14
"2011","E00013221","E00013221","Total",105,39,10,29,66,58,8
"2011","E00013222","E00013222","Total",260,73,24,49,187,157,30
"2011","E00013239","E00013239","Total",141,49,13,36,92,83,9
"2011","E00013241","E00013241","Total",246,55,11,44,191,183,8
"2011","E00013216","E00013216","Total",229,64,23,41,165,145,20
"2011","E00013218","E00013218","Total",254,77,18,59,177,152,25
"2011","E00013219","E00013219","Total",208,57,15,42,151,137,14
"2011","E00013228","E00013228","Total",205,49,17,32,156,135,21
"2011","E00013124","E00013124","Total",229,55,17,38,174,139,35
"2011","E00013126","E00013126","Total",113,30,7,23,83,71,12
"2011","E00013129","E00013129","Total",212,69,28,41,143,112,31
"2011","E00013134","E00013134","Total",148,54,22,32,94,78,16
"2011","E00013136","E00013136","Total",275,64,16,48,211,180,31
"2011","E00013151","E00013151","Total",224,70,33,37,154,133,21
"2011","E00013171","E00013171","Total",291,73,29,44,218,190,28
"2011","E00013179","E00013179","Total",209,63,20,43,146,131,15
"2011","E00013181","E00013181","Total",245,85,23,62,160,139,21
"2011","E00168850","E00168850","Total",204,63,25,38,141,115,26
"2011","E00168852","E00168852","Total",182,56,20,36,126,109,17
"2011","E00013159","E00013159","Total",235,69,26,43,166,139,27
"2011","E00013168","E00013168","Total",216,63,29,34,153,126,27
"2011","E00013175","E00013175","Total",244,86,33,53,158,147,11
"2011","E00013178","E00013178","Total",194,49,20,29,145,126,19
"2011","E00013182","E00013182","Total",117,37,15,22,80,73,7
"2011","E00013197","E00013197","Total",210,61,22,39,149,128,21
"2011","E00013200","E00013200","Total",180,53,16,37,127,113,14
"2011","E00013202","E00013202","Total",197,52,20,32,145,115,30
"2011","E00013203","E00013203","Total",194,49,21,28,145,123,22
"2011","E00013206","E00013206","Total",189,56,18,38,133,110,23
"2011","E00013138","E00013138","Total",225,61,24,37,164,152,12
"2011","E00168872","E00168872","Total",290,60,19,41,230,210,20
"2011","E00168875","E00168875","Total",472,69,26,43,403,369,34
"2011","E00013117","E00013117","Total",240,68,16,52,172,149,23
"2011","E00013145","E00013145","Total",272,95,33,62,177,147,30
"2011","E00013149","E00013149","Total",159,41,20,21,118,95,23
"2011","E00168886","E00168886","Total",233,72,20,52,161,140,21
"2011","E00013188","E00013188","Total",197,48,22,26,149,131,18
"2011","E00013189","E00013189","Total",232,57,29,28,175,150,25
"2011","E00013191","E00013191","Total",243,69,23,46,174,144,30
"2011","E00013192","E00013192","Total",216,45,15,30,171,148,23
"2011","E00013183","E00013183","Total",176,43,10,33,133,122,11
"2011","E00013190","E00013190","Total",256,62,21,41,194,168,26
"2011","E00013194","E00013194","Total",163,47,25,22,116,94,22
"2011","E00013199","E00013199","Total",198,50,20,30,148,119,29
"2011","E00013201","E00013201","Total",174,41,12,29,133,112,21
"2011","E00013184","E00013184","Total",181,46,20,26,135,122,13
"2011","E00013193","E00013193","Total",196,41,17,24,155,130,25
"2011","E00013195","E00013195","Total",163,44,16,28,119,98,21
"2011","E00013196","E00013196","Total",208,51,17,34,157,133,24
"2011","E00013198","E00013198","Total",231,74,19,55,157,138,19
"2011","E00013185","E00013185","Total",160,38,18,20,122,100,22
"2011","E00013204","E00013204","Total",145,36,12,24,109,95,14
"2011","E00013205","E00013205","Total",147,38,14,24,109,92,17
"2011","E00013207","E00013207","Total",220,62,18,44,158,135,23
"2011","E00013186","E00013186","Total",201,55,17,38,146,128,18
"2011","E00013187","E00013187","Total",191,46,19,27,145,115,30
"2011","E00013211","E00013211","Total",121,30,9,21,91,75,16
"2011","E00013213","E00013213","Total",172,42,8,34,130,112,18
"2011","E00013263","E00013263","Total",213,51,15,36,162,123,39
"2011","E00013265","E00013265","Total",118,35,9,26,83,73,10
"2011","E00013272","E00013272","Total",130,37,12,25,93,76,17
"2011","E00013274","E00013274","Total",213,36,11,25,177,135,42
"2011","E00013275","E00013275","Total",138,22,11,11,116,84,32
"2011","E00013243","E00013243","Total",142,23,9,14,119,98,21
"2011","E00013244","E00013244","Total",174,55,26,29,119,93,26
"2011","E00013248","E00013248","Total",165,34,16,18,131,107,24
"2011","E00013251","E00013251","Total",191,44,20,24,147,117,30
"2011","E00013277","E00013277","Total",253,67,13,54,186,149,37
"2011","E00013245","E00013245","Total",184,38,11,27,146,106,40
"2011","E00013247","E00013247","Total",185,44,16,28,141,111,30
"2011","E00013249","E00013249","Total",168,49,18,31,119,93,26
"2011","E00013250","E00013250","Total",163,35,10,25,128,103,25
"2011","E00013252","E00013252","Total",147,42,12,30,105,89,16
"2011","E00013254","E00013254","Total",183,33,12,21,150,112,38
"2011","E00013256","E00013256","Total",140,57,19,38,83,67,16
"2011","E00013260","E00013260","Total",88,30,7,23,58,48,10
"2011","E00013261","E00013261","Total",180,20,1,19,160,119,41
"2011","E00013262","E00013262","Total",205,70,21,49,135,116,19
"2011","E00013253","E00013253","Total",133,55,24,31,78,63,15
"2011","E00013255","E00013255","Total",152,60,21,39,92,84,8
"2011","E00013257","E00013257","Total",94,34,9,25,60,50,10
"2011","E00013258","E00013258","Total",71,31,12,19,40,34,6
"2011","E00013259","E00013259","Total",138,63,28,35,75,66,9
"2011","E00013150","E00013150","Total",170,49,12,37,121,108,13
"2011","E00013153","E00013153","Total",168,55,21,34,113,98,15
"2011","E00013155","E00013155","Total",134,46,17,29,88,74,14
"2011","E00013160","E00013160","Total",175,51,16,35,124,114,10
"2011","E00013161","E00013161","Total",173,49,18,31,124,101,23
"2011","E00013177","E00013177","Total",133,31,10,21,102,87,15
"2011","E00013152","E00013152","Total",223,56,25,31,167,145,22
"2011","E00013162","E00013162","Total",176,50,14,36,126,104,22
"2011","E00013180","E00013180","Total",236,77,24,53,159,136,23
"2011","E00168199","E00168199","Total",186,47,18,29,139,118,21
"2011","E00168853","E00168853","Total",149,44,21,23,105,92,13
"2011","E00168855","E00168855","Total",117,41,11,30,76,69,7
"2011","E00013154","E00013154","Total",253,79,37,42,174,159,15
"2011","E00013157","E00013157","Total",199,58,15,43,141,125,16
"2011","E00013158","E00013158","Total",201,70,36,34,131,116,15
"2011","E00013163","E00013163","Total",248,81,21,60,167,148,19
"2011","E00013156","E00013156","Total",202,61,14,47,141,123,18
"2011","E00013166","E00013166","Total",215,54,17,37,161,143,18
"2011","E00013167","E00013167","Total",226,70,27,43,156,139,17
"2011","E00013169","E00013169","Total",216,58,18,40,158,134,24
"2011","E00013224","E00013224","Total",214,68,21,47,146,135,11
"2011","E00013229","E00013229","Total",369,161,64,97,208,192,16
"2011","E00013230","E00013230","Total",225,48,19,29,177,153,24
"2011","E00012726","E00012726","Total",173,40,15,25,133,115,18
"2011","E00012727","E00012727","Total",217,51,20,31,166,147,19
"2011","E00012728","E00012728","Total",206,43,14,29,163,139,24
"2011","E00012729","E00012729","Total",235,55,15,40,180,149,31
"2011","E00012731","E00012731","Total",188,38,13,25,150,128,22
"2011","E00012713","E00012713","Total",145,41,9,32,104,92,12
"2011","E00012714","E00012714","Total",237,64,25,39,173,149,24
"2011","E00012715","E00012715","Total",181,39,13,26,142,127,15
"2011","E00012730","E00012730","Total",123,27,5,22,96,84,12
"2011","E00012734","E00012734","Total",129,45,12,33,84,75,9
"2011","E00012889","E00012889","Total",177,50,21,29,127,104,23
"2011","E00012898","E00012898","Total",199,41,14,27,158,144,14
"2011","E00012900","E00012900","Total",162,45,15,30,117,93,24
"2011","E00012901","E00012901","Total",179,45,15,30,134,112,22
"2011","E00012919","E00012919","Total",206,36,12,24,170,152,18
"2011","E00012891","E00012891","Total",221,51,16,35,170,140,30
"2011","E00012903","E00012903","Total",130,31,12,19,99,85,14
"2011","E00012904","E00012904","Total",131,28,8,20,103,86,17
"2011","E00012906","E00012906","Total",190,42,14,28,148,135,13
"2011","E00012909","E00012909","Total",114,27,11,16,87,79,8
"2011","E00012912","E00012912","Total",151,40,15,25,111,94,17
"2011","E00012892","E00012892","Total",179,45,22,23,134,112,22
"2011","E00012910","E00012910","Total",253,63,22,41,190,167,23
"2011","E00012911","E00012911","Total",127,36,15,21,91,86,5
"2011","E00012914","E00012914","Total",153,37,14,23,116,102,14
"2011","E00012916","E00012916","Total",231,72,36,36,159,143,16
"2011","E00012732","E00012732","Total",245,60,23,37,185,149,36
"2011","E00012736","E00012736","Total",178,37,7,30,141,116,25
"2011","E00012739","E00012739","Total",207,59,22,37,148,117,31
"2011","E00012744","E00012744","Total",92,28,13,15,64,55,9
"2011","E00012745","E00012745","Total",182,53,22,31,129,112,17
"2011","E00012733","E00012733","Total",155,34,10,24,121,103,18
"2011","E00012735","E00012735","Total",180,42,7,35,138,111,27
"2011","E00012738","E00012738","Total",148,37,12,25,111,97,14
"2011","E00012740","E00012740","Total",100,25,9,16,75,56,19
"2011","E00168873","E00168873","Total",174,35,12,23,139,119,20
"2011","E00168894","E00168894","Total",142,48,15,33,94,81,13
"2011","E00012720","E00012720","Total",169,63,19,44,106,91,15
"2011","E00012721","E00012721","Total",219,61,23,38,158,125,33
"2011","E00012742","E00012742","Total",222,50,11,39,172,140,32
"2011","E00166034","E00166034","Total",157,29,14,15,128,103,25
"2011","E00168182","E00168182","Total",154,46,10,36,108,95,13
"2011","E00168863","E00168863","Total",244,48,15,33,196,173,23
"2011","E00012716","E00012716","Total",158,41,23,18,117,94,23
"2011","E00012719","E00012719","Total",111,25,4,21,86,76,10
"2011","E00012722","E00012722","Total",202,56,19,37,146,121,25
"2011","E00012741","E00012741","Total",185,48,11,37,137,127,10
"2011","E00012743","E00012743","Total",129,22,11,11,107,85,22
"2011","E00012717","E00012717","Total",160,36,10,26,124,108,16
"2011","E00012723","E00012723","Total",120,45,14,31,75,58,17
"2011","E00012724","E00012724","Total",181,39,13,26,142,122,20
"2011","E00012725","E00012725","Total",176,48,14,34,128,115,13
"2011","E00012890","E00012890","Total",173,53,24,29,120,98,22
"2011","E00012894","E00012894","Total",169,39,16,23,130,104,26
"2011","E00012896","E00012896","Total",149,26,9,17,123,102,21
"2011","E00012897","E00012897","Total",189,36,13,23,153,126,27
"2011","E00012918","E00012918","Total",174,31,10,21,143,120,23
"2011","E00012899","E00012899","Total",198,46,17,29,152,140,12
"2011","E00012902","E00012902","Total",220,53,19,34,167,146,21
"2011","E00012908","E00012908","Total",202,48,16,32,154,138,16
"2011","E00012913","E00012913","Total",189,39,9,30,150,130,20
"2011","E00012915","E00012915","Total",229,53,14,39,176,144,32
"2011","E00012893","E00012893","Total",173,41,14,27,132,110,22
"2011","E00012895","E00012895","Total",151,31,10,21,120,94,26
"2011","E00012905","E00012905","Total",209,60,19,41,149,127,22
"2011","E00012907","E00012907","Total",184,42,16,26,142,123,19
"2011","E00012917","E00012917","Total",207,71,29,42,136,117,19
"2011","E00013007","E00013007","Total",178,41,13,28,137,117,20
"2011","E00013009","E00013009","Total",204,60,22,38,144,118,26
"2011","E00013010","E00013010","Total",167,47,18,29,120,101,19
"2011","E00013013","E00013013","Total",145,45,11,34,100,82,18
"2011","E00013015","E00013015","Total",208,51,17,34,157,133,24
"2011","E00013008","E00013008","Total",163,48,16,32,115,97,18
"2011","E00013011","E00013011","Total",65,23,2,21,42,39,3
"2011","E00013012","E00013012","Total",231,56,12,44,175,152,23
"2011","E00013014","E00013014","Total",193,46,15,31,147,121,26
"2011","E00013017","E00013017","Total",142,27,9,18,115,104,11
"2011","E00012990","E00012990","Total",209,64,16,48,145,124,21
"2011","E00013016","E00013016","Total",174,51,21,30,123,105,18
"2011","E00013019","E00013019","Total",165,57,16,41,108,94,14
"2011","E00013020","E00013020","Total",142,38,10,28,104,89,15
"2011","E00013022","E00013022","Total",194,40,10,30,154,135,19
"2011","E00012939","E00012939","Total",252,74,24,50,178,149,29
"2011","E00012943","E00012943","Total",176,42,11,31,134,113,21
"2011","E00012949","E00012949","Total",53,11,5,6,42,37,5
"2011","E00012953","E00012953","Total",179,46,25,21,133,118,15
"2011","E00012954","E00012954","Total",211,50,19,31,161,137,24
"2011","E00012934","E00012934","Total",101,24,7,17,77,70,7
"2011","E00012936","E00012936","Total",143,39,13,26,104,89,15
"2011","E00012940","E00012940","Total",175,51,19,32,124,108,16
"2011","E00012942","E00012942","Total",160,35,12,23,125,107,18
"2011","E00012945","E00012945","Total",164,35,11,24,129,112,17
"2011","E00012946","E00012946","Total",188,48,13,35,140,122,18
"2011","E00012948","E00012948","Total",187,43,13,30,144,126,18
"2011","E00012951","E00012951","Total",163,42,12,30,121,103,18
"2011","E00012952","E00012952","Total",199,52,13,39,147,125,22
"2011","E00012929","E00012929","Total",174,33,10,23,141,128,13
"2011","E00012930","E00012930","Total",246,91,25,66,155,139,16
"2011","E00012931","E00012931","Total",171,46,10,36,125,103,22
"2011","E00166040","E00166040","Total",161,23,8,15,138,119,19
"2011","E00168889","E00168889","Total",212,38,12,26,174,154,20
"2011","E00012932","E00012932","Total",111,36,11,25,75,68,7
"2011","E00012933","E00012933","Total",120,32,13,19,88,77,11
"2011","E00166032","E00166032","Total",119,40,13,27,79,75,4
"2011","E00166042","E00166042","Total",164,27,12,15,137,129,8
"2011","E00168884","E00168884","Total",100,41,14,27,59,57,2
"2011","E00168892","E00168892","Total",126,44,16,28,82,72,10
"2011","E00166044","E00166044","Total",320,30,16,14,290,247,43
"2011","E00168183","E00168183","Total",127,15,5,10,112,105,7
"2011","E00168866","E00168866","Total",189,18,3,15,171,155,16
"2011","E00168870","E00168870","Total",96,32,10,22,64,59,5
"2011","E00168887","E00168887","Total",137,21,6,15,116,95,21
"2011","E00168891","E00168891","Total",112,10,4,6,102,91,11
"2011","E00012965","E00012965","Total",179,64,22,42,115,101,14
"2011","E00012966","E00012966","Total",137,52,19,33,85,76,9
"2011","E00012967","E00012967","Total",167,61,15,46,106,99,7
"2011","E00012971","E00012971","Total",158,54,17,37,104,93,11
"2011","E00012968","E00012968","Total",109,29,9,20,80,62,18
"2011","E00012972","E00012972","Total",170,44,11,33,126,110,16
"2011","E00012975","E00012975","Total",168,53,17,36,115,97,18
"2011","E00012976","E00012976","Total",148,39,12,27,109,97,12
"2011","E00012980","E00012980","Total",114,41,3,38,73,66,7
"2011","E00012984","E00012984","Total",133,25,10,15,108,79,29
"2011","E00012974","E00012974","Total",133,34,7,27,99,83,16
"2011","E00012977","E00012977","Total",101,23,7,16,78,67,11
"2011","E00012981","E00012981","Total",161,54,21,33,107,101,6
"2011","E00012982","E00012982","Total",166,43,8,35,123,106,17
"2011","E00012983","E00012983","Total",114,33,12,21,81,67,14
"2011","E00012963","E00012963","Total",150,40,13,27,110,95,15
"2011","E00012964","E00012964","Total",193,40,15,25,153,125,28
"2011","E00012969","E00012969","Total",196,51,19,32,145,120,25
"2011","E00012970","E00012970","Total",190,63,18,45,127,114,13
"2011","E00012973","E00012973","Total",189,43,10,33,146,124,22
"2011","E00012992","E00012992","Total",103,33,10,23,70,62,8
"2011","E00012993","E00012993","Total",149,49,11,38,100,79,21
"2011","E00013003","E00013003","Total",87,23,9,14,64,58,6
"2011","E00013021","E00013021","Total",89,31,11,20,58,48,10
"2011","E00013023","E00013023","Total",223,66,22,44,157,134,23
"2011","E00012937","E00012937","Total",149,28,8,20,121,110,11
"2011","E00012941","E00012941","Total",183,33,12,21,150,126,24
"2011","E00012944","E00012944","Total",183,34,14,20,149,118,31
"2011","E00012947","E00012947","Total",148,22,6,16,126,109,17
"2011","E00166045","E00166045","Total",224,45,20,25,179,152,27
"2011","E00168181","E00168181","Total",110,37,10,27,73,60,13
"2011","E00012920","E00012920","Total",205,46,18,28,159,130,29
"2011","E00012923","E00012923","Total",209,50,18,32,159,136,23
"2011","E00166029","E00166029","Total",172,38,15,23,134,121,13
"2011","E00166031","E00166031","Total",175,27,14,13,148,126,22
"2011","E00168180","E00168180","Total",166,32,8,24,134,111,23
"2011","E00012925","E00012925","Total",198,40,14,26,158,135,23
"2011","E00012926","E00012926","Total",199,56,20,36,143,113,30
"2011","E00012927","E00012927","Total",240,59,16,43,181,164,17
"2011","E00012928","E00012928","Total",171,42,15,27,129,110,19
"2011","E00012994","E00012994","Total",147,36,4,32,111,104,7
"2011","E00012995","E00012995","Total",184,38,13,25,146,130,16
"2011","E00012999","E00012999","Total",199,55,18,37,144,124,20
"2011","E00013001","E00013001","Total",186,30,9,21,156,131,25
"2011","E00013018","E00013018","Total",240,66,15,51,174,144,30
"2011","E00012991","E00012991","Total",178,40,18,22,138,112,26
"2011","E00012996","E00012996","Total",154,43,14,29,111,94,17
"2011","E00012998","E00012998","Total",174,44,6,38,130,115,15
"2011","E00013002","E00013002","Total",165,47,9,38,118,98,20
"2011","E00012957","E00012957","Total",142,42,19,23,100,88,12
"2011","E00012958","E00012958","Total",140,39,11,28,101,91,10
"2011","E00012978","E00012978","Total",171,50,13,37,121,108,13
"2011","E00012979","E00012979","Total",170,42,12,30,128,104,24
"2011","E00012987","E00012987","Total",142,38,13,25,104,85,19
"2011","E00012956","E00012956","Total",164,37,10,27,127,104,23
"2011","E00012985","E00012985","Total",154,47,13,34,107,89,18
"2011","E00012986","E00012986","Total",166,44,16,28,122,104,18
"2011","E00012988","E00012988","Total",193,38,17,21,155,131,24
"2011","E00012989","E00012989","Total",223,51,12,39,172,151,21
"2011","E00012955","E00012955","Total",121,31,10,21,90,75,15
"2011","E00012959","E00012959","Total",150,34,8,26,116,98,18
"2011","E00012960","E00012960","Total",151,45,16,29,106,90,16
"2011","E00012961","E00012961","Total",121,42,14,28,79,66,13
"2011","E00012962","E00012962","Total",125,40,19,21,85,70,15
"2011","E00012997","E00012997","Total",117,20,6,14,97,88,9
"2011","E00013000","E00013000","Total",206,49,18,31,157,132,25
"2011","E00013004","E00013004","Total",163,35,9,26,128,105,23
"2011","E00013005","E00013005","Total",208,57,23,34,151,122,29
"2011","E00013006","E00013006","Total",173,43,17,26,130,93,37
"2011","E00013344","E00013344","Total",184,30,8,22,154,106,48
"2011","E00013345","E00013345","Total",180,33,12,21,147,116,31
"2011","E00013363","E00013363","Total",175,16,5,11,159,114,45
"2011","E00013364","E00013364","Total",166,29,10,19,137,95,42
"2011","E00013371","E00013371","Total",225,25,9,16,200,146,54
"2011","E00013374","E00013374","Total",144,28,9,19,116,88,28
"2011","E00013375","E00013375","Total",232,54,19,35,178,153,25
"2011","E00013376","E00013376","Total",160,39,16,23,121,94,27
"2011","E00013378","E00013378","Total",172,43,15,28,129,100,29
"2011","E00013379","E00013379","Total",163,37,12,25,126,103,23
"2011","E00013383","E00013383","Total",159,32,16,16,127,93,34
"2011","E00013350","E00013350","Total",186,31,9,22,155,106,49
"2011","E00013351","E00013351","Total",145,23,5,18,122,78,44
"2011","E00013357","E00013357","Total",137,15,7,8,122,101,21
"2011","E00013358","E00013358","Total",211,35,11,24,176,130,46
"2011","E00013361","E00013361","Total",144,24,10,14,120,92,28
"2011","E00013377","E00013377","Total",247,39,11,28,208,138,70
"2011","E00013348","E00013348","Total",136,23,6,17,113,86,27
"2011","E00013349","E00013349","Total",164,28,9,19,136,101,35
"2011","E00013352","E00013352","Total",189,27,6,21,162,114,48
"2011","E00013353","E00013353","Total",135,32,12,20,103,68,35
"2011","E00013380","E00013380","Total",185,31,7,24,154,113,41
"2011","E00013381","E00013381","Total",110,24,10,14,86,71,15
"2011","E00013346","E00013346","Total",166,23,9,14,143,100,43
"2011","E00013347","E00013347","Total",205,33,6,27,172,124,48
"2011","E00013355","E00013355","Total",138,17,6,11,121,77,44
"2011","E00013356","E00013356","Total",150,27,8,19,123,78,45
"2011","E00013360","E00013360","Total",90,16,4,12,74,56,18
"2011","E00013384","E00013384","Total",145,9,2,7,136,108,28
"2011","E00165798","E00165798","Total",141,21,5,16,120,98,22
"2011","E00015138","E00015138","Total",129,42,15,27,87,64,23
"2011","E00015141","E00015141","Total",142,36,12,24,106,77,29
"2011","E00015144","E00015144","Total",161,30,11,19,131,91,40
"2011","E00015146","E00015146","Total",171,45,18,27,126,93,33
"2011","E00015164","E00015164","Total",130,42,13,29,88,71,17
"2011","E00015140","E00015140","Total",194,64,16,48,130,93,37
"2011","E00015142","E00015142","Total",167,52,20,32,115,88,27
"2011","E00015145","E00015145","Total",185,55,15,40,130,95,35
"2011","E00015165","E00015165","Total",187,51,15,36,136,111,25
"2011","E00015147","E00015147","Total",158,44,21,23,114,90,24
"2011","E00015151","E00015151","Total",184,50,12,38,134,106,28
"2011","E00015152","E00015152","Total",190,52,16,36,138,109,29
"2011","E00015153","E00015153","Total",180,54,13,41,126,94,32
"2011","E00015143","E00015143","Total",144,36,10,26,108,80,28
"2011","E00015148","E00015148","Total",136,31,14,17,105,78,27
"2011","E00015150","E00015150","Total",187,47,15,32,140,111,29
"2011","E00015154","E00015154","Total",110,35,10,25,75,56,19
"2011","E00015155","E00015155","Total",162,53,21,32,109,87,22
"2011","E00015157","E00015157","Total",215,67,33,34,148,102,46
"2011","E00015139","E00015139","Total",229,60,23,37,169,123,46
"2011","E00015149","E00015149","Total",184,61,30,31,123,76,47
"2011","E00015156","E00015156","Total",152,47,14,33,105,79,26
"2011","E00015159","E00015159","Total",216,60,26,34,156,88,68
"2011","E00014859","E00014859","Total",147,45,22,23,102,68,34
"2011","E00014876","E00014876","Total",132,32,13,19,100,73,27
"2011","E00014877","E00014877","Total",185,46,18,28,139,91,48
"2011","E00014888","E00014888","Total",181,47,19,28,134,69,65
"2011","E00014861","E00014861","Total",228,68,27,41,160,107,53
"2011","E00014866","E00014866","Total",205,61,24,37,144,109,35
"2011","E00014881","E00014881","Total",190,54,22,32,136,79,57
"2011","E00014862","E00014862","Total",153,44,11,33,109,75,34
"2011","E00014869","E00014869","Total",177,65,21,44,112,87,25
"2011","E00014870","E00014870","Total",181,74,39,35,107,78,29
"2011","E00014872","E00014872","Total",171,45,15,30,126,89,37
"2011","E00014863","E00014863","Total",136,42,19,23,94,60,34
"2011","E00014871","E00014871","Total",121,47,13,34,74,53,21
"2011","E00014874","E00014874","Total",133,40,18,22,93,46,47
"2011","E00174866","E00174866","Total",73,21,9,12,52,40,12
"2011","E00174867","E00174867","Total",124,85,67,18,39,28,11
"2011","E00014893","E00014893","Total",166,45,20,25,121,89,32
"2011","E00014900","E00014900","Total",133,32,15,17,101,79,22
"2011","E00014901","E00014901","Total",152,32,9,23,120,77,43
"2011","E00014902","E00014902","Total",155,40,17,23,115,70,45
"2011","E00014768","E00014768","Total",174,38,19,19,136,95,41
"2011","E00014770","E00014770","Total",174,56,18,38,118,90,28
"2011","E00014771","E00014771","Total",192,61,29,32,131,104,27
"2011","E00014772","E00014772","Total",186,43,17,26,143,107,36
"2011","E00014795","E00014795","Total",168,51,19,32,117,92,25
"2011","E00014797","E00014797","Total",172,43,24,19,129,104,25
"2011","E00014769","E00014769","Total",157,35,10,25,122,92,30
"2011","E00014778","E00014778","Total",172,46,17,29,126,103,23
"2011","E00014779","E00014779","Total",164,45,16,29,119,82,37
"2011","E00014782","E00014782","Total",147,40,17,23,107,84,23
"2011","E00014784","E00014784","Total",156,35,11,24,121,91,30
"2011","E00014785","E00014785","Total",195,53,23,30,142,112,30
"2011","E00014879","E00014879","Total",170,40,21,19,130,86,44
"2011","E00014882","E00014882","Total",153,34,17,17,119,78,41
"2011","E00014884","E00014884","Total",166,47,14,33,119,93,26
"2011","E00014885","E00014885","Total",139,40,16,24,99,66,33
"2011","E00014887","E00014887","Total",145,37,16,21,108,85,23
"2011","E00014860","E00014860","Total",170,28,12,16,142,128,14
"2011","E00014865","E00014865","Total",123,25,5,20,98,77,21
"2011","E00014867","E00014867","Total",87,27,7,20,60,50,10
"2011","E00014868","E00014868","Total",128,34,9,25,94,84,10
"2011","E00014886","E00014886","Total",142,36,12,24,106,89,17
"2011","E00014873","E00014873","Total",139,59,25,34,80,72,8
"2011","E00014875","E00014875","Total",157,61,24,37,96,82,14
"2011","E00014878","E00014878","Total",144,54,24,30,90,65,25
"2011","E00014880","E00014880","Total",124,57,27,30,67,58,9
"2011","E00014883","E00014883","Total",145,69,22,47,76,68,8
"2011","E00014775","E00014775","Total",189,59,20,39,130,107,23
"2011","E00014788","E00014788","Total",174,46,19,27,128,89,39
"2011","E00014789","E00014789","Total",165,40,11,29,125,98,27
"2011","E00014790","E00014790","Total",122,44,15,29,78,66,12
"2011","E00014794","E00014794","Total",142,31,13,18,111,80,31
"2011","E00014799","E00014799","Total",142,41,13,28,101,73,28
"2011","E00014780","E00014780","Total",199,49,18,31,150,104,46
"2011","E00014781","E00014781","Total",185,31,10,21,154,102,52
"2011","E00014783","E00014783","Total",206,62,28,34,144,107,37
"2011","E00014786","E00014786","Total",218,51,21,30,167,126,41
"2011","E00014787","E00014787","Total",171,46,18,28,125,94,31
"2011","E00014773","E00014773","Total",182,50,17,33,132,106,26
"2011","E00014774","E00014774","Total",180,46,19,27,134,104,30
"2011","E00014776","E00014776","Total",182,52,26,26,130,99,31
"2011","E00014791","E00014791","Total",194,46,18,28,148,117,31
"2011","E00014796","E00014796","Total",198,43,12,31,155,122,33
"2011","E00015158","E00015158","Total",162,36,15,21,126,93,33
"2011","E00015160","E00015160","Total",190,44,21,23,146,103,43
"2011","E00015161","E00015161","Total",161,46,26,20,115,87,28
"2011","E00015162","E00015162","Total",197,47,17,30,150,123,27
"2011","E00015163","E00015163","Total",204,60,23,37,144,96,48
"2011","E00014800","E00014800","Total",205,35,14,21,170,117,53
"2011","E00174871","E00174871","Total",125,22,9,13,103,77,26
"2011","E00174873","E00174873","Total",127,27,16,11,100,74,26
"2011","E00174875","E00174875","Total",180,43,11,32,137,101,36
"2011","E00174879","E00174879","Total",177,20,6,14,157,120,37
"2011","E00014777","E00014777","Total",185,19,8,11,166,140,26
"2011","E00014792","E00014792","Total",193,44,15,29,149,102,47
"2011","E00014798","E00014798","Total",221,63,29,34,158,135,23
"2011","E00174874","E00174874","Total",191,63,37,26,128,98,30
"2011","E00174878","E00174878","Total",145,30,9,21,115,90,25
"2011","E00014920","E00014920","Total",252,56,28,28,196,157,39
"2011","E00014921","E00014921","Total",118,38,16,22,80,71,9
"2011","E00014923","E00014923","Total",137,36,18,18,101,82,19
"2011","E00014928","E00014928","Total",132,40,17,23,92,76,16
"2011","E00014929","E00014929","Total",194,89,45,44,105,79,26
"2011","E00014933","E00014933","Total",218,50,24,26,168,132,36
"2011","E00014962","E00014962","Total",103,44,17,27,59,52,7
"2011","E00014968","E00014968","Total",65,22,9,13,43,37,6
"2011","E00014969","E00014969","Total",122,43,14,29,79,68,11
"2011","E00014970","E00014970","Total",134,48,16,32,86,75,11
"2011","E00014972","E00014972","Total",126,60,22,38,66,57,9
"2011","E00014974","E00014974","Total",142,59,18,41,83,73,10
"2011","E00014951","E00014951","Total",212,46,21,25,166,132,34
"2011","E00014960","E00014960","Total",177,43,23,20,134,108,26
"2011","E00014975","E00014975","Total",198,81,32,49,117,97,20
"2011","E00014976","E00014976","Total",189,46,16,30,143,116,27
"2011","E00014977","E00014977","Total",203,56,29,27,147,119,28
"2011","E00014955","E00014955","Total",170,31,13,18,139,108,31
"2011","E00014957","E00014957","Total",150,38,16,22,112,88,24
"2011","E00014958","E00014958","Total",295,85,28,57,210,167,43
"2011","E00014964","E00014964","Total",243,78,37,41,165,130,35
"2011","E00014966","E00014966","Total",153,45,17,28,108,91,17
"2011","E00014954","E00014954","Total",313,94,34,60,219,168,51
"2011","E00014956","E00014956","Total",172,60,28,32,112,86,26
"2011","E00014959","E00014959","Total",171,65,17,48,106,89,17
"2011","E00014961","E00014961","Total",185,64,21,43,121,84,37
"2011","E00014963","E00014963","Total",120,48,13,35,72,62,10
"2011","E00014738","E00014738","Total",134,40,12,28,94,79,15
"2011","E00014741","E00014741","Total",142,35,11,24,107,92,15
"2011","E00014759","E00014759","Total",164,50,16,34,114,97,17
"2011","E00014766","E00014766","Total",181,75,23,52,106,86,20
"2011","E00014767","E00014767","Total",152,39,12,27,113,98,15
"2011","E00014903","E00014903","Total",183,64,28,36,119,87,32
"2011","E00014906","E00014906","Total",109,23,10,13,86,66,20
"2011","E00014908","E00014908","Total",133,34,17,17,99,71,28
"2011","E00014909","E00014909","Total",179,52,20,32,127,100,27
"2011","E00014913","E00014913","Total",155,52,23,29,103,80,23
"2011","E00014889","E00014889","Total",189,68,22,46,121,102,19
"2011","E00014891","E00014891","Total",174,60,23,37,114,91,23
"2011","E00014904","E00014904","Total",177,54,18,36,123,91,32
"2011","E00014916","E00014916","Total",186,67,26,41,119,100,19
"2011","E00014950","E00014950","Total",159,49,18,31,110,97,13
"2011","E00014965","E00014965","Total",148,48,13,35,100,88,12
"2011","E00014967","E00014967","Total",190,48,12,36,142,119,23
"2011","E00014971","E00014971","Total",157,55,21,34,102,85,17
"2011","E00014979","E00014979","Total",130,44,22,22,86,75,11
"2011","E00014952","E00014952","Total",134,50,13,37,84,70,14
"2011","E00014953","E00014953","Total",140,39,9,30,101,85,16
"2011","E00014973","E00014973","Total",191,67,19,48,124,104,20
"2011","E00014978","E00014978","Total",180,65,25,40,115,96,19
"2011","E00014752","E00014752","Total",170,42,21,21,128,84,44
"2011","E00014753","E00014753","Total",169,44,21,23,125,91,34
"2011","E00014754","E00014754","Total",134,35,13,22,99,81,18
"2011","E00014756","E00014756","Total",191,48,12,36,143,109,34
"2011","E00014758","E00014758","Total",165,33,15,18,132,99,33
"2011","E00014744","E00014744","Total",144,55,26,29,89,78,11
"2011","E00014746","E00014746","Total",163,41,17,24,122,98,24
"2011","E00014755","E00014755","Total",216,62,22,40,154,118,36
"2011","E00014761","E00014761","Total",202,64,25,39,138,119,19
"2011","E00014763","E00014763","Total",169,48,19,29,121,102,19
"2011","E00014739","E00014739","Total",169,45,17,28,124,97,27
"2011","E00014740","E00014740","Total",197,53,19,34,144,110,34
"2011","E00014757","E00014757","Total",191,46,10,36,145,118,27
"2011","E00014760","E00014760","Total",180,53,19,34,127,93,34
"2011","E00014762","E00014762","Total",187,63,22,41,124,98,26
"2011","E00014890","E00014890","Total",96,22,5,17,74,57,17
"2011","E00014894","E00014894","Total",156,37,11,26,119,87,32
"2011","E00014895","E00014895","Total",151,41,10,31,110,87,23
"2011","E00014897","E00014897","Total",178,40,18,22,138,123,15
"2011","E00014898","E00014898","Total",125,27,5,22,98,80,18
"2011","E00014915","E00014915","Total",172,39,19,20,133,109,24
"2011","E00015010","E00015010","Total",132,29,4,25,103,87,16
"2011","E00015020","E00015020","Total",186,49,18,31,137,114,23
"2011","E00015021","E00015021","Total",161,55,26,29,106,90,16
"2011","E00015024","E00015024","Total",153,51,17,34,102,88,14
"2011","E00015027","E00015027","Total",171,62,27,35,109,87,22
"2011","E00014743","E00014743","Total",125,33,12,21,92,76,16
"2011","E00014747","E00014747","Total",172,58,20,38,114,95,19
"2011","E00014748","E00014748","Total",156,40,13,27,116,83,33
"2011","E00014750","E00014750","Total",101,29,13,16,72,61,11
"2011","E00014765","E00014765","Total",195,65,29,36,130,109,21
"2011","E00014742","E00014742","Total",217,58,17,41,159,117,42
"2011","E00014745","E00014745","Total",98,32,11,21,66,52,14
"2011","E00014749","E00014749","Total",135,30,11,19,105,88,17
"2011","E00014751","E00014751","Total",183,65,26,39,118,85,33
"2011","E00014764","E00014764","Total",149,34,12,22,115,95,20
"2011","E00014892","E00014892","Total",164,36,12,24,128,105,23
"2011","E00014896","E00014896","Total",165,29,8,21,136,115,21
"2011","E00014899","E00014899","Total",218,56,16,40,162,127,35
"2011","E00014914","E00014914","Total",200,59,27,32,141,114,27
"2011","E00014917","E00014917","Total",186,50,13,37,136,114,22
"2011","E00014905","E00014905","Total",179,53,18,35,126,95,31
"2011","E00014907","E00014907","Total",185,58,24,34,127,90,37
"2011","E00014910","E00014910","Total",155,36,17,19,119,90,29
"2011","E00014911","E00014911","Total",162,46,19,27,116,87,29
"2011","E00014912","E00014912","Total",171,45,13,32,126,104,22
"2011","E00015023","E00015023","Total",151,33,7,26,118,93,25
"2011","E00015025","E00015025","Total",148,36,17,19,112,88,24
"2011","E00015028","E00015028","Total",151,42,10,32,109,82,27
"2011","E00015031","E00015031","Total",150,51,24,27,99,69,30
"2011","E00014919","E00014919","Total",154,45,23,22,109,78,31
"2011","E00014922","E00014922","Total",102,26,13,13,76,64,12
"2011","E00014930","E00014930","Total",283,69,28,41,214,145,69
"2011","E00014932","E00014932","Total",165,38,18,20,127,98,29
"2011","E00014938","E00014938","Total",269,92,53,39,177,137,40
"2011","E00014939","E00014939","Total",144,43,27,16,101,77,24
"2011","E00014940","E00014940","Total",106,22,9,13,84,69,15
"2011","E00014941","E00014941","Total",128,23,12,11,105,72,33
"2011","E00014942","E00014942","Total",199,60,33,27,139,103,36
"2011","E00014943","E00014943","Total",183,28,12,16,155,115,40
"2011","E00014944","E00014944","Total",147,31,13,18,116,89,27
"2011","E00014945","E00014945","Total",166,28,13,15,138,104,34
"2011","E00014946","E00014946","Total",173,22,11,11,151,116,35
"2011","E00014947","E00014947","Total",182,22,9,13,160,124,36
"2011","E00014924","E00014924","Total",221,60,20,40,161,120,41
"2011","E00014926","E00014926","Total",220,74,42,32,146,107,39
"2011","E00014927","E00014927","Total",177,48,22,26,129,104,25
"2011","E00014948","E00014948","Total",155,48,25,23,107,85,22
"2011","E00014949","E00014949","Total",185,75,47,28,110,84,26
"2011","E00174868","E00174868","Total",104,31,20,11,73,51,22
"2011","E00174869","E00174869","Total",238,38,13,25,200,124,76
"2011","E00015039","E00015039","Total",170,14,3,11,156,124,32
"2011","E00015041","E00015041","Total",161,20,9,11,141,108,33
"2011","E00015046","E00015046","Total",126,30,11,19,96,69,27
"2011","E00015050","E00015050","Total",178,29,13,16,149,118,31
"2011","E00015051","E00015051","Total",162,32,15,17,130,104,26
"2011","E00015052","E00015052","Total",148,29,10,19,119,105,14
"2011","E00015053","E00015053","Total",187,29,12,17,158,131,27
"2011","E00015038","E00015038","Total",152,48,17,31,104,77,27
"2011","E00015043","E00015043","Total",116,31,16,15,85,64,21
"2011","E00015044","E00015044","Total",175,38,16,22,137,93,44
"2011","E00015047","E00015047","Total",147,37,21,16,110,93,17
"2011","E00015049","E00015049","Total",174,23,6,17,151,120,31
"2011","E00015069","E00015069","Total",181,32,19,13,149,121,28
"2011","E00014706","E00014706","Total",155,32,11,21,123,94,29
"2011","E00014720","E00014720","Total",156,43,18,25,113,79,34
"2011","E00014722","E00014722","Total",193,59,28,31,134,98,36
"2011","E00014723","E00014723","Total",127,27,8,19,100,77,23
"2011","E00014725","E00014725","Total",82,27,16,11,55,41,14
"2011","E00014731","E00014731","Total",140,28,12,16,112,97,15
"2011","E00014708","E00014708","Total",155,49,16,33,106,81,25
"2011","E00014717","E00014717","Total",144,49,18,31,95,78,17
"2011","E00014718","E00014718","Total",128,38,15,23,90,75,15
"2011","E00014719","E00014719","Total",171,42,17,25,129,96,33
"2011","E00014721","E00014721","Total",169,52,17,35,117,93,24
"2011","E00014918","E00014918","Total",110,33,11,22,77,58,19
"2011","E00014931","E00014931","Total",169,47,17,30,122,101,21
"2011","E00014934","E00014934","Total",207,59,26,33,148,109,39
"2011","E00014935","E00014935","Total",180,42,17,25,138,119,19
"2011","E00014936","E00014936","Total",189,43,19,24,146,117,29
"2011","E00014937","E00014937","Total",176,51,18,33,125,99,26
"2011","E00015037","E00015037","Total",180,62,41,21,118,98,20
"2011","E00015045","E00015045","Total",272,161,100,61,111,87,24
"2011","E00015048","E00015048","Total",141,26,11,15,115,85,30
"2011","E00174870","E00174870","Total",80,18,6,12,62,53,9
"2011","E00174876","E00174876","Total",77,24,7,17,53,39,14
"2011","E00014702","E00014702","Total",137,22,12,10,115,84,31
"2011","E00014704","E00014704","Total",118,21,5,16,97,73,24
"2011","E00014709","E00014709","Total",128,21,8,13,107,81,26
"2011","E00014724","E00014724","Total",131,13,8,5,118,97,21
"2011","E00014726","E00014726","Total",176,31,17,14,145,115,30
"2011","E00014727","E00014727","Total",124,19,5,14,105,84,21
"2011","E00014728","E00014728","Total",137,29,15,14,108,78,30
"2011","E00015055","E00015055","Total",116,24,6,18,92,80,12
"2011","E00015056","E00015056","Total",112,19,5,14,93,65,28
"2011","E00015057","E00015057","Total",65,11,6,5,54,46,8
"2011","E00015058","E00015058","Total",140,27,17,10,113,94,19
"2011","E00015060","E00015060","Total",107,23,10,13,84,69,15
"2011","E00015062","E00015062","Total",177,30,10,20,147,111,36
"2011","E00015067","E00015067","Total",261,67,32,35,194,151,43
"2011","E00015035","E00015035","Total",149,13,8,5,136,114,22
"2011","E00015036","E00015036","Total",208,52,25,27,156,124,32
"2011","E00015068","E00015068","Total",202,46,16,30,156,125,31
"2011","E00174872","E00174872","Total",81,15,6,9,66,48,18
"2011","E00174877","E00174877","Total",245,146,102,44,99,70,29
"2011","E00015042","E00015042","Total",178,24,9,15,154,124,30
"2011","E00015054","E00015054","Total",183,34,14,20,149,107,42
"2011","E00015059","E00015059","Total",175,31,7,24,144,112,32
"2011","E00015061","E00015061","Total",157,33,18,15,124,97,27
"2011","E00015063","E00015063","Total",157,11,2,9,146,116,30
"2011","E00015065","E00015065","Total",141,15,6,9,126,100,26
"2011","E00015066","E00015066","Total",283,34,10,24,249,195,54
"2011","E00014991","E00014991","Total",179,44,15,29,135,105,30
"2011","E00014992","E00014992","Total",168,43,20,23,125,106,19
"2011","E00014995","E00014995","Total",159,49,18,31,110,85,25
"2011","E00014997","E00014997","Total",143,48,12,36,95,73,22
"2011","E00014982","E00014982","Total",172,50,19,31,122,109,13
"2011","E00014996","E00014996","Total",146,45,15,30,101,88,13
"2011","E00014999","E00014999","Total",114,48,15,33,66,57,9
"2011","E00015002","E00015002","Total",120,28,11,17,92,68,24
"2011","E00015003","E00015003","Total",171,48,16,32,123,85,38
"2011","E00014980","E00014980","Total",151,47,21,26,104,82,22
"2011","E00014989","E00014989","Total",190,73,31,42,117,92,25
"2011","E00014990","E00014990","Total",186,55,23,32,131,106,25
"2011","E00014993","E00014993","Total",168,45,16,29,123,92,31
"2011","E00015013","E00015013","Total",229,62,26,36,167,138,29
"2011","E00015016","E00015016","Total",146,51,17,34,95,82,13
"2011","E00015030","E00015030","Total",180,47,22,25,133,106,27
"2011","E00015033","E00015033","Total",162,47,18,29,115,90,25
"2011","E00015011","E00015011","Total",123,27,14,13,96,79,17
"2011","E00015019","E00015019","Total",70,23,7,16,47,33,14
"2011","E00015022","E00015022","Total",140,40,12,28,100,80,20
"2011","E00015026","E00015026","Total",152,46,20,26,106,88,18
"2011","E00015029","E00015029","Total",127,39,13,26,88,62,26
"2011","E00014710","E00014710","Total",151,50,30,20,101,80,21
"2011","E00014711","E00014711","Total",46,12,6,6,34,26,8
"2011","E00014730","E00014730","Total",137,62,36,26,75,58,17
"2011","E00014732","E00014732","Total",126,46,13,33,80,68,12
"2011","E00014733","E00014733","Total",86,13,6,7,73,55,18
"2011","E00014735","E00014735","Total",75,19,10,9,56,50,6
"2011","E00014705","E00014705","Total",150,22,10,12,128,98,30
"2011","E00014707","E00014707","Total",225,50,19,31,175,130,45
"2011","E00014712","E00014712","Total",145,18,10,8,127,104,23
"2011","E00014714","E00014714","Total",100,19,3,16,81,61,20
"2011","E00014715","E00014715","Total",142,21,7,14,121,95,26
"2011","E00014716","E00014716","Total",130,31,12,19,99,71,28
"2011","E00014737","E00014737","Total",119,31,12,19,88,71,17
"2011","E00015074","E00015074","Total",195,32,12,20,163,123,40
"2011","E00015078","E00015078","Total",140,8,3,5,132,109,23
"2011","E00015079","E00015079","Total",122,15,4,11,107,87,20
"2011","E00015082","E00015082","Total",138,19,5,14,119,89,30
"2011","E00015104","E00015104","Total",163,30,17,13,133,99,34
"2011","E00015106","E00015106","Total",134,19,10,9,115,89,26
"2011","E00015107","E00015107","Total",97,29,9,20,68,60,8
"2011","E00015073","E00015073","Total",168,32,11,21,136,101,35
"2011","E00015075","E00015075","Total",126,17,6,11,109,81,28
"2011","E00015076","E00015076","Total",132,15,7,8,117,100,17
"2011","E00015081","E00015081","Total",198,41,19,22,157,105,52
"2011","E00015083","E00015083","Total",145,44,20,24,101,61,40
"2011","E00015072","E00015072","Total",162,31,16,15,131,103,28
"2011","E00015077","E00015077","Total",150,25,11,14,125,96,29
"2011","E00015101","E00015101","Total",121,11,3,8,110,98,12
"2011","E00015102","E00015102","Total",137,23,11,12,114,92,22
"2011","E00015103","E00015103","Total",159,38,13,25,121,90,31
"2011","E00015105","E00015105","Total",119,19,8,11,100,78,22
"2011","E00014677","E00014677","Total",179,58,20,38,121,101,20
"2011","E00014679","E00014679","Total",194,49,20,29,145,108,37
"2011","E00014682","E00014682","Total",179,40,9,31,139,113,26
"2011","E00014699","E00014699","Total",161,46,18,28,115,93,22
"2011","E00014675","E00014675","Total",152,35,14,21,117,98,19
"2011","E00014680","E00014680","Total",182,57,24,33,125,107,18
"2011","E00014681","E00014681","Total",193,71,29,42,122,100,22
"2011","E00014701","E00014701","Total",192,54,22,32,138,108,30
"2011","E00014678","E00014678","Total",164,47,17,30,117,98,19
"2011","E00014697","E00014697","Total",177,38,13,25,139,117,22
"2011","E00014698","E00014698","Total",178,50,22,28,128,109,19
"2011","E00014700","E00014700","Total",169,55,21,34,114,83,31
"2011","E00014692","E00014692","Total",165,45,13,32,120,94,26
"2011","E00014693","E00014693","Total",169,59,24,35,110,81,29
"2011","E00014694","E00014694","Total",134,37,12,25,97,76,21
"2011","E00014695","E00014695","Total",149,37,15,22,112,87,25
"2011","E00014696","E00014696","Total",170,44,14,30,126,105,21
"2011","E00014703","E00014703","Total",149,49,20,29,100,73,27
"2011","E00014713","E00014713","Total",124,37,19,18,87,63,24
"2011","E00014729","E00014729","Total",149,45,16,29,104,75,29
"2011","E00014734","E00014734","Total",158,52,22,30,106,81,25
"2011","E00014736","E00014736","Total",146,58,24,34,88,66,22
"2011","E00014988","E00014988","Total",179,55,16,39,124,107,17
"2011","E00014994","E00014994","Total",189,56,13,43,133,114,19
"2011","E00015000","E00015000","Total",162,29,8,21,133,107,26
"2011","E00015001","E00015001","Total",156,51,20,31,105,83,22
"2011","E00015004","E00015004","Total",173,48,16,32,125,101,24
"2011","E00014981","E00014981","Total",268,64,21,43,204,169,35
"2011","E00014983","E00014983","Total",192,70,26,44,122,91,31
"2011","E00014986","E00014986","Total",168,41,12,29,127,107,20
"2011","E00015005","E00015005","Total",152,37,15,22,115,101,14
"2011","E00015007","E00015007","Total",149,35,18,17,114,85,29
"2011","E00014984","E00014984","Total",165,49,19,30,116,91,25
"2011","E00014985","E00014985","Total",187,47,17,30,140,107,33
"2011","E00014987","E00014987","Total",195,55,18,37,140,106,34
"2011","E00014998","E00014998","Total",154,23,10,13,131,117,14
"2011","E00015006","E00015006","Total",130,39,9,30,91,71,20
"2011","E00015008","E00015008","Total",164,50,14,36,114,86,28
"2011","E00015012","E00015012","Total",195,62,25,37,133,114,19
"2011","E00015015","E00015015","Total",150,55,16,39,95,71,24
"2011","E00015032","E00015032","Total",150,48,16,32,102,85,17
"2011","E00015009","E00015009","Total",179,46,16,30,133,104,29
"2011","E00015014","E00015014","Total",180,43,18,25,137,110,27
"2011","E00015017","E00015017","Total",166,49,23,26,117,98,19
"2011","E00015018","E00015018","Total",155,55,23,32,100,84,16
"2011","E00015034","E00015034","Total",143,51,16,35,92,74,18
"2011","E00015071","E00015071","Total",177,32,12,20,145,116,29
"2011","E00015085","E00015085","Total",136,30,10,20,106,73,33
"2011","E00015090","E00015090","Total",143,38,17,21,105,83,22
"2011","E00015091","E00015091","Total",146,44,25,19,102,79,23
"2011","E00015099","E00015099","Total",181,32,10,22,149,100,49
"2011","E00015084","E00015084","Total",166,37,15,22,129,90,39
"2011","E00015087","E00015087","Total",198,53,21,32,145,110,35
"2011","E00015089","E00015089","Total",162,38,18,20,124,98,26
"2011","E00015093","E00015093","Total",147,36,15,21,111,90,21
"2011","E00015094","E00015094","Total",182,45,17,28,137,100,37
"2011","E00015080","E00015080","Total",192,29,18,11,163,123,40
"2011","E00015086","E00015086","Total",154,39,14,25,115,89,26
"2011","E00015088","E00015088","Total",142,40,9,31,102,76,26
"2011","E00015092","E00015092","Total",175,44,12,32,131,104,27
"2011","E00015095","E00015095","Total",163,39,12,27,124,104,20
"2011","E00015070","E00015070","Total",117,49,8,41,68,62,6
"2011","E00015096","E00015096","Total",152,46,19,27,106,86,20
"2011","E00015097","E00015097","Total",159,52,24,28,107,96,11
"2011","E00015098","E00015098","Total",186,45,18,27,141,119,22
"2011","E00015100","E00015100","Total",154,33,12,21,121,102,19
"2011","E00015108","E00015108","Total",137,35,13,22,102,81,21
"2011","E00015122","E00015122","Total",137,35,9,26,102,86,16
"2011","E00015124","E00015124","Total",167,46,14,32,121,101,20
"2011","E00015129","E00015129","Total",141,32,10,22,109,90,19
"2011","E00015130","E00015130","Total",173,38,12,26,135,109,26
"2011","E00015132","E00015132","Total",173,39,12,27,134,114,20
"2011","E00014676","E00014676","Total",171,57,18,39,114,105,9
"2011","E00014683","E00014683","Total",160,35,6,29,125,109,16
"2011","E00014684","E00014684","Total",147,43,15,28,104,90,14
"2011","E00014687","E00014687","Total",191,65,23,42,126,107,19
"2011","E00014688","E00014688","Total",187,48,11,37,139,114,25
"2011","E00014685","E00014685","Total",155,48,17,31,107,91,16
"2011","E00014686","E00014686","Total",170,43,11,32,127,107,20
"2011","E00014689","E00014689","Total",180,55,23,32,125,106,19
"2011","E00014690","E00014690","Total",129,42,10,32,87,74,13
"2011","E00014691","E00014691","Total",205,58,22,36,147,121,26
"2011","E00015116","E00015116","Total",164,50,21,29,114,91,23
"2011","E00015125","E00015125","Total",160,65,17,48,95,84,11
"2011","E00015127","E00015127","Total",109,29,6,23,80,65,15
"2011","E00015131","E00015131","Total",178,56,15,41,122,103,19
"2011","E00015134","E00015134","Total",163,54,20,34,109,90,19
"2011","E00015118","E00015118","Total",174,59,20,39,115,96,19
"2011","E00015123","E00015123","Total",200,67,22,45,133,111,22
"2011","E00015126","E00015126","Total",190,58,24,34,132,115,17
"2011","E00015128","E00015128","Total",185,65,16,49,120,105,15
"2011","E00015135","E00015135","Total",214,66,21,45,148,130,18
"2011","E00015117","E00015117","Total",212,59,18,41,153,129,24
"2011","E00015119","E00015119","Total",200,58,13,45,142,116,26
"2011","E00015120","E00015120","Total",189,54,17,37,135,113,22
"2011","E00015121","E00015121","Total",237,61,18,43,176,157,19
"2011","E00014803","E00014803","Total",179,47,15,32,132,107,25
"2011","E00014804","E00014804","Total",170,53,22,31,117,94,23
"2011","E00014810","E00014810","Total",157,27,4,23,130,112,18
"2011","E00014813","E00014813","Total",147,45,20,25,102,88,14
"2011","E00014817","E00014817","Total",159,45,18,27,114,95,19
"2011","E00014811","E00014811","Total",179,52,15,37,127,96,31
"2011","E00014814","E00014814","Total",160,41,16,25,119,97,22
"2011","E00014816","E00014816","Total",184,53,16,37,131,109,22
"2011","E00014819","E00014819","Total",69,17,4,13,52,40,12
"2011","E00014821","E00014821","Total",155,41,16,25,114,99,15
"2011","E00014812","E00014812","Total",159,36,17,19,123,100,23
"2011","E00014818","E00014818","Total",197,57,17,40,140,112,28
"2011","E00014820","E00014820","Total",179,62,24,38,117,101,16
"2011","E00014825","E00014825","Total",182,52,19,33,130,112,18
"2011","E00015110","E00015110","Total",172,44,19,25,128,109,19
"2011","E00015112","E00015112","Total",150,45,18,27,105,91,14
"2011","E00015133","E00015133","Total",178,47,16,31,131,108,23
"2011","E00015136","E00015136","Total",167,57,20,37,110,89,21
"2011","E00015137","E00015137","Total",161,58,21,37,103,88,15
"2011","E00015109","E00015109","Total",156,48,17,31,108,90,18
"2011","E00015111","E00015111","Total",166,49,20,29,117,95,22
"2011","E00015113","E00015113","Total",166,39,14,25,127,109,18
"2011","E00015114","E00015114","Total",152,41,11,30,111,84,27
"2011","E00015115","E00015115","Total",164,41,14,27,123,101,22
"2011","E00014801","E00014801","Total",178,43,16,27,135,122,13
"2011","E00014805","E00014805","Total",183,45,13,32,138,120,18
"2011","E00014823","E00014823","Total",168,42,11,31,126,105,21
"2011","E00014827","E00014827","Total",186,58,18,40,128,110,18
"2011","E00014834","E00014834","Total",182,38,11,27,144,120,24
"2011","E00014835","E00014835","Total",163,39,14,25,124,97,27
"2011","E00014837","E00014837","Total",159,39,17,22,120,101,19
"2011","E00014847","E00014847","Total",202,39,6,33,163,134,29
"2011","E00014849","E00014849","Total",196,45,21,24,151,124,27
"2011","E00014830","E00014830","Total",154,33,12,21,121,100,21
"2011","E00014838","E00014838","Total",177,51,16,35,126,109,17
"2011","E00014844","E00014844","Total",159,44,13,31,115,102,13
"2011","E00014846","E00014846","Total",156,37,8,29,119,102,17
"2011","E00014852","E00014852","Total",179,41,16,25,138,108,30
"2011","E00014829","E00014829","Total",193,55,16,39,138,127,11
"2011","E00014836","E00014836","Total",150,35,12,23,115,87,28
"2011","E00014839","E00014839","Total",186,56,18,38,130,107,23
"2011","E00014842","E00014842","Total",197,64,24,40,133,112,21
"2011","E00014851","E00014851","Total",166,41,9,32,125,106,19
"2011","E00014808","E00014808","Total",141,55,15,40,86,73,13
"2011","E00014809","E00014809","Total",150,46,14,32,104,89,15
"2011","E00014822","E00014822","Total",126,34,12,22,92,84,8
"2011","E00014824","E00014824","Total",174,59,18,41,115,99,16
"2011","E00014826","E00014826","Total",183,54,12,42,129,111,18
"2011","E00014802","E00014802","Total",203,56,15,41,147,124,23
"2011","E00014806","E00014806","Total",132,42,12,30,90,77,13
"2011","E00014807","E00014807","Total",176,52,18,34,124,105,19
"2011","E00014815","E00014815","Total",175,40,8,32,135,115,20
"2011","E00014840","E00014840","Total",166,37,14,23,129,104,25
"2011","E00014850","E00014850","Total",242,60,18,42,182,152,30
"2011","E00014856","E00014856","Total",148,42,13,29,106,73,33
"2011","E00014857","E00014857","Total",267,65,17,48,202,174,28
"2011","E00014858","E00014858","Total",231,65,23,42,166,128,38
"2011","E00014828","E00014828","Total",218,71,26,45,147,123,24
"2011","E00014831","E00014831","Total",196,48,18,30,148,123,25
"2011","E00014841","E00014841","Total",169,50,14,36,119,99,20
"2011","E00014843","E00014843","Total",149,31,7,24,118,89,29
"2011","E00014845","E00014845","Total",219,65,20,45,154,124,30
"2011","E00014832","E00014832","Total",127,32,10,22,95,79,16
"2011","E00014833","E00014833","Total",146,48,12,36,98,83,15
"2011","E00014848","E00014848","Total",127,29,15,14,98,79,19
"2011","E00014853","E00014853","Total",131,32,11,21,99,86,13
"2011","E00014854","E00014854","Total",118,28,9,19,90,70,20
"2011","E00014855","E00014855","Total",154,35,8,27,119,99,20
"2011","E00017596","E00017596","Total",145,27,9,18,118,73,45
"2011","E00017597","E00017597","Total",194,55,21,34,139,94,45
"2011","E00017598","E00017598","Total",210,46,21,25,164,123,41
"2011","E00017599","E00017599","Total",165,28,5,23,137,98,39
"2011","E00017572","E00017572","Total",249,42,15,27,207,163,44
"2011","E00017600","E00017600","Total",153,35,8,27,118,89,29
"2011","E00017601","E00017601","Total",210,39,9,30,171,131,40
"2011","E00017602","E00017602","Total",180,37,17,20,143,102,41
"2011","E00017574","E00017574","Total",161,52,23,29,109,61,48
"2011","E00017579","E00017579","Total",158,30,12,18,128,61,67
"2011","E00017580","E00017580","Total",172,37,18,19,135,86,49
"2011","E00017582","E00017582","Total",187,45,17,28,142,90,52
"2011","E00017575","E00017575","Total",190,32,13,19,158,111,47
"2011","E00017578","E00017578","Total",169,27,6,21,142,106,36
"2011","E00017581","E00017581","Total",184,37,12,25,147,117,30
"2011","E00017583","E00017583","Total",167,30,9,21,137,116,21
"2011","E00166828","E00166828","Total",297,37,10,27,260,213,47
"2011","E00166829","E00166829","Total",82,32,6,26,50,38,12
"2011","E00166830","E00166830","Total",125,24,7,17,101,84,17
"2011","E00166831","E00166831","Total",163,19,8,11,144,103,41
"2011","E00166832","E00166832","Total",192,13,3,10,179,141,38
"2011","E00017591","E00017591","Total",194,33,13,20,161,123,38
"2011","E00017592","E00017592","Total",147,24,6,18,123,83,40
"2011","E00017593","E00017593","Total",231,34,24,10,197,166,31
"2011","E00017594","E00017594","Total",190,37,4,33,153,108,45
"2011","E00017595","E00017595","Total",185,40,8,32,145,118,27
"2011","E00017516","E00017516","Total",112,26,6,20,86,37,49
"2011","E00017518","E00017518","Total",108,17,5,12,91,54,37
"2011","E00017519","E00017519","Total",102,33,13,20,69,48,21
"2011","E00017536","E00017536","Total",137,37,15,22,100,60,40
"2011","E00017537","E00017537","Total",141,24,9,15,117,62,55
"2011","E00017540","E00017540","Total",112,33,16,17,79,41,38
"2011","E00017512","E00017512","Total",137,24,15,9,113,74,39
"2011","E00017513","E00017513","Total",120,31,13,18,89,57,32
"2011","E00017515","E00017515","Total",144,43,19,24,101,54,47
"2011","E00017517","E00017517","Total",122,30,14,16,92,63,29
"2011","E00017522","E00017522","Total",120,30,12,18,90,62,28
"2011","E00017525","E00017525","Total",138,27,15,12,111,56,55
"2011","E00017526","E00017526","Total",130,29,11,18,101,61,40
"2011","E00017527","E00017527","Total",98,20,7,13,78,48,30
"2011","E00017529","E00017529","Total",112,22,9,13,90,46,44
"2011","E00017530","E00017530","Total",80,11,6,5,69,49,20
"2011","E00017528","E00017528","Total",143,37,11,26,106,59,47
"2011","E00017531","E00017531","Total",130,41,19,22,89,38,51
"2011","E00017532","E00017532","Total",151,32,15,17,119,72,47
"2011","E00017533","E00017533","Total",136,31,19,12,105,48,57
"2011","E00017196","E00017196","Total",124,21,8,13,103,76,27
"2011","E00017214","E00017214","Total",177,14,4,10,163,136,27
"2011","E00017215","E00017215","Total",173,17,8,9,156,110,46
"2011","E00017216","E00017216","Total",187,24,6,18,163,118,45
"2011","E00017219","E00017219","Total",135,17,10,7,118,88,30
"2011","E00017220","E00017220","Total",193,22,7,15,171,128,43
"2011","E00017483","E00017483","Total",194,28,8,20,166,128,38
"2011","E00017498","E00017498","Total",219,34,13,21,185,125,60
"2011","E00017500","E00017500","Total",150,28,9,19,122,79,43
"2011","E00017501","E00017501","Total",71,14,3,11,57,32,25
"2011","E00017504","E00017504","Total",180,40,14,26,140,101,39
"2011","E00017479","E00017479","Total",146,32,9,23,114,64,50
"2011","E00017480","E00017480","Total",170,35,14,21,135,91,44
"2011","E00017489","E00017489","Total",227,29,9,20,198,154,44
"2011","E00017493","E00017493","Total",146,23,9,14,123,95,28
"2011","E00017495","E00017495","Total",266,47,15,32,219,166,53
"2011","E00017576","E00017576","Total",190,49,17,32,141,87,54
"2011","E00017584","E00017584","Total",159,45,15,30,114,96,18
"2011","E00017585","E00017585","Total",198,37,18,19,161,118,43
"2011","E00017588","E00017588","Total",205,38,16,22,167,138,29
"2011","E00017573","E00017573","Total",140,26,12,14,114,94,20
"2011","E00017586","E00017586","Total",213,36,16,20,177,123,54
"2011","E00017587","E00017587","Total",212,51,21,30,161,122,39
"2011","E00017589","E00017589","Total",185,40,15,25,145,114,31
"2011","E00017590","E00017590","Total",128,22,8,14,106,64,42
"2011","E00017213","E00017213","Total",102,12,6,6,90,64,26
"2011","E00017217","E00017217","Total",32,6,2,4,26,14,12
"2011","E00017218","E00017218","Total",137,30,13,17,107,58,49
"2011","E00017221","E00017221","Total",121,14,6,8,107,75,32
"2011","E00017224","E00017224","Total",174,26,9,17,148,107,41
"2011","E00017225","E00017225","Total",186,19,11,8,167,122,45
"2011","E00017197","E00017197","Total",107,26,14,12,81,51,30
"2011","E00017222","E00017222","Total",147,22,6,16,125,68,57
"2011","E00017223","E00017223","Total",137,26,10,16,111,69,42
"2011","E00017226","E00017226","Total",159,19,8,11,140,95,45
"2011","E00017227","E00017227","Total",120,25,13,12,95,57,38
"2011","E00017231","E00017231","Total",180,24,9,15,156,113,43
"2011","E00017198","E00017198","Total",118,20,5,15,98,61,37
"2011","E00017202","E00017202","Total",158,29,11,18,129,81,48
"2011","E00017203","E00017203","Total",216,48,17,31,168,121,47
"2011","E00017228","E00017228","Total",126,36,16,20,90,49,41
"2011","E00017229","E00017229","Total",122,18,6,12,104,60,44
"2011","E00017230","E00017230","Total",115,14,8,6,101,73,28
"2011","E00017199","E00017199","Total",148,32,14,18,116,77,39
"2011","E00017200","E00017200","Total",159,15,5,10,144,97,47
"2011","E00017201","E00017201","Total",117,11,2,9,106,83,23
"2011","E00017204","E00017204","Total",154,27,10,17,127,89,38
"2011","E00017205","E00017205","Total",154,13,5,8,141,105,36
"2011","E00017206","E00017206","Total",145,10,5,5,135,99,36
"2011","E00017207","E00017207","Total",144,17,3,14,127,103,24
"2011","E00017514","E00017514","Total",165,29,14,15,136,79,57
"2011","E00017534","E00017534","Total",153,33,14,19,120,68,52
"2011","E00017535","E00017535","Total",140,35,19,16,105,45,60
"2011","E00017538","E00017538","Total",157,11,6,5,146,91,55
"2011","E00017539","E00017539","Total",150,16,6,10,134,93,41
"2011","E00017541","E00017541","Total",149,18,8,10,131,90,41
"2011","E00017041","E00017041","Total",189,36,13,23,153,136,17
"2011","E00017043","E00017043","Total",156,39,11,28,117,96,21
"2011","E00017057","E00017057","Total",140,39,11,28,101,88,13
"2011","E00017060","E00017060","Total",208,58,22,36,150,128,22
"2011","E00017062","E00017062","Total",174,33,8,25,141,116,25
"2011","E00166835","E00166835","Total",139,17,5,12,122,101,21
"2011","E00166836","E00166836","Total",172,8,6,2,164,115,49
"2011","E00166837","E00166837","Total",223,23,10,13,200,159,41
"2011","E00166838","E00166838","Total",65,8,1,7,57,52,5
"2011","E00017036","E00017036","Total",218,31,9,22,187,154,33
"2011","E00017045","E00017045","Total",181,52,16,36,129,110,19
"2011","E00017046","E00017046","Total",165,27,6,21,138,121,17
"2011","E00017049","E00017049","Total",169,30,8,22,139,112,27
"2011","E00017050","E00017050","Total",163,32,13,19,131,102,29
"2011","E00017052","E00017052","Total",208,39,17,22,169,134,35
"2011","E00017047","E00017047","Total",245,83,28,55,162,127,35
"2011","E00017048","E00017048","Total",251,53,11,42,198,170,28
"2011","E00017051","E00017051","Total",363,75,23,52,288,233,55
"2011","E00017055","E00017055","Total",215,44,10,34,171,140,31
"2011","E00017056","E00017056","Total",240,49,11,38,191,152,39
"2011","E00017037","E00017037","Total",267,62,14,48,205,164,41
"2011","E00017040","E00017040","Total",209,50,17,33,159,127,32
"2011","E00017053","E00017053","Total",154,33,13,20,121,105,16
"2011","E00017054","E00017054","Total",169,30,7,23,139,118,21
"2011","E00017061","E00017061","Total",163,40,12,28,123,100,23
"2011","E00017478","E00017478","Total",169,31,8,23,138,107,31
"2011","E00017482","E00017482","Total",213,16,3,13,197,153,44
"2011","E00017499","E00017499","Total",173,21,4,17,152,116,36
"2011","E00017502","E00017502","Total",158,17,6,11,141,109,32
"2011","E00017508","E00017508","Total",194,18,10,8,176,144,32
"2011","E00017510","E00017510","Total",154,21,8,13,133,103,30
"2011","E00016973","E00016973","Total",123,21,9,12,102,79,23
"2011","E00016974","E00016974","Total",211,23,8,15,188,139,49
"2011","E00016983","E00016983","Total",151,36,14,22,115,88,27
"2011","E00016984","E00016984","Total",220,50,17,33,170,137,33
"2011","E00016990","E00016990","Total",129,27,10,17,102,81,21
"2011","E00017007","E00017007","Total",170,28,14,14,142,112,30
"2011","E00016977","E00016977","Total",190,34,16,18,156,123,33
"2011","E00016978","E00016978","Total",183,24,4,20,159,114,45
"2011","E00016986","E00016986","Total",198,29,10,19,169,123,46
"2011","E00016987","E00016987","Total",189,31,10,21,158,117,41
"2011","E00017004","E00017004","Total",191,34,10,24,157,116,41
"2011","E00017006","E00017006","Total",187,17,7,10,170,122,48
"2011","E00017487","E00017487","Total",129,15,7,8,114,73,41
"2011","E00017490","E00017490","Total",157,29,11,18,128,83,45
"2011","E00017505","E00017505","Total",156,19,5,14,137,95,42
"2011","E00017506","E00017506","Total",173,26,9,17,147,105,42
"2011","E00017509","E00017509","Total",149,22,11,11,127,84,43
"2011","E00017511","E00017511","Total",166,26,6,20,140,90,50
"2011","E00017481","E00017481","Total",153,29,8,21,124,93,31
"2011","E00017485","E00017485","Total",147,21,6,15,126,86,40
"2011","E00017486","E00017486","Total",140,15,6,9,125,85,40
"2011","E00017492","E00017492","Total",180,24,8,16,156,116,40
"2011","E00017503","E00017503","Total",180,27,4,23,153,128,25
"2011","E00017507","E00017507","Total",227,45,8,37,182,148,34
"2011","E00017484","E00017484","Total",181,35,11,24,146,120,26
"2011","E00017488","E00017488","Total",161,36,14,22,125,99,26
"2011","E00017491","E00017491","Total",77,20,7,13,57,50,7
"2011","E00017494","E00017494","Total",206,26,12,14,180,137,43
"2011","E00017497","E00017497","Total",161,16,6,10,145,113,32
"2011","E00166833","E00166833","Total",126,34,9,25,92,76,16
"2011","E00166834","E00166834","Total",150,38,8,30,112,91,21
"2011","E00166839","E00166839","Total",177,11,2,9,166,120,46
"2011","E00017170","E00017170","Total",194,70,24,46,124,104,20
"2011","E00017173","E00017173","Total",199,45,15,30,154,128,26
"2011","E00017176","E00017176","Total",226,62,20,42,164,142,22
"2011","E00017178","E00017178","Total",197,61,18,43,136,120,16
"2011","E00017182","E00017182","Total",200,74,19,55,126,113,13
"2011","E00017171","E00017171","Total",215,60,21,39,155,145,10
"2011","E00017180","E00017180","Total",151,48,15,33,103,88,15
"2011","E00017181","E00017181","Total",154,52,14,38,102,90,12
"2011","E00017183","E00017183","Total",205,53,20,33,152,125,27
"2011","E00017184","E00017184","Total",192,43,9,34,149,119,30
"2011","E00017185","E00017185","Total",214,55,17,38,159,125,34
"2011","E00017186","E00017186","Total",214,57,19,38,157,132,25
"2011","E00017193","E00017193","Total",231,70,20,50,161,132,29
"2011","E00017169","E00017169","Total",177,39,16,23,138,119,19
"2011","E00017175","E00017175","Total",174,49,20,29,125,100,25
"2011","E00017187","E00017187","Total",127,41,11,30,86,77,9
"2011","E00017188","E00017188","Total",149,48,24,24,101,77,24
"2011","E00017191","E00017191","Total",157,51,17,34,106,82,24
"2011","E00017168","E00017168","Total",161,52,8,44,109,96,13
"2011","E00017174","E00017174","Total",140,47,13,34,93,78,15
"2011","E00017177","E00017177","Total",158,51,18,33,107,86,21
"2011","E00017179","E00017179","Total",167,57,18,39,110,84,26
"2011","E00017189","E00017189","Total",218,67,18,49,151,131,20
"2011","E00017044","E00017044","Total",164,47,14,33,117,92,25
"2011","E00017064","E00017064","Total",178,47,10,37,131,110,21
"2011","E00017065","E00017065","Total",157,48,21,27,109,96,13
"2011","E00017066","E00017066","Total",175,53,16,37,122,95,27
"2011","E00017067","E00017067","Total",174,32,13,19,142,113,29
"2011","E00017038","E00017038","Total",174,39,16,23,135,120,15
"2011","E00017039","E00017039","Total",146,29,13,16,117,99,18
"2011","E00017058","E00017058","Total",160,56,22,34,104,87,17
"2011","E00017059","E00017059","Total",162,56,24,32,106,88,18
"2011","E00017063","E00017063","Total",136,50,15,35,86,72,14
"2011","E00017172","E00017172","Total",192,42,10,32,150,118,32
"2011","E00017190","E00017190","Total",151,35,7,28,116,100,16
"2011","E00017192","E00017192","Total",138,33,14,19,105,84,21
"2011","E00017194","E00017194","Total",206,59,10,49,147,120,27
"2011","E00017195","E00017195","Total",187,52,13,39,135,114,21
"2011","E00017237","E00017237","Total",233,65,17,48,168,150,18
"2011","E00017242","E00017242","Total",113,34,12,22,79,67,12
"2011","E00017243","E00017243","Total",159,51,21,30,108,95,13
"2011","E00017244","E00017244","Total",136,48,11,37,88,78,10
"2011","E00017246","E00017246","Total",144,44,13,31,100,81,19
"2011","E00017232","E00017232","Total",186,34,11,23,152,124,28
"2011","E00017234","E00017234","Total",212,60,15,45,152,128,24
"2011","E00017245","E00017245","Total",172,34,17,17,138,119,19
"2011","E00017247","E00017247","Total",136,26,5,21,110,93,17
"2011","E00017252","E00017252","Total",214,48,22,26,166,135,31
"2011","E00017261","E00017261","Total",181,35,7,28,146,126,20
"2011","E00016972","E00016972","Total",139,12,3,9,127,100,27
"2011","E00016979","E00016979","Total",166,20,10,10,146,109,37
"2011","E00016981","E00016981","Total",217,30,7,23,187,142,45
"2011","E00016988","E00016988","Total",192,27,9,18,165,126,39
"2011","E00016991","E00016991","Total",175,22,9,13,153,121,32
"2011","E00016995","E00016995","Total",188,30,10,20,158,118,40
"2011","E00016989","E00016989","Total",132,22,7,15,110,82,28
"2011","E00016994","E00016994","Total",173,37,12,25,136,95,41
"2011","E00016999","E00016999","Total",184,33,9,24,151,111,40
"2011","E00017000","E00017000","Total",127,26,11,15,101,74,27
"2011","E00017001","E00017001","Total",221,45,20,25,176,138,38
"2011","E00017002","E00017002","Total",210,37,17,20,173,142,31
"2011","E00016975","E00016975","Total",151,15,7,8,136,97,39
"2011","E00016976","E00016976","Total",232,43,20,23,189,151,38
"2011","E00016980","E00016980","Total",167,16,9,7,151,108,43
"2011","E00016982","E00016982","Total",170,23,9,14,147,119,28
"2011","E00017003","E00017003","Total",282,36,13,23,246,195,51
"2011","E00017005","E00017005","Total",207,22,6,16,185,134,51
"2011","E00017117","E00017117","Total",171,24,10,14,147,117,30
"2011","E00017118","E00017118","Total",126,17,4,13,109,77,32
"2011","E00017119","E00017119","Total",201,30,10,20,171,121,50
"2011","E00017120","E00017120","Total",185,25,9,16,160,110,50
"2011","E00017121","E00017121","Total",180,21,5,16,159,123,36
"2011","E00017122","E00017122","Total",165,18,9,9,147,100,47
"2011","E00017102","E00017102","Total",197,32,12,20,165,121,44
"2011","E00017103","E00017103","Total",174,45,17,28,129,83,46
"2011","E00017124","E00017124","Total",232,26,9,17,206,160,46
"2011","E00017125","E00017125","Total",196,30,15,15,166,121,45
"2011","E00017127","E00017127","Total",148,30,14,16,118,95,23
"2011","E00017414","E00017414","Total",148,28,16,12,120,68,52
"2011","E00017418","E00017418","Total",176,36,19,17,140,91,49
"2011","E00017444","E00017444","Total",228,35,12,23,193,133,60
"2011","E00017445","E00017445","Total",124,30,9,21,94,60,34
"2011","E00017446","E00017446","Total",169,43,9,34,126,82,44
"2011","E00017417","E00017417","Total",150,47,21,26,103,63,40
"2011","E00017420","E00017420","Total",136,25,8,17,111,79,32
"2011","E00017424","E00017424","Total",139,29,10,19,110,79,31
"2011","E00017427","E00017427","Total",203,48,21,27,155,103,52
"2011","E00017430","E00017430","Total",172,27,6,21,145,105,40
"2011","E00017416","E00017416","Total",149,37,19,18,112,74,38
"2011","E00017419","E00017419","Total",121,26,10,16,95,58,37
"2011","E00017422","E00017422","Total",134,36,18,18,98,74,24
"2011","E00017426","E00017426","Total",132,18,10,8,114,92,22
"2011","E00017429","E00017429","Total",141,20,12,8,121,99,22
"2011","E00017434","E00017434","Total",153,28,6,22,125,99,26
"2011","E00017415","E00017415","Total",130,32,13,19,98,72,26
"2011","E00017423","E00017423","Total",153,36,7,29,117,91,26
"2011","E00017425","E00017425","Total",131,35,17,18,96,56,40
"2011","E00017431","E00017431","Total",140,29,11,18,111,83,28
"2011","E00017433","E00017433","Total",158,33,12,21,125,88,37
"2011","E00017438","E00017438","Total",177,41,14,27,136,113,23
"2011","E00017520","E00017520","Total",96,24,7,17,72,46,26
"2011","E00017521","E00017521","Total",164,54,21,33,110,58,52
"2011","E00017523","E00017523","Total",163,41,16,25,122,85,37
"2011","E00017524","E00017524","Total",163,37,12,25,126,85,41
"2011","E00017109","E00017109","Total",173,28,6,22,145,112,33
"2011","E00017111","E00017111","Total",215,42,14,28,173,143,30
"2011","E00017116","E00017116","Total",164,23,9,14,141,102,39
"2011","E00017130","E00017130","Total",151,33,11,22,118,85,33
"2011","E00017132","E00017132","Total",179,43,18,25,136,100,36
"2011","E00017134","E00017134","Total",124,39,13,26,85,64,21
"2011","E00017104","E00017104","Total",136,25,7,18,111,92,19
"2011","E00017105","E00017105","Total",138,26,9,17,112,89,23
"2011","E00017108","E00017108","Total",195,27,7,20,168,137,31
"2011","E00017112","E00017112","Total",154,22,6,16,132,103,29
"2011","E00017133","E00017133","Total",176,39,17,22,137,107,30
"2011","E00017135","E00017135","Total",142,27,10,17,115,94,21
"2011","E00017123","E00017123","Total",175,27,6,21,148,117,31
"2011","E00017126","E00017126","Total",156,25,6,19,131,86,45
"2011","E00017128","E00017128","Total",190,46,14,32,144,96,48
"2011","E00017129","E00017129","Total",192,38,14,24,154,117,37
"2011","E00017131","E00017131","Total",191,46,17,29,145,91,54
"2011","E00017208","E00017208","Total",135,11,6,5,124,98,26
"2011","E00017209","E00017209","Total",175,33,12,21,142,101,41
"2011","E00017210","E00017210","Total",167,31,11,20,136,103,33
"2011","E00017211","E00017211","Total",218,40,10,30,178,136,42
"2011","E00017212","E00017212","Total",182,25,9,16,157,117,40
"2011","E00017345","E00017345","Total",207,43,19,24,164,120,44
"2011","E00017346","E00017346","Total",167,39,13,26,128,94,34
"2011","E00017348","E00017348","Total",144,42,13,29,102,79,23
"2011","E00017349","E00017349","Total",178,26,8,18,152,124,28
"2011","E00017350","E00017350","Total",168,36,9,27,132,104,28
"2011","E00016985","E00016985","Total",153,33,8,25,120,98,22
"2011","E00016992","E00016992","Total",153,45,11,34,108,85,23
"2011","E00016993","E00016993","Total",198,56,21,35,142,120,22
"2011","E00016996","E00016996","Total",96,40,13,27,56,44,12
"2011","E00016997","E00016997","Total",179,37,20,17,142,115,27
"2011","E00016998","E00016998","Total",121,33,12,21,88,76,12
"2011","E00017069","E00017069","Total",132,40,20,20,92,81,11
"2011","E00017074","E00017074","Total",197,68,23,45,129,114,15
"2011","E00017076","E00017076","Total",162,38,15,23,124,104,20
"2011","E00017077","E00017077","Total",118,35,10,25,83,75,8
"2011","E00017080","E00017080","Total",136,41,14,27,95,72,23
"2011","E00017078","E00017078","Total",154,60,13,47,94,78,16
"2011","E00017079","E00017079","Total",128,50,14,36,78,69,9
"2011","E00017083","E00017083","Total",126,53,13,40,73,66,7
"2011","E00017086","E00017086","Total",112,44,14,30,68,59,9
"2011","E00017093","E00017093","Total",106,32,9,23,74,66,8
"2011","E00017233","E00017233","Total",216,46,16,30,170,150,20
"2011","E00017238","E00017238","Total",210,34,7,27,176,139,37
"2011","E00017239","E00017239","Total",208,42,13,29,166,138,28
"2011","E00017248","E00017248","Total",194,46,17,29,148,125,23
"2011","E00017251","E00017251","Total",152,38,16,22,114,102,12
"2011","E00017258","E00017258","Total",169,45,14,31,124,107,17
"2011","E00017236","E00017236","Total",198,33,12,21,165,147,18
"2011","E00017256","E00017256","Total",186,74,17,57,112,95,17
"2011","E00017259","E00017259","Total",130,48,17,31,82,70,12
"2011","E00017262","E00017262","Total",144,33,10,23,111,98,13
"2011","E00017264","E00017264","Total",214,47,14,33,167,142,25
"2011","E00017145","E00017145","Total",161,44,13,31,117,97,20
"2011","E00017146","E00017146","Total",193,73,22,51,120,103,17
"2011","E00017150","E00017150","Total",161,45,8,37,116,97,19
"2011","E00166840","E00166840","Total",75,28,5,23,47,42,5
"2011","E00166841","E00166841","Total",171,61,12,49,110,91,19
"2011","E00166842","E00166842","Total",128,41,11,30,87,72,15
"2011","E00166843","E00166843","Total",117,39,9,30,78,59,19
"2011","E00017147","E00017147","Total",142,39,11,28,103,90,13
"2011","E00017148","E00017148","Total",92,22,5,17,70,58,12
"2011","E00017152","E00017152","Total",142,38,10,28,104,94,10
"2011","E00017157","E00017157","Total",102,35,9,26,67,57,10
"2011","E00017164","E00017164","Total",160,50,21,29,110,100,10
"2011","E00017141","E00017141","Total",183,58,11,47,125,108,17
"2011","E00017162","E00017162","Total",182,52,14,38,130,111,19
"2011","E00017163","E00017163","Total",156,34,14,20,122,98,24
"2011","E00017166","E00017166","Total",161,62,20,42,99,88,11
"2011","E00017167","E00017167","Total",169,46,13,33,123,103,20
"2011","E00017140","E00017140","Total",181,56,17,39,125,111,14
"2011","E00017142","E00017142","Total",194,66,22,44,128,100,28
"2011","E00017143","E00017143","Total",146,41,17,24,105,83,22
"2011","E00017144","E00017144","Total",175,40,13,27,135,121,14
"2011","E00017241","E00017241","Total",145,45,18,27,100,89,11
"2011","E00017249","E00017249","Total",134,42,13,29,92,79,13
"2011","E00017250","E00017250","Total",157,44,12,32,113,93,20
"2011","E00017253","E00017253","Total",165,52,11,41,113,102,11
"2011","E00017254","E00017254","Total",162,54,12,42,108,85,23
"2011","E00017137","E00017137","Total",174,41,11,30,133,112,21
"2011","E00017139","E00017139","Total",144,43,19,24,101,90,11
"2011","E00017153","E00017153","Total",102,40,11,29,62,57,5
"2011","E00017161","E00017161","Total",134,38,13,25,96,83,13
"2011","E00017165","E00017165","Total",165,37,6,31,128,113,15
"2011","E00017138","E00017138","Total",174,63,23,40,111,97,14
"2011","E00017151","E00017151","Total",104,33,10,23,71,60,11
"2011","E00017159","E00017159","Total",142,45,11,34,97,82,15
"2011","E00017160","E00017160","Total",118,33,12,21,85,72,13
"2011","E00017273","E00017273","Total",173,50,18,32,123,105,18
"2011","E00017274","E00017274","Total",149,40,10,30,109,89,20
"2011","E00017275","E00017275","Total",178,57,21,36,121,98,23
"2011","E00017276","E00017276","Total",156,38,10,28,118,101,17
"2011","E00017277","E00017277","Total",90,25,4,21,65,51,14
"2011","E00017282","E00017282","Total",111,28,11,17,83,71,12
"2011","E00017265","E00017265","Total",179,56,19,37,123,112,11
"2011","E00017266","E00017266","Total",150,39,12,27,111,98,13
"2011","E00017269","E00017269","Total",175,51,20,31,124,105,19
"2011","E00017271","E00017271","Total",78,21,5,16,57,52,5
"2011","E00017280","E00017280","Total",197,48,20,28,149,128,21
"2011","E00017356","E00017356","Total",155,49,18,31,106,91,15
"2011","E00017357","E00017357","Total",188,47,14,33,141,124,17
"2011","E00017370","E00017370","Total",148,51,20,31,97,81,16
"2011","E00017375","E00017375","Total",152,40,12,28,112,94,18
"2011","E00017018","E00017018","Total",179,49,18,31,130,106,24
"2011","E00017022","E00017022","Total",177,43,18,25,134,109,25
"2011","E00017023","E00017023","Total",179,48,13,35,131,110,21
"2011","E00017024","E00017024","Total",185,40,16,24,145,115,30
"2011","E00017026","E00017026","Total",150,39,5,34,111,93,18
"2011","E00017322","E00017322","Total",171,42,16,26,129,97,32
"2011","E00017323","E00017323","Total",144,40,12,28,104,82,22
"2011","E00017328","E00017328","Total",156,43,12,31,113,90,23
"2011","E00017343","E00017343","Total",101,30,11,19,71,48,23
"2011","E00017347","E00017347","Total",159,46,19,27,113,79,34
"2011","E00017330","E00017330","Total",203,59,21,38,144,109,35
"2011","E00017331","E00017331","Total",174,48,19,29,126,92,34
"2011","E00017335","E00017335","Total",168,48,18,30,120,96,24
"2011","E00017351","E00017351","Total",177,45,15,30,132,102,30
"2011","E00017326","E00017326","Total",184,45,18,27,139,105,34
"2011","E00017327","E00017327","Total",156,50,15,35,106,80,26
"2011","E00017332","E00017332","Total",166,44,15,29,122,92,30
"2011","E00017333","E00017333","Total",159,36,13,23,123,104,19
"2011","E00017334","E00017334","Total",179,41,11,30,138,109,29
"2011","E00017325","E00017325","Total",106,24,6,18,82,54,28
"2011","E00017329","E00017329","Total",154,38,17,21,116,84,32
"2011","E00017341","E00017341","Total",155,20,9,11,135,96,39
"2011","E00017342","E00017342","Total",198,22,11,11,176,138,38
"2011","E00017344","E00017344","Total",179,21,7,14,158,109,49
"2011","E00017016","E00017016","Total",165,46,16,30,119,97,22
"2011","E00017017","E00017017","Total",178,42,14,28,136,113,23
"2011","E00017019","E00017019","Total",143,21,10,11,122,101,21
"2011","E00017020","E00017020","Total",159,37,12,25,122,100,22
"2011","E00017021","E00017021","Total",202,38,6,32,164,146,18
"2011","E00017106","E00017106","Total",142,18,2,16,124,99,25
"2011","E00017107","E00017107","Total",180,28,2,26,152,123,29
"2011","E00017110","E00017110","Total",127,14,5,9,113,86,27
"2011","E00017113","E00017113","Total",163,21,4,17,142,114,28
"2011","E00017114","E00017114","Total",169,29,14,15,140,121,19
"2011","E00017115","E00017115","Total",184,36,10,26,148,118,30
"2011","E00017421","E00017421","Total",180,30,9,21,150,111,39
"2011","E00017428","E00017428","Total",171,44,16,28,127,95,32
"2011","E00017432","E00017432","Total",159,28,11,17,131,89,42
"2011","E00017435","E00017435","Total",133,14,5,9,119,93,26
"2011","E00017436","E00017436","Total",207,28,8,20,179,151,28
"2011","E00017437","E00017437","Total",209,29,7,22,180,149,31
"2011","E00017413","E00017413","Total",188,22,4,18,166,127,39
"2011","E00017439","E00017439","Total",144,35,9,26,109,93,16
"2011","E00017440","E00017440","Total",114,28,10,18,86,76,10
"2011","E00017441","E00017441","Total",144,49,19,30,95,83,12
"2011","E00017442","E00017442","Total",120,44,14,30,76,59,17
"2011","E00017443","E00017443","Total",100,14,7,7,86,72,14
"2011","E00017545","E00017545","Total",202,53,22,31,149,124,25
"2011","E00017567","E00017567","Total",188,29,8,21,159,121,38
"2011","E00017568","E00017568","Total",139,36,13,23,103,85,18
"2011","E00017569","E00017569","Total",187,50,25,25,137,107,30
"2011","E00017570","E00017570","Total",82,18,3,15,64,54,10
"2011","E00017267","E00017267","Total",275,64,19,45,211,188,23
"2011","E00017272","E00017272","Total",185,46,10,36,139,122,17
"2011","E00017278","E00017278","Total",228,69,19,50,159,137,22
"2011","E00017279","E00017279","Total",151,41,19,22,110,93,17
"2011","E00017281","E00017281","Total",114,20,9,11,94,80,14
"2011","E00017284","E00017284","Total",123,32,8,24,91,75,16
"2011","E00017285","E00017285","Total",143,43,12,31,100,80,20
"2011","E00017286","E00017286","Total",181,45,11,34,136,111,25
"2011","E00017287","E00017287","Total",149,43,18,25,106,97,9
"2011","E00017293","E00017293","Total",146,51,19,32,95,81,14
"2011","E00017283","E00017283","Total",150,36,11,25,114,98,16
"2011","E00017288","E00017288","Total",163,43,17,26,120,103,17
"2011","E00017289","E00017289","Total",125,41,8,33,84,73,11
"2011","E00017290","E00017290","Total",178,52,18,34,126,107,19
"2011","E00017292","E00017292","Total",147,42,14,28,105,92,13
"2011","E00017268","E00017268","Total",174,54,14,40,120,106,14
"2011","E00017270","E00017270","Total",190,56,17,39,134,114,20
"2011","E00017291","E00017291","Total",179,41,15,26,138,119,19
"2011","E00017294","E00017294","Total",188,48,17,31,140,127,13
"2011","E00017361","E00017361","Total",166,42,7,35,124,105,19
"2011","E00017374","E00017374","Total",205,66,18,48,139,121,18
"2011","E00017377","E00017377","Total",216,81,33,48,135,108,27
"2011","E00017380","E00017380","Total",173,51,16,35,122,103,19
"2011","E00017071","E00017071","Total",171,54,13,41,117,103,14
"2011","E00017087","E00017087","Total",109,46,13,33,63,53,10
"2011","E00017094","E00017094","Total",124,41,10,31,83,74,9
"2011","E00017095","E00017095","Total",167,46,20,26,121,108,13
"2011","E00017068","E00017068","Total",233,59,21,38,174,148,26
"2011","E00017072","E00017072","Total",244,82,25,57,162,139,23
"2011","E00017073","E00017073","Total",175,39,14,25,136,104,32
"2011","E00017082","E00017082","Total",201,58,22,36,143,128,15
"2011","E00017091","E00017091","Total",131,36,4,32,95,80,15
"2011","E00017070","E00017070","Total",163,52,8,44,111,100,11
"2011","E00017081","E00017081","Total",153,52,17,35,101,90,11
"2011","E00017084","E00017084","Total",115,36,11,25,79,67,12
"2011","E00017085","E00017085","Total",125,40,7,33,85,70,15
"2011","E00017088","E00017088","Total",102,38,9,29,64,53,11
"2011","E00017090","E00017090","Total",85,29,8,21,56,47,9
"2011","E00017149","E00017149","Total",160,45,19,26,115,106,9
"2011","E00017154","E00017154","Total",113,41,12,29,72,65,7
"2011","E00017155","E00017155","Total",138,46,13,33,92,83,9
"2011","E00017156","E00017156","Total",161,57,16,41,104,94,10
"2011","E00017158","E00017158","Total",124,51,13,38,73,65,8
"2011","E00017235","E00017235","Total",80,25,11,14,55,48,7
"2011","E00017240","E00017240","Total",131,27,4,23,104,88,16
"2011","E00017255","E00017255","Total",153,50,13,37,103,83,20
"2011","E00017257","E00017257","Total",168,52,12,40,116,96,20
"2011","E00017260","E00017260","Total",73,16,6,10,57,53,4
"2011","E00017263","E00017263","Total",186,64,14,50,122,107,15
"2011","E00017360","E00017360","Total",172,55,18,37,117,101,16
"2011","E00017362","E00017362","Total",181,61,13,48,120,100,20
"2011","E00017364","E00017364","Total",193,52,9,43,141,122,19
"2011","E00017367","E00017367","Total",168,49,16,33,119,103,16
"2011","E00017358","E00017358","Total",131,37,8,29,94,85,9
"2011","E00017371","E00017371","Total",106,38,13,25,68,60,8
"2011","E00017372","E00017372","Total",101,37,13,24,64,54,10
"2011","E00017379","E00017379","Total",172,63,24,39,109,96,13
"2011","E00017381","E00017381","Total",115,44,10,34,71,62,9
"2011","E00017352","E00017352","Total",152,40,13,27,112,107,5
"2011","E00017353","E00017353","Total",221,75,25,50,146,131,15
"2011","E00017363","E00017363","Total",132,42,16,26,90,86,4
"2011","E00017365","E00017365","Total",130,46,12,34,84,74,10
"2011","E00017354","E00017354","Total",164,50,24,26,114,93,21
"2011","E00017355","E00017355","Total",193,70,25,45,123,110,13
"2011","E00017359","E00017359","Total",142,53,18,35,89,79,10
"2011","E00017366","E00017366","Total",121,46,14,32,75,63,12
"2011","E00017368","E00017368","Total",114,37,16,21,77,66,11
"2011","E00017369","E00017369","Total",150,36,9,27,114,105,9
"2011","E00017373","E00017373","Total",150,47,13,34,103,90,13
"2011","E00017376","E00017376","Total",103,27,11,16,76,68,8
"2011","E00017378","E00017378","Total",172,53,14,39,119,103,16
"2011","E00017546","E00017546","Total",137,37,17,20,100,86,14
"2011","E00017547","E00017547","Total",153,35,17,18,118,97,21
"2011","E00017554","E00017554","Total",154,43,15,28,111,86,25
"2011","E00017556","E00017556","Total",212,47,18,29,165,137,28
"2011","E00017571","E00017571","Total",160,37,10,27,123,105,18
"2011","E00017543","E00017543","Total",132,38,10,28,94,64,30
"2011","E00017544","E00017544","Total",165,39,15,24,126,97,29
"2011","E00017548","E00017548","Total",189,30,7,23,159,122,37
"2011","E00017551","E00017551","Total",166,50,15,35,116,97,19
"2011","E00017559","E00017559","Total",194,43,16,27,151,118,33
"2011","E00017553","E00017553","Total",172,60,17,43,112,88,24
"2011","E00017558","E00017558","Total",181,48,19,29,133,110,23
"2011","E00017560","E00017560","Total",206,48,14,34,158,130,28
"2011","E00017563","E00017563","Total",180,44,11,33,136,113,23
"2011","E00017566","E00017566","Total",174,45,19,26,129,104,25
"2011","E00017549","E00017549","Total",187,59,17,42,128,98,30
"2011","E00017552","E00017552","Total",158,37,10,27,121,109,12
"2011","E00017555","E00017555","Total",160,46,18,28,114,106,8
"2011","E00017561","E00017561","Total",177,58,14,44,119,99,20
"2011","E00017565","E00017565","Total",161,46,19,27,115,87,28
"2011","E00017542","E00017542","Total",183,50,16,34,133,113,20
"2011","E00017550","E00017550","Total",187,44,19,25,143,110,33
"2011","E00017557","E00017557","Total",168,46,14,32,122,106,16
"2011","E00017562","E00017562","Total",198,65,21,44,133,115,18
"2011","E00017564","E00017564","Total",167,51,15,36,116,91,25
"2011","E00017008","E00017008","Total",180,51,20,31,129,100,29
"2011","E00017025","E00017025","Total",144,39,9,30,105,85,20
"2011","E00017028","E00017028","Total",160,41,11,30,119,98,21
"2011","E00017030","E00017030","Total",187,54,18,36,133,105,28
"2011","E00017009","E00017009","Total",190,41,16,25,149,126,23
"2011","E00017010","E00017010","Total",140,48,14,34,92,74,18
"2011","E00017011","E00017011","Total",190,56,20,36,134,106,28
"2011","E00017012","E00017012","Total",168,49,19,30,119,96,23
"2011","E00017032","E00017032","Total",153,50,17,33,103,86,17
"2011","E00017013","E00017013","Total",195,57,16,41,138,111,27
"2011","E00017014","E00017014","Total",177,50,14,36,127,111,16
"2011","E00017015","E00017015","Total",204,56,21,35,148,127,21
"2011","E00017034","E00017034","Total",186,49,20,29,137,104,33
"2011","E00017035","E00017035","Total",114,30,10,20,84,57,27
"2011","E00017027","E00017027","Total",186,51,16,35,135,115,20
"2011","E00017029","E00017029","Total",186,54,19,35,132,104,28
"2011","E00017031","E00017031","Total",178,42,16,26,136,106,30
"2011","E00017033","E00017033","Total",146,36,14,22,110,90,20
"2011","E00017313","E00017313","Total",184,58,22,36,126,96,30
"2011","E00017314","E00017314","Total",164,36,23,13,128,106,22
"2011","E00017315","E00017315","Total",172,50,12,38,122,93,29
"2011","E00017316","E00017316","Total",164,37,13,24,127,113,14
"2011","E00017318","E00017318","Total",184,38,9,29,146,124,22
"2011","E00017089","E00017089","Total",145,51,14,37,94,80,14
"2011","E00017092","E00017092","Total",115,37,11,26,78,67,11
"2011","E00017096","E00017096","Total",159,49,14,35,110,87,23
"2011","E00017099","E00017099","Total",173,47,17,30,126,101,25
"2011","E00017075","E00017075","Total",141,33,15,18,108,92,16
"2011","E00017097","E00017097","Total",163,38,9,29,125,107,18
"2011","E00017098","E00017098","Total",175,42,11,31,133,112,21
"2011","E00017100","E00017100","Total",96,22,9,13,74,59,15
"2011","E00017101","E00017101","Total",214,65,24,41,149,130,19
"2011","E00017386","E00017386","Total",139,46,18,28,93,73,20
"2011","E00017405","E00017405","Total",159,43,10,33,116,102,14
"2011","E00017407","E00017407","Total",137,47,19,28,90,75,15
"2011","E00017409","E00017409","Total",138,47,21,26,91,66,25
"2011","E00017410","E00017410","Total",151,46,11,35,105,90,15
"2011","E00017411","E00017411","Total",142,37,13,24,105,91,14
"2011","E00017393","E00017393","Total",156,23,5,18,133,115,18
"2011","E00017397","E00017397","Total",167,54,26,28,113,98,15
"2011","E00017398","E00017398","Total",136,39,11,28,97,74,23
"2011","E00017400","E00017400","Total",138,39,16,23,99,88,11
"2011","E00017401","E00017401","Total",133,47,11,36,86,79,7
"2011","E00017383","E00017383","Total",133,41,14,27,92,81,11
"2011","E00017402","E00017402","Total",149,53,22,31,96,87,9
"2011","E00017403","E00017403","Total",205,56,20,36,149,131,18
"2011","E00017404","E00017404","Total",175,49,20,29,126,112,14
"2011","E00017406","E00017406","Total",164,46,12,34,118,104,14
"2011","E00017324","E00017324","Total",151,49,16,33,102,82,20
"2011","E00017336","E00017336","Total",156,24,8,16,132,103,29
"2011","E00017337","E00017337","Total",152,35,14,21,117,99,18
"2011","E00017338","E00017338","Total",147,45,13,32,102,86,16
"2011","E00017339","E00017339","Total",147,33,8,25,114,99,15
"2011","E00017340","E00017340","Total",148,43,14,29,105,83,22
"2011","E00017384","E00017384","Total",131,36,13,23,95,85,10
"2011","E00017387","E00017387","Total",113,41,10,31,72,65,7
"2011","E00017388","E00017388","Total",172,42,11,31,130,108,22
"2011","E00017408","E00017408","Total",164,46,13,33,118,93,25
"2011","E00017412","E00017412","Total",139,37,7,30,102,86,16
"2011","E00017382","E00017382","Total",163,48,16,32,115,100,15
"2011","E00017394","E00017394","Total",102,41,15,26,61,56,5
"2011","E00017395","E00017395","Total",154,41,18,23,113,91,22
"2011","E00017396","E00017396","Total",149,49,16,33,100,84,16
"2011","E00017399","E00017399","Total",139,36,14,22,103,83,20
"2011","E00017449","E00017449","Total",145,43,12,31,102,90,12
"2011","E00017451","E00017451","Total",179,42,10,32,137,112,25
"2011","E00017456","E00017456","Total",159,47,14,33,112,98,14
"2011","E00017458","E00017458","Total",118,35,10,25,83,70,13
"2011","E00017477","E00017477","Total",160,55,16,39,105,85,20
"2011","E00017448","E00017448","Total",208,53,12,41,155,132,23
"2011","E00017473","E00017473","Total",143,46,14,32,97,89,8
"2011","E00017474","E00017474","Total",152,49,17,32,103,91,12
"2011","E00017475","E00017475","Total",118,29,9,20,89,77,12
"2011","E00017476","E00017476","Total",138,50,7,43,88,75,13
"2011","E00017385","E00017385","Total",204,60,28,32,144,132,12
"2011","E00017389","E00017389","Total",159,44,8,36,115,96,19
"2011","E00017390","E00017390","Total",151,47,17,30,104,92,12
"2011","E00017391","E00017391","Total",138,56,18,38,82,66,16
"2011","E00017392","E00017392","Total",106,35,10,25,71,64,7
"2011","E00017450","E00017450","Total",145,39,17,22,106,86,20
"2011","E00017452","E00017452","Total",147,38,11,27,109,97,12
"2011","E00017453","E00017453","Total",199,46,12,34,153,126,27
"2011","E00017454","E00017454","Total",153,46,17,29,107,89,18
"2011","E00017455","E00017455","Total",150,46,13,33,104,82,22
"2011","E00017459","E00017459","Total",142,35,11,24,107,92,15
"2011","E00017460","E00017460","Total",140,40,9,31,100,82,18
"2011","E00017463","E00017463","Total",139,48,14,34,91,77,14
"2011","E00017465","E00017465","Total",163,53,13,40,110,92,18
"2011","E00017466","E00017466","Total",145,41,15,26,104,90,14
"2011","E00017447","E00017447","Total",179,51,13,38,128,108,20
"2011","E00017462","E00017462","Total",141,37,14,23,104,88,16
"2011","E00017464","E00017464","Total",166,47,17,30,119,100,19
"2011","E00017467","E00017467","Total",186,59,21,38,127,98,29
"2011","E00017471","E00017471","Total",183,47,11,36,136,115,21
"2011","E00017457","E00017457","Total",156,61,27,34,95,80,15
"2011","E00017461","E00017461","Total",174,50,17,33,124,116,8
"2011","E00017468","E00017468","Total",133,47,12,35,86,75,11
"2011","E00017469","E00017469","Total",186,49,18,31,137,106,31
"2011","E00017470","E00017470","Total",151,36,11,25,115,96,19
"2011","E00017472","E00017472","Total",103,30,14,16,73,58,15
"2011","E00017300","E00017300","Total",166,40,11,29,126,106,20
"2011","E00017301","E00017301","Total",164,62,18,44,102,86,16
"2011","E00017306","E00017306","Total",204,47,14,33,157,132,25
"2011","E00017309","E00017309","Total",139,41,14,27,98,79,19
"2011","E00017319","E00017319","Total",157,39,9,30,118,102,16
"2011","E00017296","E00017296","Total",205,58,19,39,147,131,16
"2011","E00017299","E00017299","Total",203,48,5,43,155,134,21
"2011","E00017307","E00017307","Total",175,61,20,41,114,94,20
"2011","E00017308","E00017308","Total",212,64,19,45,148,127,21
"2011","E00017295","E00017295","Total",187,53,14,39,134,118,16
"2011","E00017298","E00017298","Total",172,39,10,29,133,114,19
"2011","E00017302","E00017302","Total",168,43,16,27,125,112,13
"2011","E00017303","E00017303","Total",138,32,5,27,106,86,20
"2011","E00017304","E00017304","Total",252,71,23,48,181,150,31
"2011","E00017305","E00017305","Total",190,47,22,25,143,123,20
"2011","E00017310","E00017310","Total",176,51,11,40,125,106,19
"2011","E00017311","E00017311","Total",190,53,19,34,137,111,26
"2011","E00017312","E00017312","Total",157,43,13,30,114,84,30
"2011","E00017297","E00017297","Total",212,61,19,42,151,118,33
"2011","E00017317","E00017317","Total",182,50,21,29,132,113,19
"2011","E00017320","E00017320","Total",162,51,21,30,111,94,17
"2011","E00017321","E00017321","Total",158,48,18,30,110,88,22
"2011","E00018828","E00018828","Total",145,39,15,24,106,80,26
"2011","E00018829","E00018829","Total",123,40,14,26,83,60,23
"2011","E00018830","E00018830","Total",163,47,22,25,116,75,41
"2011","E00018831","E00018831","Total",117,25,9,16,92,69,23
"2011","E00018833","E00018833","Total",145,37,10,27,108,81,27
"2011","E00018832","E00018832","Total",174,46,22,24,128,86,42
"2011","E00018836","E00018836","Total",176,63,23,40,113,83,30
"2011","E00018839","E00018839","Total",195,56,23,33,139,92,47
"2011","E00018840","E00018840","Total",180,56,28,28,124,80,44
"2011","E00018834","E00018834","Total",192,67,24,43,125,86,39
"2011","E00018835","E00018835","Total",181,50,15,35,131,86,45
"2011","E00018838","E00018838","Total",111,31,10,21,80,59,21
"2011","E00018841","E00018841","Total",129,33,14,19,96,67,29
"2011","E00018845","E00018845","Total",119,35,12,23,84,65,19
"2011","E00018837","E00018837","Total",144,33,10,23,111,84,27
"2011","E00018842","E00018842","Total",167,46,17,29,121,78,43
"2011","E00018843","E00018843","Total",169,50,18,32,119,80,39
"2011","E00018844","E00018844","Total",141,45,16,29,96,61,35
"2011","E00018846","E00018846","Total",169,56,19,37,113,77,36
"2011","E00018847","E00018847","Total",169,43,22,21,126,80,46
"2011","E00018848","E00018848","Total",190,44,16,28,146,102,44
"2011","E00018849","E00018849","Total",184,45,17,28,139,90,49
"2011","E00018824","E00018824","Total",162,55,18,37,107,82,25
"2011","E00018826","E00018826","Total",179,47,22,25,132,109,23
"2011","E00018852","E00018852","Total",132,24,10,14,108,89,19
"2011","E00018853","E00018853","Total",208,56,17,39,152,124,28
"2011","E00018854","E00018854","Total",179,47,9,38,132,108,24
"2011","E00018822","E00018822","Total",155,43,19,24,112,82,30
"2011","E00018823","E00018823","Total",151,34,9,25,117,86,31
"2011","E00018825","E00018825","Total",202,59,17,42,143,103,40
"2011","E00018827","E00018827","Total",106,25,12,13,81,61,20
"2011","E00018850","E00018850","Total",134,19,7,12,115,80,35
"2011","E00018851","E00018851","Total",121,23,6,17,98,79,19
"2011","E00018736","E00018736","Total",123,42,11,31,81,64,17
"2011","E00018741","E00018741","Total",139,47,13,34,92,76,16
"2011","E00018742","E00018742","Total",85,30,11,19,55,47,8
"2011","E00018743","E00018743","Total",146,43,10,33,103,88,15
"2011","E00018745","E00018745","Total",121,32,15,17,89,75,14
"2011","E00018746","E00018746","Total",100,25,6,19,75,59,16
"2011","E00018712","E00018712","Total",171,40,10,30,131,115,16
"2011","E00018713","E00018713","Total",167,42,13,29,125,103,22
"2011","E00018725","E00018725","Total",138,32,12,20,106,91,15
"2011","E00018749","E00018749","Total",163,41,15,26,122,97,25
"2011","E00018750","E00018750","Total",119,44,11,33,75,70,5
"2011","E00018716","E00018716","Total",166,51,9,42,115,92,23
"2011","E00018719","E00018719","Total",158,35,15,20,123,109,14
"2011","E00018727","E00018727","Total",124,43,11,32,81,69,12
"2011","E00018732","E00018732","Total",132,46,20,26,86,76,10
"2011","E00018748","E00018748","Total",153,32,12,20,121,98,23
"2011","E00018715","E00018715","Total",174,50,17,33,124,109,15
"2011","E00018718","E00018718","Total",109,29,6,23,80,65,15
"2011","E00018723","E00018723","Total",97,25,7,18,72,58,14
"2011","E00018724","E00018724","Total",120,36,8,28,84,75,9
"2011","E00018730","E00018730","Total",109,30,15,15,79,70,9
"2011","E00018738","E00018738","Total",121,36,14,22,85,78,7
"2011","E00018739","E00018739","Total",116,20,4,16,96,83,13
"2011","E00018740","E00018740","Total",179,38,9,29,141,124,17
"2011","E00018744","E00018744","Total",124,36,10,26,88,70,18
"2011","E00018747","E00018747","Total",140,37,7,30,103,84,19
"2011","E00018714","E00018714","Total",170,52,19,33,118,97,21
"2011","E00018717","E00018717","Total",134,29,10,19,105,77,28
"2011","E00018720","E00018720","Total",182,44,9,35,138,122,16
"2011","E00018729","E00018729","Total",155,49,14,35,106,87,19
"2011","E00018711","E00018711","Total",173,47,12,35,126,106,20
"2011","E00018721","E00018721","Total",127,28,6,22,99,80,19
"2011","E00018726","E00018726","Total",125,38,12,26,87,69,18
"2011","E00018734","E00018734","Total",125,33,10,23,92,75,17
"2011","E00018737","E00018737","Total",128,24,6,18,104,90,14
"2011","E00018722","E00018722","Total",128,31,7,24,97,81,16
"2011","E00018728","E00018728","Total",136,36,7,29,100,84,16
"2011","E00018731","E00018731","Total",101,31,8,23,70,61,9
"2011","E00018733","E00018733","Total",147,33,13,20,114,97,17
"2011","E00018735","E00018735","Total",132,33,7,26,99,86,13
"2011","E00018408","E00018408","Total",146,32,11,21,114,99,15
"2011","E00018432","E00018432","Total",159,44,17,27,115,93,22
"2011","E00018437","E00018437","Total",145,36,14,22,109,92,17
"2011","E00018438","E00018438","Total",174,43,16,27,131,107,24
"2011","E00018440","E00018440","Total",128,32,11,21,96,78,18
"2011","E00018405","E00018405","Total",145,26,8,18,119,98,21
"2011","E00018419","E00018419","Total",193,41,13,28,152,113,39
"2011","E00018422","E00018422","Total",154,31,7,24,123,99,24
"2011","E00018423","E00018423","Total",147,34,14,20,113,98,15
"2011","E00018429","E00018429","Total",169,36,11,25,133,109,24
"2011","E00018426","E00018426","Total",112,45,12,33,67,56,11
"2011","E00018427","E00018427","Total",117,27,10,17,90,78,12
"2011","E00018430","E00018430","Total",132,31,7,24,101,77,24
"2011","E00018433","E00018433","Total",202,55,16,39,147,126,21
"2011","E00018434","E00018434","Total",179,49,16,33,130,102,28
"2011","E00018413","E00018413","Total",175,45,18,27,130,99,31
"2011","E00018414","E00018414","Total",218,55,16,39,163,137,26
"2011","E00018415","E00018415","Total",207,46,15,31,161,138,23
"2011","E00018416","E00018416","Total",159,28,12,16,131,103,28
"2011","E00018417","E00018417","Total",193,40,12,28,153,128,25
"2011","E00018418","E00018418","Total",141,37,11,26,104,97,7
"2011","E00018420","E00018420","Total",151,43,17,26,108,93,15
"2011","E00018421","E00018421","Total",132,28,6,22,104,87,17
"2011","E00018424","E00018424","Total",136,33,10,23,103,82,21
"2011","E00018425","E00018425","Total",129,34,13,21,95,83,12
"2011","E00018406","E00018406","Total",178,46,16,30,132,113,19
"2011","E00018410","E00018410","Total",112,38,12,26,74,55,19
"2011","E00018411","E00018411","Total",132,33,9,24,99,81,18
"2011","E00018428","E00018428","Total",169,35,11,24,134,102,32
"2011","E00018431","E00018431","Total",164,43,14,29,121,95,26
"2011","E00018435","E00018435","Total",144,35,14,21,109,83,26
"2011","E00018436","E00018436","Total",148,48,13,35,100,82,18
"2011","E00018407","E00018407","Total",190,38,12,26,152,122,30
"2011","E00018409","E00018409","Total",167,34,12,22,133,114,19
"2011","E00018412","E00018412","Total",162,47,10,37,115,98,17
"2011","E00018439","E00018439","Total",150,40,12,28,110,95,15
"2011","E00018441","E00018441","Total",176,42,10,32,134,111,23
"2011","E00018608","E00018608","Total",166,44,15,29,122,101,21
"2011","E00018616","E00018616","Total",174,47,14,33,127,112,15
"2011","E00018621","E00018621","Total",170,56,18,38,114,90,24
"2011","E00018622","E00018622","Total",191,56,23,33,135,110,25
"2011","E00018606","E00018606","Total",158,38,9,29,120,99,21
"2011","E00018611","E00018611","Total",127,36,12,24,91,74,17
"2011","E00018613","E00018613","Total",154,37,15,22,117,99,18
"2011","E00018625","E00018625","Total",138,31,7,24,107,102,5
"2011","E00018638","E00018638","Total",169,44,14,30,125,102,23
"2011","E00018626","E00018626","Total",168,66,19,47,102,88,14
"2011","E00018628","E00018628","Total",131,40,13,27,91,81,10
"2011","E00018629","E00018629","Total",189,55,14,41,134,115,19
"2011","E00018630","E00018630","Total",193,68,11,57,125,108,17
"2011","E00175162","E00175162","Total",96,34,11,23,62,41,21
"2011","E00175176","E00175176","Total",132,38,18,20,94,74,20
"2011","E00175178","E00175178","Total",150,44,13,31,106,74,32
"2011","E00018631","E00018631","Total",171,39,19,20,132,112,20
"2011","E00018632","E00018632","Total",133,40,18,22,93,78,15
"2011","E00018633","E00018633","Total",182,49,12,37,133,112,21
"2011","E00018634","E00018634","Total",148,48,22,26,100,82,18
"2011","E00018635","E00018635","Total",169,50,15,35,119,95,24
"2011","E00018607","E00018607","Total",122,26,10,16,96,78,18
"2011","E00018612","E00018612","Total",168,41,7,34,127,102,25
"2011","E00018614","E00018614","Total",135,33,7,26,102,89,13
"2011","E00018617","E00018617","Total",137,40,5,35,97,88,9
"2011","E00018618","E00018618","Total",123,27,9,18,96,77,19
"2011","E00018640","E00018640","Total",142,36,10,26,106,90,16
"2011","E00018610","E00018610","Total",170,50,19,31,120,94,26
"2011","E00018636","E00018636","Total",129,36,10,26,93,80,13
"2011","E00018637","E00018637","Total",84,20,5,15,64,58,6
"2011","E00018639","E00018639","Total",177,45,16,29,132,119,13
"2011","E00175159","E00175159","Total",167,30,7,23,137,82,55
"2011","E00175160","E00175160","Total",161,47,20,27,114,77,37
"2011","E00175161","E00175161","Total",163,29,9,20,134,94,40
"2011","E00175163","E00175163","Total",168,41,13,28,127,89,38
"2011","E00018615","E00018615","Total",81,28,6,22,53,44,9
"2011","E00018619","E00018619","Total",187,55,15,40,132,111,21
"2011","E00018620","E00018620","Total",145,39,11,28,106,97,9
"2011","E00018623","E00018623","Total",195,48,15,33,147,125,22
"2011","E00018624","E00018624","Total",129,37,10,27,92,79,13
"2011","E00018481","E00018481","Total",222,46,16,30,176,139,37
"2011","E00018482","E00018482","Total",184,25,10,15,159,118,41
"2011","E00018497","E00018497","Total",211,25,5,20,186,151,35
"2011","E00018498","E00018498","Total",135,26,10,16,109,87,22
"2011","E00018499","E00018499","Total",178,41,17,24,137,104,33
"2011","E00018477","E00018477","Total",319,62,21,41,257,193,64
"2011","E00018486","E00018486","Total",186,53,14,39,133,95,38
"2011","E00018490","E00018490","Total",132,26,9,17,106,79,27
"2011","E00018504","E00018504","Total",234,63,26,37,171,124,47
"2011","E00018500","E00018500","Total",67,17,8,9,50,42,8
"2011","E00018501","E00018501","Total",130,37,16,21,93,67,26
"2011","E00018505","E00018505","Total",236,49,21,28,187,145,42
"2011","E00018507","E00018507","Total",149,59,20,39,90,69,21
"2011","E00018509","E00018509","Total",183,53,18,35,130,101,29
"2011","E00018485","E00018485","Total",197,58,24,34,139,112,27
"2011","E00018502","E00018502","Total",164,56,24,32,108,83,25
"2011","E00018503","E00018503","Total",159,44,14,30,115,91,24
"2011","E00018506","E00018506","Total",162,43,14,29,119,97,22
"2011","E00018508","E00018508","Total",154,52,22,30,102,76,26
"2011","E00018483","E00018483","Total",114,30,10,20,84,67,17
"2011","E00018484","E00018484","Total",99,19,9,10,80,59,21
"2011","E00018491","E00018491","Total",185,34,13,21,151,124,27
"2011","E00175124","E00175124","Total",112,12,5,7,100,78,22
"2011","E00175125","E00175125","Total",72,10,2,8,62,50,12
"2011","E00175126","E00175126","Total",128,24,9,15,104,74,30
"2011","E00018480","E00018480","Total",199,47,17,30,152,115,37
"2011","E00018488","E00018488","Total",151,32,11,21,119,97,22
"2011","E00018489","E00018489","Total",174,35,7,28,139,115,24
"2011","E00018494","E00018494","Total",140,39,9,30,101,75,26
"2011","E00175149","E00175149","Total",173,10,2,8,163,109,54
"2011","E00175167","E00175167","Total",118,25,12,13,93,64,29
"2011","E00175177","E00175177","Total",139,20,11,9,119,85,34
"2011","E00018478","E00018478","Total",184,36,10,26,148,117,31
"2011","E00018492","E00018492","Total",144,31,13,18,113,81,32
"2011","E00018495","E00018495","Total",184,23,12,11,161,124,37
"2011","E00018496","E00018496","Total",224,51,19,32,173,137,36
"2011","E00175145","E00175145","Total",129,13,2,11,116,93,23
"2011","E00175146","E00175146","Total",152,29,11,18,123,100,23
"2011","E00175147","E00175147","Total",156,23,9,14,133,103,30
"2011","E00175148","E00175148","Total",140,11,4,7,129,104,25
"2011","E00018644","E00018644","Total",174,62,22,40,112,99,13
"2011","E00018654","E00018654","Total",167,44,15,29,123,101,22
"2011","E00018656","E00018656","Total",118,43,15,28,75,62,13
"2011","E00018675","E00018675","Total",145,41,16,25,104,85,19
"2011","E00018651","E00018651","Total",149,40,11,29,109,85,24
"2011","E00018668","E00018668","Total",110,37,11,26,73,68,5
"2011","E00018669","E00018669","Total",100,28,7,21,72,59,13
"2011","E00018670","E00018670","Total",109,39,10,29,70,60,10
"2011","E00018672","E00018672","Total",75,20,6,14,55,45,10
"2011","E00018648","E00018648","Total",140,41,13,28,99,79,20
"2011","E00018649","E00018649","Total",140,51,13,38,89,78,11
"2011","E00018650","E00018650","Total",141,54,15,39,87,74,13
"2011","E00018655","E00018655","Total",122,37,10,27,85,74,11
"2011","E00018659","E00018659","Total",176,53,16,37,123,103,20
"2011","E00018641","E00018641","Total",213,68,26,42,145,113,32
"2011","E00018643","E00018643","Total",188,61,16,45,127,106,21
"2011","E00018658","E00018658","Total",181,55,17,38,126,107,19
"2011","E00018660","E00018660","Total",136,33,10,23,103,86,17
"2011","E00018924","E00018924","Total",194,51,20,31,143,118,25
"2011","E00018925","E00018925","Total",156,40,10,30,116,93,23
"2011","E00018926","E00018926","Total",210,29,11,18,181,148,33
"2011","E00018927","E00018927","Total",154,46,14,32,108,80,28
"2011","E00018895","E00018895","Total",242,60,25,35,182,146,36
"2011","E00018898","E00018898","Total",144,45,12,33,99,83,16
"2011","E00018901","E00018901","Total",157,42,9,33,115,99,16
"2011","E00018905","E00018905","Total",162,45,15,30,117,103,14
"2011","E00018906","E00018906","Total",183,40,12,28,143,110,33
"2011","E00018894","E00018894","Total",87,28,10,18,59,51,8
"2011","E00018896","E00018896","Total",56,11,2,9,45,41,4
"2011","E00018897","E00018897","Total",117,36,11,25,81,74,7
"2011","E00018899","E00018899","Total",107,42,10,32,65,59,6
"2011","E00018902","E00018902","Total",122,44,15,29,78,70,8
"2011","E00018903","E00018903","Total",132,59,15,44,73,65,8
"2011","E00018892","E00018892","Total",221,47,16,31,174,142,32
"2011","E00018900","E00018900","Total",192,58,17,41,134,103,31
"2011","E00018904","E00018904","Total",177,34,8,26,143,117,26
"2011","E00018907","E00018907","Total",140,32,13,19,108,81,27
"2011","E00018908","E00018908","Total",172,35,9,26,137,105,32
"2011","E00018909","E00018909","Total",164,39,16,23,125,101,24
"2011","E00018910","E00018910","Total",199,46,13,33,153,120,33
"2011","E00018912","E00018912","Total",187,59,18,41,128,101,27
"2011","E00018914","E00018914","Total",187,66,28,38,121,100,21
"2011","E00018918","E00018918","Total",185,71,16,55,114,96,18
"2011","E00018893","E00018893","Total",232,58,15,43,174,138,36
"2011","E00018919","E00018919","Total",171,38,8,30,133,99,34
"2011","E00018920","E00018920","Total",162,39,11,28,123,103,20
"2011","E00018921","E00018921","Total",210,35,13,22,175,130,45
"2011","E00018922","E00018922","Total",157,26,11,15,131,101,30
"2011","E00018923","E00018923","Total",172,25,5,20,147,112,35
"2011","E00018911","E00018911","Total",179,38,14,24,141,110,31
"2011","E00018913","E00018913","Total",176,41,16,25,135,107,28
"2011","E00018915","E00018915","Total",200,34,9,25,166,131,35
"2011","E00018916","E00018916","Total",193,48,15,33,145,123,22
"2011","E00018917","E00018917","Total",187,28,13,15,159,130,29
"2011","E00018646","E00018646","Total",179,61,23,38,118,99,19
"2011","E00018652","E00018652","Total",223,63,18,45,160,127,33
"2011","E00018661","E00018661","Total",193,62,19,43,131,107,24
"2011","E00018673","E00018673","Total",100,32,8,24,68,49,19
"2011","E00175164","E00175164","Total",251,56,25,31,195,162,33
"2011","E00175165","E00175165","Total",88,25,4,21,63,53,10
"2011","E00018647","E00018647","Total",166,50,17,33,116,95,21
"2011","E00018671","E00018671","Total",106,34,12,22,72,64,8
"2011","E00018674","E00018674","Total",150,55,18,37,95,83,12
"2011","E00018676","E00018676","Total",115,38,14,24,77,57,20
"2011","E00018677","E00018677","Total",117,34,12,22,83,66,17
"2011","E00018653","E00018653","Total",195,65,25,40,130,108,22
"2011","E00018657","E00018657","Total",130,44,13,31,86,70,16
"2011","E00018662","E00018662","Total",166,57,22,35,109,83,26
"2011","E00018664","E00018664","Total",218,79,23,56,139,97,42
"2011","E00018667","E00018667","Total",107,39,19,20,68,54,14
"2011","E00018642","E00018642","Total",87,33,4,29,54,50,4
"2011","E00018663","E00018663","Total",157,47,18,29,110,94,16
"2011","E00018665","E00018665","Total",115,44,11,33,71,60,11
"2011","E00018666","E00018666","Total",148,48,18,30,100,83,17
"2011","E00018372","E00018372","Total",181,70,22,48,111,94,17
"2011","E00018377","E00018377","Total",176,69,26,43,107,92,15
"2011","E00018387","E00018387","Total",176,59,14,45,117,102,15
"2011","E00018389","E00018389","Total",225,65,25,40,160,138,22
"2011","E00018392","E00018392","Total",145,37,15,22,108,90,18
"2011","E00018395","E00018395","Total",102,39,10,29,63,51,12
"2011","E00018396","E00018396","Total",181,42,10,32,139,119,20
"2011","E00018397","E00018397","Total",227,69,35,34,158,130,28
"2011","E00018393","E00018393","Total",166,51,18,33,115,101,14
"2011","E00018394","E00018394","Total",217,67,29,38,150,120,30
"2011","E00018398","E00018398","Total",189,55,22,33,134,110,24
"2011","E00018400","E00018400","Total",182,46,21,25,136,108,28
"2011","E00018374","E00018374","Total",244,78,27,51,166,133,33
"2011","E00018378","E00018378","Total",71,22,10,12,49,38,11
"2011","E00018382","E00018382","Total",160,62,27,35,98,82,16
"2011","E00018404","E00018404","Total",226,71,15,56,155,122,33
"2011","E00018337","E00018337","Total",90,27,10,17,63,54,9
"2011","E00018341","E00018341","Total",157,46,20,26,111,93,18
"2011","E00018347","E00018347","Total",145,48,17,31,97,88,9
"2011","E00018352","E00018352","Total",169,46,9,37,123,107,16
"2011","E00018371","E00018371","Total",216,62,23,39,154,123,31
"2011","E00018339","E00018339","Total",189,41,13,28,148,125,23
"2011","E00018342","E00018342","Total",166,43,16,27,123,105,18
"2011","E00018343","E00018343","Total",130,33,10,23,97,80,17
"2011","E00018350","E00018350","Total",190,61,16,45,129,108,21
"2011","E00018353","E00018353","Total",161,29,9,20,132,111,21
"2011","E00018346","E00018346","Total",221,76,23,53,145,124,21
"2011","E00018351","E00018351","Total",171,47,19,28,124,101,23
"2011","E00018360","E00018360","Total",192,59,20,39,133,104,29
"2011","E00018364","E00018364","Total",223,66,26,40,157,143,14
"2011","E00018348","E00018348","Total",166,54,13,41,112,89,23
"2011","E00018354","E00018354","Total",200,66,19,47,134,112,22
"2011","E00018358","E00018358","Total",178,55,22,33,123,102,21
"2011","E00018362","E00018362","Total",157,50,12,38,107,99,8
"2011","E00018963","E00018963","Total",217,45,12,33,172,134,38
"2011","E00018964","E00018964","Total",186,35,8,27,151,111,40
"2011","E00018983","E00018983","Total",86,9,4,5,77,57,20
"2011","E00018985","E00018985","Total",189,38,10,28,151,123,28
"2011","E00018988","E00018988","Total",174,14,2,12,160,122,38
"2011","E00018992","E00018992","Total",182,17,3,14,165,121,44
"2011","E00018962","E00018962","Total",216,29,9,20,187,144,43
"2011","E00018971","E00018971","Total",138,25,8,17,113,85,28
"2011","E00018980","E00018980","Total",105,31,14,17,74,59,15
"2011","E00018982","E00018982","Total",177,39,15,24,138,99,39
"2011","E00018984","E00018984","Total",170,50,16,34,120,94,26
"2011","E00018989","E00018989","Total",93,18,8,10,75,56,19
"2011","E00018986","E00018986","Total",116,33,10,23,83,70,13
"2011","E00018987","E00018987","Total",93,28,5,23,65,56,9
"2011","E00018990","E00018990","Total",94,16,5,11,78,69,9
"2011","E00018991","E00018991","Total",137,14,2,12,123,94,29
"2011","E00018994","E00018994","Total",185,32,8,24,153,114,39
"2011","E00018995","E00018995","Total",114,23,7,16,91,62,29
"2011","E00018999","E00018999","Total",38,10,5,5,28,21,7
"2011","E00018965","E00018965","Total",212,28,6,22,184,144,40
"2011","E00018966","E00018966","Total",145,36,15,21,109,82,27
"2011","E00018967","E00018967","Total",227,39,16,23,188,145,43
"2011","E00018968","E00018968","Total",177,44,24,20,133,97,36
"2011","E00018993","E00018993","Total",189,27,10,17,162,126,36
"2011","E00018997","E00018997","Total",136,20,8,12,116,89,27
"2011","E00018969","E00018969","Total",207,42,12,30,165,123,42
"2011","E00018975","E00018975","Total",147,34,14,20,113,84,29
"2011","E00018996","E00018996","Total",196,50,17,33,146,101,45
"2011","E00018998","E00018998","Total",159,33,16,17,126,95,31
"2011","E00019000","E00019000","Total",193,40,20,20,153,118,35
"2011","E00019002","E00019002","Total",208,49,13,36,159,121,38
"2011","E00018970","E00018970","Total",172,39,17,22,133,94,39
"2011","E00018972","E00018972","Total",122,32,9,23,90,75,15
"2011","E00018973","E00018973","Total",81,22,8,14,59,42,17
"2011","E00018974","E00018974","Total",136,20,3,17,116,100,16
"2011","E00019001","E00019001","Total",89,16,4,12,73,48,25
"2011","E00019003","E00019003","Total",162,43,13,30,119,87,32
"2011","E00018976","E00018976","Total",141,39,17,22,102,72,30
"2011","E00018977","E00018977","Total",129,37,10,27,92,64,28
"2011","E00018978","E00018978","Total",166,54,24,30,112,82,30
"2011","E00018979","E00018979","Total",148,40,18,22,108,78,30
"2011","E00018981","E00018981","Total",156,44,16,28,112,87,25
"2011","E00018385","E00018385","Total",157,53,18,35,104,95,9
"2011","E00018386","E00018386","Total",162,46,10,36,116,101,15
"2011","E00018390","E00018390","Total",165,46,6,40,119,107,12
"2011","E00018391","E00018391","Total",333,69,25,44,264,234,30
"2011","E00018373","E00018373","Total",144,38,12,26,106,89,17
"2011","E00018376","E00018376","Total",61,14,4,10,47,43,4
"2011","E00018379","E00018379","Total",170,49,20,29,121,103,18
"2011","E00018399","E00018399","Total",156,40,17,23,116,91,25
"2011","E00018401","E00018401","Total",93,34,10,24,59,51,8
"2011","E00018375","E00018375","Total",214,63,26,37,151,123,28
"2011","E00018380","E00018380","Total",172,46,15,31,126,106,20
"2011","E00018402","E00018402","Total",182,52,23,29,130,104,26
"2011","E00018403","E00018403","Total",150,48,21,27,102,90,12
"2011","E00018381","E00018381","Total",140,26,8,18,114,91,23
"2011","E00018383","E00018383","Total",193,54,21,33,139,121,18
"2011","E00018384","E00018384","Total",138,38,15,23,100,88,12
"2011","E00018388","E00018388","Total",191,44,9,35,147,119,28
"2011","E00018338","E00018338","Total",148,54,14,40,94,78,16
"2011","E00018340","E00018340","Total",189,56,26,30,133,110,23
"2011","E00018344","E00018344","Total",152,39,8,31,113,100,13
"2011","E00018345","E00018345","Total",198,58,22,36,140,117,23
"2011","E00018349","E00018349","Total",143,50,16,34,93,75,18
"2011","E00018355","E00018355","Total",153,46,19,27,107,87,20
"2011","E00018356","E00018356","Total",158,46,14,32,112,93,19
"2011","E00018357","E00018357","Total",148,66,18,48,82,70,12
"2011","E00018359","E00018359","Total",176,45,19,26,131,106,25
"2011","E00018361","E00018361","Total",163,50,26,24,113,105,8
"2011","E00018366","E00018366","Total",192,65,26,39,127,103,24
"2011","E00018367","E00018367","Total",155,42,19,23,113,90,23
"2011","E00018370","E00018370","Total",160,42,13,29,118,105,13
"2011","E00018363","E00018363","Total",210,66,17,49,144,127,17
"2011","E00018365","E00018365","Total",158,46,14,32,112,97,15
"2011","E00018368","E00018368","Total",180,58,15,43,122,109,13
"2011","E00175128","E00175128","Total",173,41,15,26,132,116,16
"2011","E00175155","E00175155","Total",156,22,8,14,134,110,24
"2011","E00175172","E00175172","Total",185,51,14,37,134,112,22
"2011","E00175175","E00175175","Total",196,35,10,25,161,134,27
"2011","E00019070","E00019070","Total",181,40,15,25,141,106,35
"2011","E00019073","E00019073","Total",126,29,9,20,97,74,23
"2011","E00019074","E00019074","Total",178,45,16,29,133,95,38
"2011","E00019075","E00019075","Total",179,44,16,28,135,93,42
"2011","E00019076","E00019076","Total",146,19,7,12,127,96,31
"2011","E00019040","E00019040","Total",116,24,8,16,92,74,18
"2011","E00019041","E00019041","Total",150,45,15,30,105,81,24
"2011","E00019042","E00019042","Total",166,44,13,31,122,89,33
"2011","E00019062","E00019062","Total",170,36,12,24,134,105,29
"2011","E00019063","E00019063","Total",99,24,10,14,75,50,25
"2011","E00019043","E00019043","Total",197,50,17,33,147,109,38
"2011","E00019064","E00019064","Total",80,20,9,11,60,49,11
"2011","E00019065","E00019065","Total",172,52,13,39,120,102,18
"2011","E00019066","E00019066","Total",167,41,11,30,126,80,46
"2011","E00019067","E00019067","Total",149,46,7,39,103,75,28
"2011","E00019068","E00019068","Total",156,35,14,21,121,96,25
"2011","E00019069","E00019069","Total",160,36,9,27,124,100,24
"2011","E00019071","E00019071","Total",153,37,7,30,116,88,28
"2011","E00019072","E00019072","Total",180,61,23,38,119,79,40
"2011","E00018470","E00018470","Total",242,65,27,38,177,149,28
"2011","E00018471","E00018471","Total",253,76,23,53,177,160,17
"2011","E00018473","E00018473","Total",168,42,15,27,126,107,19
"2011","E00018474","E00018474","Total",214,60,25,35,154,133,21
"2011","E00018443","E00018443","Total",163,47,15,32,116,103,13
"2011","E00018444","E00018444","Total",120,21,12,9,99,84,15
"2011","E00018445","E00018445","Total",146,24,8,16,122,103,19
"2011","E00018446","E00018446","Total",142,43,10,33,99,81,18
"2011","E00018475","E00018475","Total",139,37,10,27,102,86,16
"2011","E00018476","E00018476","Total",156,46,15,31,110,89,21
"2011","E00018448","E00018448","Total",170,61,18,43,109,93,16
"2011","E00018450","E00018450","Total",122,47,11,36,75,65,10
"2011","E00018451","E00018451","Total",102,33,10,23,69,58,11
"2011","E00018452","E00018452","Total",183,63,24,39,120,103,17
"2011","E00018456","E00018456","Total",106,27,9,18,79,68,11
"2011","E00018453","E00018453","Total",163,47,19,28,116,98,18
"2011","E00018454","E00018454","Total",173,60,19,41,113,100,13
"2011","E00018455","E00018455","Total",115,38,18,20,77,70,7
"2011","E00018457","E00018457","Total",168,51,17,34,117,94,23
"2011","E00018460","E00018460","Total",182,44,18,26,138,125,13
"2011","E00018458","E00018458","Total",199,58,25,33,141,124,17
"2011","E00018459","E00018459","Total",189,58,22,36,131,110,21
"2011","E00018465","E00018465","Total",157,47,22,25,110,94,16
"2011","E00018468","E00018468","Total",202,52,23,29,150,138,12
"2011","E00018442","E00018442","Total",163,45,14,31,118,101,17
"2011","E00018447","E00018447","Total",161,47,12,35,114,100,14
"2011","E00018462","E00018462","Total",254,73,20,53,181,150,31
"2011","E00018467","E00018467","Total",106,31,8,23,75,64,11
"2011","E00018469","E00018469","Total",132,30,11,19,102,94,8
"2011","E00018472","E00018472","Total",219,51,15,36,168,139,29
"2011","E00175141","E00175141","Total",191,32,8,24,159,139,20
"2011","E00175142","E00175142","Total",151,36,9,27,115,95,20
"2011","E00175170","E00175170","Total",55,18,7,11,37,33,4
"2011","E00175179","E00175179","Total",112,32,12,20,80,71,9
"2011","E00018449","E00018449","Total",266,73,24,49,193,164,29
"2011","E00018463","E00018463","Total",228,81,31,50,147,129,18
"2011","E00018464","E00018464","Total",239,54,18,36,185,164,21
"2011","E00018466","E00018466","Total",198,55,27,28,143,126,17
"2011","E00018878","E00018878","Total",136,41,16,25,95,71,24
"2011","E00018879","E00018879","Total",179,55,16,39,124,108,16
"2011","E00018880","E00018880","Total",167,44,15,29,123,97,26
"2011","E00018881","E00018881","Total",165,61,19,42,104,90,14
"2011","E00018884","E00018884","Total",162,46,13,33,116,106,10
"2011","E00018857","E00018857","Total",120,39,12,27,81,73,8
"2011","E00018859","E00018859","Total",171,48,13,35,123,102,21
"2011","E00018861","E00018861","Total",152,58,23,35,94,72,22
"2011","E00018885","E00018885","Total",228,78,32,46,150,129,21
"2011","E00018887","E00018887","Total",181,53,15,38,128,106,22
"2011","E00018860","E00018860","Total",132,44,10,34,88,70,18
"2011","E00018862","E00018862","Total",148,51,16,35,97,81,16
"2011","E00018864","E00018864","Total",230,73,23,50,157,134,23
"2011","E00018891","E00018891","Total",167,57,20,37,110,91,19
"2011","E00018866","E00018866","Total",144,50,12,38,94,73,21
"2011","E00018868","E00018868","Total",194,58,18,40,136,121,15
"2011","E00018869","E00018869","Total",220,64,21,43,156,129,27
"2011","E00018872","E00018872","Total",173,67,21,46,106,94,12
"2011","E00018873","E00018873","Total",118,47,9,38,71,56,15
"2011","E00018928","E00018928","Total",150,46,17,29,104,82,22
"2011","E00018929","E00018929","Total",147,39,13,26,108,92,16
"2011","E00018936","E00018936","Total",173,55,22,33,118,108,10
"2011","E00018939","E00018939","Total",188,51,17,34,137,126,11
"2011","E00018943","E00018943","Total",196,51,16,35,145,110,35
"2011","E00175129","E00175129","Total",159,49,13,36,110,90,20
"2011","E00175130","E00175130","Total",159,25,10,15,134,123,11
"2011","E00175143","E00175143","Total",152,38,8,30,114,99,15
"2011","E00175166","E00175166","Total",158,47,15,32,111,95,16
"2011","E00175168","E00175168","Total",134,32,8,24,102,87,15
"2011","E00175169","E00175169","Total",139,42,17,25,97,79,18
"2011","E00018944","E00018944","Total",127,39,17,22,88,72,16
"2011","E00018950","E00018950","Total",158,42,12,30,116,89,27
"2011","E00018952","E00018952","Total",197,83,21,62,114,92,22
"2011","E00018953","E00018953","Total",175,65,28,37,110,91,19
"2011","E00018954","E00018954","Total",95,24,7,17,71,67,4
"2011","E00018930","E00018930","Total",143,37,7,30,106,86,20
"2011","E00018948","E00018948","Total",102,22,3,19,80,59,21
"2011","E00018949","E00018949","Total",200,52,21,31,148,133,15
"2011","E00018956","E00018956","Total",175,52,17,35,123,104,19
"2011","E00018958","E00018958","Total",105,29,9,20,76,65,11
"2011","E00018855","E00018855","Total",180,48,21,27,132,115,17
"2011","E00018883","E00018883","Total",197,65,26,39,132,108,24
"2011","E00018886","E00018886","Total",191,58,23,35,133,114,19
"2011","E00018889","E00018889","Total",170,44,13,31,126,97,29
"2011","E00175173","E00175173","Total",314,47,15,32,267,224,43
"2011","E00175174","E00175174","Total",190,44,22,22,146,121,25
"2011","E00018858","E00018858","Total",255,80,21,59,175,157,18
"2011","E00018863","E00018863","Total",202,73,19,54,129,116,13
"2011","E00018888","E00018888","Total",190,70,26,44,120,100,20
"2011","E00018890","E00018890","Total",168,55,18,37,113,96,17
"2011","E00018865","E00018865","Total",156,58,16,42,98,87,11
"2011","E00018867","E00018867","Total",170,55,25,30,115,96,19
"2011","E00018870","E00018870","Total",196,61,22,39,135,117,18
"2011","E00018871","E00018871","Total",175,53,13,40,122,102,20
"2011","E00018874","E00018874","Total",176,55,17,38,121,103,18
"2011","E00018875","E00018875","Total",200,61,17,44,139,128,11
"2011","E00018876","E00018876","Total",118,39,8,31,79,76,3
"2011","E00018877","E00018877","Total",181,58,18,40,123,107,16
"2011","E00175135","E00175135","Total",119,36,12,24,83,71,12
"2011","E00175136","E00175136","Total",188,43,16,27,145,124,21
"2011","E00175139","E00175139","Total",141,41,10,31,100,92,8
"2011","E00018957","E00018957","Total",143,57,14,43,86,69,17
"2011","E00018959","E00018959","Total",165,61,19,42,104,91,13
"2011","E00018960","E00018960","Total",242,68,29,39,174,158,16
"2011","E00018961","E00018961","Total",197,62,24,38,135,124,11
"2011","E00018932","E00018932","Total",176,61,18,43,115,97,18
"2011","E00018933","E00018933","Total",177,66,19,47,111,91,20
"2011","E00018937","E00018937","Total",180,69,29,40,111,94,17
"2011","E00018938","E00018938","Total",241,82,23,59,159,146,13
"2011","E00018931","E00018931","Total",128,34,8,26,94,86,8
"2011","E00018934","E00018934","Total",189,52,13,39,137,116,21
"2011","E00018935","E00018935","Total",219,74,32,42,145,125,20
"2011","E00018951","E00018951","Total",160,49,19,30,111,92,19
"2011","E00018945","E00018945","Total",171,45,15,30,126,107,19
"2011","E00018946","E00018946","Total",183,51,19,32,132,109,23
"2011","E00018947","E00018947","Total",189,62,26,36,127,108,19
"2011","E00018955","E00018955","Total",175,56,17,39,119,101,18
"2011","E00019007","E00019007","Total",121,27,7,20,94,85,9
"2011","E00019011","E00019011","Total",209,45,16,29,164,142,22
"2011","E00019013","E00019013","Total",107,32,12,20,75,60,15
"2011","E00019031","E00019031","Total",140,32,10,22,108,91,17
"2011","E00019034","E00019034","Total",148,45,10,35,103,87,16
"2011","E00019009","E00019009","Total",187,79,17,62,108,94,14
"2011","E00019010","E00019010","Total",137,39,12,27,98,75,23
"2011","E00019016","E00019016","Total",195,62,24,38,133,117,16
"2011","E00019039","E00019039","Total",190,70,30,40,120,95,25
"2011","E00019026","E00019026","Total",142,33,8,25,109,91,18
"2011","E00019027","E00019027","Total",165,51,14,37,114,90,24
"2011","E00019028","E00019028","Total",176,53,17,36,123,109,14
"2011","E00019029","E00019029","Total",132,40,17,23,92,78,14
"2011","E00019032","E00019032","Total",168,51,14,37,117,96,21
"2011","E00019033","E00019033","Total",162,50,25,25,112,93,19
"2011","E00019035","E00019035","Total",138,55,25,30,83,70,13
"2011","E00019037","E00019037","Total",157,35,15,20,122,90,32
"2011","E00019047","E00019047","Total",136,42,13,29,94,87,7
"2011","E00019049","E00019049","Total",187,48,14,34,139,100,39
"2011","E00019050","E00019050","Total",174,34,13,21,140,105,35
"2011","E00019054","E00019054","Total",194,57,19,38,137,111,26
"2011","E00019044","E00019044","Total",161,29,11,18,132,93,39
"2011","E00019046","E00019046","Total",234,69,19,50,165,118,47
"2011","E00019052","E00019052","Total",222,51,15,36,171,130,41
"2011","E00019056","E00019056","Total",165,45,18,27,120,87,33
"2011","E00019055","E00019055","Total",185,46,15,31,139,107,32
"2011","E00019058","E00019058","Total",179,40,15,25,139,101,38
"2011","E00019059","E00019059","Total",181,36,9,27,145,117,28
"2011","E00019061","E00019061","Total",184,34,11,23,150,110,40
"2011","E00019045","E00019045","Total",59,18,5,13,41,35,6
"2011","E00019048","E00019048","Total",112,29,10,19,83,65,18
"2011","E00019051","E00019051","Total",219,47,9,38,172,142,30
"2011","E00019053","E00019053","Total",120,26,8,18,94,71,23
"2011","E00019057","E00019057","Total",119,33,13,20,86,70,16
"2011","E00019060","E00019060","Total",112,27,10,17,85,71,14
"2011","E00019006","E00019006","Total",150,51,13,38,99,80,19
"2011","E00019018","E00019018","Total",150,33,12,21,117,103,14
"2011","E00019022","E00019022","Total",144,39,10,29,105,94,11
"2011","E00019025","E00019025","Total",175,55,29,26,120,98,22
"2011","E00175156","E00175156","Total",77,23,6,17,54,48,6
"2011","E00175171","E00175171","Total",148,53,19,34,95,81,14
"2011","E00019005","E00019005","Total",215,67,20,47,148,123,25
"2011","E00019015","E00019015","Total",159,53,19,34,106,90,16
"2011","E00019017","E00019017","Total",192,67,17,50,125,112,13
"2011","E00019024","E00019024","Total",179,53,18,35,126,99,27
"2011","E00019004","E00019004","Total",174,76,30,46,98,79,19
"2011","E00019014","E00019014","Total",136,34,18,16,102,80,22
"2011","E00019019","E00019019","Total",193,61,21,40,132,112,20
"2011","E00019020","E00019020","Total",172,37,9,28,135,123,12
"2011","E00019023","E00019023","Total",136,32,12,20,104,94,10
"2011","E00019008","E00019008","Total",128,51,18,33,77,70,7
"2011","E00019012","E00019012","Total",152,33,11,22,119,104,15
"2011","E00019030","E00019030","Total",161,46,22,24,115,97,18
"2011","E00019036","E00019036","Total",146,48,10,38,98,83,15
"2011","E00019038","E00019038","Total",201,54,15,39,147,120,27
"2011","E00018557","E00018557","Total",149,41,14,27,108,92,16
"2011","E00018561","E00018561","Total",169,65,30,35,104,93,11
"2011","E00018564","E00018564","Total",107,39,12,27,68,55,13
"2011","E00018565","E00018565","Total",159,69,20,49,90,74,16
"2011","E00018567","E00018567","Total",147,50,11,39,97,83,14
"2011","E00018566","E00018566","Total",148,61,15,46,87,80,7
"2011","E00018568","E00018568","Total",158,57,16,41,101,93,8
"2011","E00018570","E00018570","Total",147,53,11,42,94,78,16
"2011","E00018571","E00018571","Total",193,70,21,49,123,104,19
"2011","E00018559","E00018559","Total",171,55,17,38,116,103,13
"2011","E00018562","E00018562","Total",184,67,17,50,117,95,22
"2011","E00018563","E00018563","Total",174,68,15,53,106,91,15
"2011","E00018569","E00018569","Total",159,62,20,42,97,84,13
"2011","E00018548","E00018548","Total",177,66,22,44,111,90,21
"2011","E00018551","E00018551","Total",173,74,30,44,99,85,14
"2011","E00018553","E00018553","Total",191,58,20,38,133,107,26
"2011","E00018555","E00018555","Total",198,71,25,46,127,112,15
"2011","E00018549","E00018549","Total",125,49,17,32,76,65,11
"2011","E00018550","E00018550","Total",179,67,28,39,112,88,24
"2011","E00018552","E00018552","Total",191,69,25,44,122,103,19
"2011","E00018556","E00018556","Total",187,62,21,41,125,109,16
"2011","E00018544","E00018544","Total",90,26,7,19,64,54,10
"2011","E00018554","E00018554","Total",139,45,13,32,94,84,10
"2011","E00018558","E00018558","Total",142,59,18,41,83,76,7
"2011","E00018560","E00018560","Total",163,53,10,43,110,92,18
"2011","E00175132","E00175132","Total",115,54,25,29,61,53,8
"2011","E00175133","E00175133","Total",131,51,25,26,80,67,13
"2011","E00175134","E00175134","Total",227,35,11,24,192,176,16
"2011","E00175137","E00175137","Total",188,19,9,10,169,156,13
"2011","E00175140","E00175140","Total",157,41,19,22,116,101,15
"2011","E00018543","E00018543","Total",163,64,27,37,99,89,10
"2011","E00018545","E00018545","Total",184,64,19,45,120,99,21
"2011","E00018546","E00018546","Total",188,74,15,59,114,102,12
"2011","E00018572","E00018572","Total",163,57,16,41,106,86,20
"2011","E00018805","E00018805","Total",106,44,10,34,62,49,13
"2011","E00018808","E00018808","Total",163,57,18,39,106,83,23
"2011","E00018811","E00018811","Total",208,67,27,40,141,103,38
"2011","E00018815","E00018815","Total",109,51,25,26,58,47,11
"2011","E00018820","E00018820","Total",173,49,17,32,124,103,21
"2011","E00018790","E00018790","Total",206,74,28,46,132,114,18
"2011","E00018791","E00018791","Total",182,57,19,38,125,112,13
"2011","E00018795","E00018795","Total",178,57,17,40,121,109,12
"2011","E00018797","E00018797","Total",170,53,22,31,117,99,18
"2011","E00018798","E00018798","Total",178,55,14,41,123,109,14
"2011","E00018792","E00018792","Total",194,59,14,45,135,121,14
"2011","E00018796","E00018796","Total",217,58,22,36,159,127,32
"2011","E00018803","E00018803","Total",169,60,21,39,109,96,13
"2011","E00175131","E00175131","Total",157,35,9,26,122,107,15
"2011","E00175150","E00175150","Total",184,50,12,38,134,113,21
"2011","E00018789","E00018789","Total",167,51,13,38,116,100,16
"2011","E00018793","E00018793","Total",171,53,13,40,118,91,27
"2011","E00018812","E00018812","Total",148,59,18,41,89,75,14
"2011","E00018814","E00018814","Total",175,60,18,42,115,98,17
"2011","E00018819","E00018819","Total",189,47,13,34,142,105,37
"2011","E00018799","E00018799","Total",184,58,17,41,126,108,18
"2011","E00018800","E00018800","Total",163,53,19,34,110,89,21
"2011","E00018801","E00018801","Total",124,39,11,28,85,75,10
"2011","E00018802","E00018802","Total",182,65,16,49,117,101,16
"2011","E00018804","E00018804","Total",63,13,5,8,50,47,3
"2011","E00018806","E00018806","Total",185,71,27,44,114,106,8
"2011","E00018807","E00018807","Total",190,66,19,47,124,109,15
"2011","E00018809","E00018809","Total",168,56,20,36,112,93,19
"2011","E00018810","E00018810","Total",168,59,16,43,109,93,16
"2011","E00018816","E00018816","Total",163,54,12,42,109,99,10
"2011","E00018813","E00018813","Total",147,57,17,40,90,77,13
"2011","E00018817","E00018817","Total",179,68,14,54,111,85,26
"2011","E00018818","E00018818","Total",165,62,17,45,103,96,7
"2011","E00018821","E00018821","Total",175,69,25,44,106,87,19
"2011","E00018784","E00018784","Total",178,77,27,50,101,83,18
"2011","E00018786","E00018786","Total",174,65,16,49,109,88,21
"2011","E00175144","E00175144","Total",168,65,23,42,103,93,10
"2011","E00175154","E00175154","Total",205,51,19,32,154,141,13
"2011","E00175157","E00175157","Total",197,28,8,20,169,149,20
"2011","E00175158","E00175158","Total",63,30,8,22,33,29,4
"2011","E00018753","E00018753","Total",184,75,29,46,109,97,12
"2011","E00018755","E00018755","Total",120,42,21,21,78,65,13
"2011","E00018762","E00018762","Total",170,68,19,49,102,84,18
"2011","E00018785","E00018785","Total",109,47,21,26,62,52,10
"2011","E00018754","E00018754","Total",155,68,26,42,87,78,9
"2011","E00018761","E00018761","Total",149,48,11,37,101,97,4
"2011","E00018787","E00018787","Total",105,48,19,29,57,45,12
"2011","E00018788","E00018788","Total",143,56,17,39,87,78,9
"2011","E00018752","E00018752","Total",77,28,11,17,49,45,4
"2011","E00018766","E00018766","Total",144,45,20,25,99,91,8
"2011","E00018770","E00018770","Total",78,18,8,10,60,53,7
"2011","E00018771","E00018771","Total",86,34,12,22,52,46,6
"2011","E00018780","E00018780","Total",99,36,9,27,63,59,4
"2011","E00018758","E00018758","Total",140,64,33,31,76,59,17
"2011","E00018759","E00018759","Total",164,70,20,50,94,75,19
"2011","E00018763","E00018763","Total",191,71,26,45,120,108,12
"2011","E00018765","E00018765","Total",168,74,16,58,94,73,21
"2011","E00018756","E00018756","Total",183,65,22,43,118,101,17
"2011","E00018757","E00018757","Total",38,19,7,12,19,17,2
"2011","E00018760","E00018760","Total",134,45,11,34,89,77,12
"2011","E00018764","E00018764","Total",181,76,28,48,105,93,12
"2011","E00018767","E00018767","Total",184,71,22,49,113,93,20
"2011","E00018769","E00018769","Total",131,45,17,28,86,66,20
"2011","E00018775","E00018775","Total",158,57,11,46,101,87,14
"2011","E00018777","E00018777","Total",161,59,20,39,102,87,15
"2011","E00018768","E00018768","Total",122,54,19,35,68,65,3
"2011","E00018773","E00018773","Total",94,35,8,27,59,53,6
"2011","E00018774","E00018774","Total",71,25,12,13,46,38,8
"2011","E00018776","E00018776","Total",83,21,7,14,62,54,8
"2011","E00175151","E00175151","Total",73,28,8,20,45,39,6
"2011","E00175152","E00175152","Total",95,32,6,26,63,52,11
"2011","E00175153","E00175153","Total",103,42,8,34,61,54,7
"2011","E00018751","E00018751","Total",150,50,13,37,100,88,12
"2011","E00018778","E00018778","Total",132,41,9,32,91,77,14
"2011","E00018779","E00018779","Total",162,65,20,45,97,82,15
"2011","E00018781","E00018781","Total",171,61,15,46,110,95,15
"2011","E00018686","E00018686","Total",200,67,25,42,133,113,20
"2011","E00018689","E00018689","Total",141,52,25,27,89,71,18
"2011","E00018693","E00018693","Total",169,52,21,31,117,91,26
"2011","E00018695","E00018695","Total",180,68,25,43,112,90,22
"2011","E00018684","E00018684","Total",192,69,19,50,123,105,18
"2011","E00018688","E00018688","Total",179,53,22,31,126,111,15
"2011","E00018690","E00018690","Total",199,78,26,52,121,111,10
"2011","E00018691","E00018691","Total",155,51,12,39,104,91,13
"2011","E00018694","E00018694","Total",151,54,26,28,97,79,18
"2011","E00018683","E00018683","Total",153,60,27,33,93,77,16
"2011","E00018692","E00018692","Total",190,61,17,44,129,111,18
"2011","E00018696","E00018696","Total",125,42,17,25,83,61,22
"2011","E00018709","E00018709","Total",147,49,19,30,98,86,12
"2011","E00018710","E00018710","Total",174,58,17,41,116,106,10
"2011","E00018680","E00018680","Total",198,64,20,44,134,115,19
"2011","E00018685","E00018685","Total",186,55,19,36,131,103,28
"2011","E00018698","E00018698","Total",212,48,7,41,164,131,33
"2011","E00018699","E00018699","Total",150,49,19,30,101,88,13
"2011","E00018679","E00018679","Total",142,24,10,14,118,108,10
"2011","E00018703","E00018703","Total",126,24,7,17,102,86,16
"2011","E00018704","E00018704","Total",129,38,9,29,91,84,7
"2011","E00018705","E00018705","Total",174,54,18,36,120,104,16
"2011","E00018708","E00018708","Total",238,81,27,54,157,135,22
"2011","E00018681","E00018681","Total",197,64,29,35,133,116,17
"2011","E00018687","E00018687","Total",196,53,16,37,143,121,22
"2011","E00018697","E00018697","Total",139,46,16,30,93,75,18
"2011","E00018706","E00018706","Total",185,48,17,31,137,120,17
"2011","E00018707","E00018707","Total",124,39,14,25,85,72,13
"2011","E00018678","E00018678","Total",166,34,11,23,132,112,20
"2011","E00018700","E00018700","Total",166,34,9,25,132,114,18
"2011","E00018701","E00018701","Total",149,43,14,29,106,88,18
"2011","E00018702","E00018702","Total",158,38,12,26,120,107,13
"2011","E00165806","E00165806","Total",109,34,13,21,75,64,11
"2011","E00018578","E00018578","Total",164,49,22,27,115,81,34
"2011","E00018592","E00018592","Total",122,37,14,23,85,69,16
"2011","E00018598","E00018598","Total",142,49,19,30,93,72,21
"2011","E00175127","E00175127","Total",114,32,11,21,82,73,9
"2011","E00175138","E00175138","Total",191,41,10,31,150,125,25
"2011","E00018585","E00018585","Total",169,64,19,45,105,94,11
"2011","E00018586","E00018586","Total",165,47,18,29,118,100,18
"2011","E00018590","E00018590","Total",120,37,13,24,83,74,9
"2011","E00018591","E00018591","Total",126,48,17,31,78,63,15
"2011","E00018574","E00018574","Total",144,44,18,26,100,84,16
"2011","E00018577","E00018577","Total",164,52,12,40,112,91,21
"2011","E00018581","E00018581","Total",176,47,15,32,129,109,20
"2011","E00018603","E00018603","Total",178,46,18,28,132,108,24
"2011","E00018576","E00018576","Total",182,51,18,33,131,103,28
"2011","E00018580","E00018580","Total",181,66,21,45,115,97,18
"2011","E00018604","E00018604","Total",169,46,18,28,123,103,20
"2011","E00018605","E00018605","Total",153,48,15,33,105,89,16
"2011","E00018573","E00018573","Total",187,59,15,44,128,106,22
"2011","E00018575","E00018575","Total",180,58,12,46,122,101,21
"2011","E00018579","E00018579","Total",161,46,18,28,115,102,13
"2011","E00018584","E00018584","Total",91,31,10,21,60,55,5
"2011","E00018582","E00018582","Total",151,39,12,27,112,84,28
"2011","E00018583","E00018583","Total",116,38,13,25,78,71,7
"2011","E00018587","E00018587","Total",133,35,16,19,98,85,13
"2011","E00018588","E00018588","Total",127,46,22,24,81,64,17
"2011","E00018589","E00018589","Total",123,39,11,28,84,70,14
"2011","E00018594","E00018594","Total",120,38,11,27,82,67,15
"2011","E00018595","E00018595","Total",272,65,15,50,207,183,24
"2011","E00018597","E00018597","Total",204,57,18,39,147,134,13
"2011","E00018600","E00018600","Total",211,85,43,42,126,105,21
"2011","E00018596","E00018596","Total",171,53,17,36,118,96,22
"2011","E00018599","E00018599","Total",218,61,17,44,157,130,27
"2011","E00018601","E00018601","Total",216,60,17,43,156,126,30
"2011","E00018602","E00018602","Total",158,38,16,22,120,103,17
"2011","E00018510","E00018510","Total",137,45,17,28,92,79,13
"2011","E00018537","E00018537","Total",184,56,23,33,128,101,27
"2011","E00018538","E00018538","Total",227,65,14,51,162,136,26
"2011","E00018540","E00018540","Total",172,54,12,42,118,99,19
"2011","E00018511","E00018511","Total",190,56,24,32,134,102,32
"2011","E00018539","E00018539","Total",209,53,14,39,156,135,21
"2011","E00018541","E00018541","Total",137,46,15,31,91,70,21
"2011","E00018542","E00018542","Total",207,62,19,43,145,125,20
"2011","E00018526","E00018526","Total",163,65,21,44,98,73,25
"2011","E00018530","E00018530","Total",133,44,15,29,89,76,13
"2011","E00018534","E00018534","Total",153,50,16,34,103,84,19
"2011","E00018536","E00018536","Total",208,71,22,49,137,113,24
"2011","E00018518","E00018518","Total",149,44,19,25,105,86,19
"2011","E00018519","E00018519","Total",195,53,12,41,142,111,31
"2011","E00018520","E00018520","Total",205,63,28,35,142,119,23
"2011","E00018521","E00018521","Total",194,52,15,37,142,115,27
"2011","E00018512","E00018512","Total",217,72,24,48,145,118,27
"2011","E00018513","E00018513","Total",171,48,16,32,123,102,21
"2011","E00018514","E00018514","Total",189,59,14,45,130,112,18
"2011","E00018517","E00018517","Total",190,59,24,35,131,104,27
"2011","E00018516","E00018516","Total",188,68,27,41,120,101,19
"2011","E00018522","E00018522","Total",215,63,27,36,152,120,32
"2011","E00018523","E00018523","Total",180,55,13,42,125,105,20
"2011","E00018524","E00018524","Total",180,50,17,33,130,110,20
"2011","E00018515","E00018515","Total",95,32,14,18,63,55,8
"2011","E00018525","E00018525","Total",121,38,12,26,83,70,13
"2011","E00018527","E00018527","Total",205,46,17,29,159,125,34
"2011","E00018528","E00018528","Total",149,46,13,33,103,79,24
"2011","E00018532","E00018532","Total",204,66,18,48,138,117,21
"2011","E00018529","E00018529","Total",237,65,26,39,172,144,28
"2011","E00018531","E00018531","Total",194,66,29,37,128,104,24
"2011","E00018533","E00018533","Total",191,49,17,32,142,111,31
"2011","E00018535","E00018535","Total",159,59,17,42,100,84,16
"2011","E00019096","E00019096","Total",162,38,17,21,124,70,54
"2011","E00019097","E00019097","Total",158,41,19,22,117,66,51
"2011","E00019099","E00019099","Total",139,48,25,23,91,49,42
"2011","E00019100","E00019100","Total",140,42,16,26,98,51,47
"2011","E00019093","E00019093","Total",60,15,6,9,45,26,19
"2011","E00019098","E00019098","Total",148,41,19,22,107,61,46
"2011","E00019102","E00019102","Total",179,42,15,27,137,83,54
"2011","E00019103","E00019103","Total",202,45,15,30,157,86,71
"2011","E00019105","E00019105","Total",169,29,10,19,140,89,51
"2011","E00019092","E00019092","Total",149,28,15,13,121,72,49
"2011","E00019101","E00019101","Total",172,40,14,26,132,80,52
"2011","E00019104","E00019104","Total",203,39,18,21,164,107,57
"2011","E00019106","E00019106","Total",152,33,12,21,119,58,61
"2011","E00019107","E00019107","Total",174,41,17,24,133,60,73
"2011","E00019087","E00019087","Total",199,47,14,33,152,86,66
"2011","E00019088","E00019088","Total",131,40,9,31,91,73,18
"2011","E00019090","E00019090","Total",134,45,13,32,89,75,14
"2011","E00019094","E00019094","Total",138,42,23,19,96,56,40
"2011","E00019095","E00019095","Total",140,49,15,34,91,51,40
"2011","E00019078","E00019078","Total",239,42,14,28,197,132,65
"2011","E00019081","E00019081","Total",145,26,10,16,119,82,37
"2011","E00019108","E00019108","Total",198,37,12,25,161,97,64
"2011","E00019109","E00019109","Total",177,28,10,18,149,97,52
"2011","E00019079","E00019079","Total",163,27,17,10,136,88,48
"2011","E00019083","E00019083","Total",166,37,20,17,129,86,43
"2011","E00019084","E00019084","Total",127,18,9,9,109,65,44
"2011","E00019089","E00019089","Total",129,32,7,25,97,56,41
"2011","E00019091","E00019091","Total",138,18,12,6,120,72,48
"2011","E00019077","E00019077","Total",160,50,17,33,110,76,34
"2011","E00019080","E00019080","Total",88,24,8,16,64,50,14
"2011","E00019082","E00019082","Total",133,36,13,23,97,72,25
"2011","E00019085","E00019085","Total",130,34,10,24,96,74,22
"2011","E00019086","E00019086","Total",161,40,17,23,121,100,21
"2011","E00019342","E00019342","Total",170,38,17,21,132,86,46
"2011","E00019344","E00019344","Total",173,53,24,29,120,67,53
"2011","E00019346","E00019346","Total",172,44,15,29,128,81,47
"2011","E00019349","E00019349","Total",180,48,14,34,132,95,37
"2011","E00019354","E00019354","Total",156,43,17,26,113,67,46
"2011","E00019343","E00019343","Total",94,20,6,14,74,47,27
"2011","E00019345","E00019345","Total",183,37,7,30,146,91,55
"2011","E00019348","E00019348","Total",125,28,12,16,97,66,31
"2011","E00019350","E00019350","Total",110,16,7,9,94,69,25
"2011","E00019352","E00019352","Total",140,21,9,12,119,88,31
"2011","E00019365","E00019365","Total",131,32,8,24,99,67,32
"2011","E00019369","E00019369","Total",143,22,6,16,121,89,32
"2011","E00019351","E00019351","Total",149,27,9,18,122,75,47
"2011","E00019353","E00019353","Total",159,27,7,20,132,90,42
"2011","E00019355","E00019355","Total",158,45,18,27,113,71,42
"2011","E00019358","E00019358","Total",154,36,13,23,118,67,51
"2011","E00019360","E00019360","Total",164,39,12,27,125,85,40
"2011","E00019340","E00019340","Total",156,48,28,20,108,66,42
"2011","E00019341","E00019341","Total",145,34,10,24,111,75,36
"2011","E00019364","E00019364","Total",148,35,26,9,113,81,32
"2011","E00019366","E00019366","Total",144,26,8,18,118,79,39
"2011","E00019367","E00019367","Total",118,29,10,19,89,43,46
"2011","E00019368","E00019368","Total",123,25,16,9,98,66,32
"2011","E00019417","E00019417","Total",157,24,8,16,133,94,39
"2011","E00019420","E00019420","Total",167,33,17,16,134,85,49
"2011","E00019423","E00019423","Total",155,30,9,21,125,78,47
"2011","E00019425","E00019425","Total",176,27,8,19,149,112,37
"2011","E00019432","E00019432","Total",242,30,8,22,212,152,60
"2011","E00019435","E00019435","Total",184,35,9,26,149,109,40
"2011","E00019413","E00019413","Total",135,24,11,13,111,72,39
"2011","E00019416","E00019416","Total",185,33,11,22,152,108,44
"2011","E00019441","E00019441","Total",133,22,10,12,111,88,23
"2011","E00019442","E00019442","Total",156,38,13,25,118,77,41
"2011","E00019443","E00019443","Total",185,43,16,27,142,102,40
"2011","E00019392","E00019392","Total",120,38,11,27,82,51,31
"2011","E00019396","E00019396","Total",150,28,12,16,122,96,26
"2011","E00019397","E00019397","Total",166,22,8,14,144,97,47
"2011","E00019398","E00019398","Total",124,24,8,16,100,73,27
"2011","E00019404","E00019404","Total",165,43,17,26,122,90,32
"2011","E00019372","E00019372","Total",152,40,11,29,112,72,40
"2011","E00019374","E00019374","Total",168,40,21,19,128,76,52
"2011","E00019387","E00019387","Total",118,30,11,19,88,57,31
"2011","E00019391","E00019391","Total",110,28,8,20,82,65,17
"2011","E00019400","E00019400","Total",152,35,20,15,117,69,48
"2011","E00019399","E00019399","Total",155,37,8,29,118,85,33
"2011","E00019401","E00019401","Total",158,21,6,15,137,90,47
"2011","E00019402","E00019402","Total",146,40,12,28,106,62,44
"2011","E00019403","E00019403","Total",161,29,13,16,132,82,50
"2011","E00019406","E00019406","Total",153,29,12,17,124,77,47
"2011","E00019376","E00019376","Total",151,23,10,13,128,92,36
"2011","E00019381","E00019381","Total",115,37,11,26,78,69,9
"2011","E00019384","E00019384","Total",134,33,9,24,101,87,14
"2011","E00019385","E00019385","Total",182,32,12,20,150,101,49
"2011","E00019388","E00019388","Total",146,31,9,22,115,77,38
"2011","E00019407","E00019407","Total",204,31,7,24,173,119,54
"2011","E00019378","E00019378","Total",184,24,11,13,160,119,41
"2011","E00019379","E00019379","Total",155,20,3,17,135,88,47
"2011","E00019380","E00019380","Total",202,31,9,22,171,121,50
"2011","E00019382","E00019382","Total",168,30,9,21,138,97,41
"2011","E00019383","E00019383","Total",168,39,14,25,129,95,34
"2011","E00019390","E00019390","Total",142,40,11,29,102,70,32
"2011","E00019370","E00019370","Total",135,30,11,19,105,69,36
"2011","E00019377","E00019377","Total",190,32,14,18,158,99,59
"2011","E00019389","E00019389","Total",176,32,11,21,144,113,31
"2011","E00019393","E00019393","Total",145,33,9,24,112,91,21
"2011","E00019394","E00019394","Total",175,52,20,32,123,75,48
"2011","E00019405","E00019405","Total",170,41,16,25,129,82,47
"2011","E00019371","E00019371","Total",171,41,18,23,130,70,60
"2011","E00019373","E00019373","Total",179,25,8,17,154,95,59
"2011","E00019375","E00019375","Total",197,35,15,20,162,97,65
"2011","E00019386","E00019386","Total",158,32,5,27,126,72,54
"2011","E00019395","E00019395","Total",187,40,17,23,147,98,49
"2011","E00019337","E00019337","Total",165,41,16,25,124,94,30
"2011","E00019338","E00019338","Total",217,41,10,31,176,124,52
"2011","E00019339","E00019339","Total",174,42,16,26,132,94,38
"2011","E00019359","E00019359","Total",181,40,12,28,141,96,45
"2011","E00019362","E00019362","Total",168,41,14,27,127,96,31
"2011","E00019363","E00019363","Total",170,25,7,18,145,107,38
"2011","E00019408","E00019408","Total",228,27,13,14,201,137,64
"2011","E00019410","E00019410","Total",190,18,6,12,172,118,54
"2011","E00019415","E00019415","Total",209,25,9,16,184,142,42
"2011","E00019422","E00019422","Total",151,33,9,24,118,75,43
"2011","E00019427","E00019427","Total",169,30,7,23,139,102,37
"2011","E00019433","E00019433","Total",174,22,4,18,152,112,40
"2011","E00019418","E00019418","Total",150,40,11,29,110,90,20
"2011","E00019419","E00019419","Total",142,38,12,26,104,76,28
"2011","E00019426","E00019426","Total",154,37,17,20,117,98,19
"2011","E00019434","E00019434","Total",133,37,15,22,96,67,29
"2011","E00019438","E00019438","Total",156,25,13,12,131,101,30
"2011","E00019409","E00019409","Total",171,45,22,23,126,96,30
"2011","E00019436","E00019436","Total",189,41,19,22,148,107,41
"2011","E00019437","E00019437","Total",89,19,5,14,70,56,14
"2011","E00019439","E00019439","Total",74,12,5,7,62,53,9
"2011","E00019440","E00019440","Total",162,31,10,21,131,97,34
"2011","E00019411","E00019411","Total",114,28,7,21,86,64,22
"2011","E00019412","E00019412","Total",189,51,11,40,138,109,29
"2011","E00019414","E00019414","Total",201,46,16,30,155,115,40
"2011","E00019421","E00019421","Total",169,34,10,24,135,103,32
"2011","E00174880","E00174880","Total",127,35,6,29,92,64,28
"2011","E00174881","E00174881","Total",155,22,11,11,133,95,38
"2011","E00174882","E00174882","Total",143,16,6,10,127,77,50
"2011","E00174883","E00174883","Total",153,20,3,17,133,81,52
"2011","E00174886","E00174886","Total",139,19,7,12,120,80,40
"2011","E00174888","E00174888","Total",143,18,7,11,125,71,54
"2011","E00019336","E00019336","Total",145,42,19,23,103,72,31
"2011","E00019347","E00019347","Total",118,30,7,23,88,70,18
"2011","E00019356","E00019356","Total",174,56,25,31,118,71,47
"2011","E00019361","E00019361","Total",167,46,14,32,121,95,26
"2011","E00174887","E00174887","Total",134,33,11,22,101,83,18
"2011","E00019111","E00019111","Total",142,27,5,22,115,71,44
"2011","E00019129","E00019129","Total",154,36,11,25,118,95,23
"2011","E00019130","E00019130","Total",166,37,15,22,129,92,37
"2011","E00019131","E00019131","Total",177,47,17,30,130,91,39
"2011","E00019132","E00019132","Total",141,30,15,15,111,80,31
"2011","E00019133","E00019133","Total",164,29,10,19,135,94,41
"2011","E00019113","E00019113","Total",160,39,12,27,121,86,35
"2011","E00019115","E00019115","Total",144,24,6,18,120,93,27
"2011","E00019116","E00019116","Total",188,48,15,33,140,90,50
"2011","E00019119","E00019119","Total",146,27,9,18,119,83,36
"2011","E00019125","E00019125","Total",188,33,12,21,155,107,48
"2011","E00019126","E00019126","Total",252,50,20,30,202,139,63
"2011","E00019114","E00019114","Total",175,33,9,24,142,107,35
"2011","E00019117","E00019117","Total",156,35,11,24,121,75,46
"2011","E00019118","E00019118","Total",182,48,18,30,134,88,46
"2011","E00019120","E00019120","Total",173,39,6,33,134,88,46
"2011","E00019121","E00019121","Total",182,37,12,25,145,105,40
"2011","E00019122","E00019122","Total",154,24,9,15,130,86,44
"2011","E00019110","E00019110","Total",173,50,22,28,123,79,44
"2011","E00019123","E00019123","Total",169,41,13,28,128,88,40
"2011","E00019124","E00019124","Total",176,48,16,32,128,74,54
"2011","E00019127","E00019127","Total",184,45,16,29,139,89,50
"2011","E00019128","E00019128","Total",168,43,17,26,125,84,41
"2011","E00019424","E00019424","Total",135,37,7,30,98,55,43
"2011","E00019428","E00019428","Total",181,39,17,22,142,92,50
"2011","E00019429","E00019429","Total",211,46,14,32,165,132,33
"2011","E00019430","E00019430","Total",169,48,9,39,121,78,43
"2011","E00019431","E00019431","Total",115,28,5,23,87,68,19
"2011","E00019479","E00019479","Total",131,23,9,14,108,77,31
"2011","E00019484","E00019484","Total",131,32,13,19,99,59,40
"2011","E00019505","E00019505","Total",161,27,14,13,134,75,59
"2011","E00019507","E00019507","Total",139,31,9,22,108,64,44
"2011","E00019512","E00019512","Total",145,25,11,14,120,77,43
"2011","E00019514","E00019514","Total",143,26,5,21,117,80,37
"2011","E00019516","E00019516","Total",121,15,7,8,106,72,34
"2011","E00019478","E00019478","Total",177,21,5,16,156,102,54
"2011","E00019483","E00019483","Total",186,25,6,19,161,117,44
"2011","E00019486","E00019486","Total",157,31,11,20,126,77,49
"2011","E00019509","E00019509","Total",185,29,5,24,156,107,49
"2011","E00019510","E00019510","Total",135,28,10,18,107,73,34
"2011","E00019513","E00019513","Total",135,15,5,10,120,77,43
"2011","E00019504","E00019504","Total",128,25,10,15,103,67,36
"2011","E00019506","E00019506","Total",147,40,21,19,107,47,60
"2011","E00019511","E00019511","Total",135,29,10,19,106,76,30
"2011","E00019515","E00019515","Total",148,24,8,16,124,87,37
"2011","E00019518","E00019518","Total",193,29,10,19,164,95,69
"2011","E00019480","E00019480","Total",149,53,22,31,96,77,19
"2011","E00019493","E00019493","Total",126,48,17,31,78,62,16
"2011","E00019495","E00019495","Total",166,29,12,17,137,95,42
"2011","E00019502","E00019502","Total",104,18,5,13,86,51,35
"2011","E00019503","E00019503","Total",129,35,19,16,94,72,22
"2011","E00019446","E00019446","Total",162,40,14,26,122,85,37
"2011","E00019449","E00019449","Total",191,40,11,29,151,98,53
"2011","E00019452","E00019452","Total",155,40,9,31,115,74,41
"2011","E00019457","E00019457","Total",191,36,14,22,155,100,55
"2011","E00019458","E00019458","Total",159,37,13,24,122,70,52
"2011","E00019459","E00019459","Total",203,33,12,21,170,120,50
"2011","E00019461","E00019461","Total",162,21,7,14,141,96,45
"2011","E00019462","E00019462","Total",208,40,9,31,168,116,52
"2011","E00019463","E00019463","Total",184,30,11,19,154,103,51
"2011","E00019468","E00019468","Total",136,39,16,23,97,58,39
"2011","E00019444","E00019444","Total",252,59,23,36,193,141,52
"2011","E00019474","E00019474","Total",320,76,16,60,244,160,84
"2011","E00019475","E00019475","Total",174,39,17,22,135,93,42
"2011","E00019477","E00019477","Total",183,56,21,35,127,91,36
"2011","E00019450","E00019450","Total",171,28,7,21,143,99,44
"2011","E00019451","E00019451","Total",172,36,12,24,136,91,45
"2011","E00019453","E00019453","Total",166,28,13,15,138,105,33
"2011","E00019454","E00019454","Total",168,30,8,22,138,109,29
"2011","E00019476","E00019476","Total",177,45,18,27,132,76,56
"2011","E00019175","E00019175","Total",165,19,7,12,146,96,50
"2011","E00019176","E00019176","Total",137,25,12,13,112,65,47
"2011","E00019193","E00019193","Total",156,23,7,16,133,86,47
"2011","E00019194","E00019194","Total",129,14,5,9,115,66,49
"2011","E00019195","E00019195","Total",205,25,8,17,180,121,59
"2011","E00019196","E00019196","Total",127,20,11,9,107,68,39
"2011","E00019485","E00019485","Total",166,20,6,14,146,102,44
"2011","E00019488","E00019488","Total",150,27,9,18,123,77,46
"2011","E00019489","E00019489","Total",124,26,15,11,98,56,42
"2011","E00019492","E00019492","Total",172,21,7,14,151,99,52
"2011","E00019494","E00019494","Total",144,29,11,18,115,79,36
"2011","E00019508","E00019508","Total",143,17,6,11,126,78,48
"2011","E00019517","E00019517","Total",79,25,11,14,54,29,25
"2011","E00019481","E00019481","Total",101,25,13,12,76,40,36
"2011","E00019487","E00019487","Total",128,26,8,18,102,61,41
"2011","E00019490","E00019490","Total",141,13,3,10,128,86,42
"2011","E00019491","E00019491","Total",127,29,8,21,98,61,37
"2011","E00019496","E00019496","Total",144,20,10,10,124,83,41
"2011","E00019497","E00019497","Total",139,37,15,22,102,53,49
"2011","E00019482","E00019482","Total",188,61,37,24,127,82,45
"2011","E00019498","E00019498","Total",136,21,10,11,115,68,47
"2011","E00019499","E00019499","Total",171,27,9,18,144,78,66
"2011","E00019500","E00019500","Total",164,38,15,23,126,77,49
"2011","E00019501","E00019501","Total",150,20,10,10,130,92,38
"2011","E00019588","E00019588","Total",134,22,10,12,112,78,34
"2011","E00019589","E00019589","Total",159,29,6,23,130,89,41
"2011","E00019592","E00019592","Total",159,35,14,21,124,90,34
"2011","E00019609","E00019609","Total",165,30,13,17,135,76,59
"2011","E00019614","E00019614","Total",165,32,11,21,133,80,53
"2011","E00019616","E00019616","Total",117,17,9,8,100,58,42
"2011","E00019617","E00019617","Total",178,58,20,38,120,72,48
"2011","E00019586","E00019586","Total",166,32,12,20,134,88,46
"2011","E00019608","E00019608","Total",142,54,20,34,88,64,24
"2011","E00019610","E00019610","Total",131,22,12,10,109,78,31
"2011","E00019612","E00019612","Total",169,24,12,12,145,103,42
"2011","E00019613","E00019613","Total",137,27,10,17,110,71,39
"2011","E00019615","E00019615","Total",165,30,11,19,135,99,36
"2011","E00019587","E00019587","Total",159,27,8,19,132,99,33
"2011","E00019591","E00019591","Total",165,43,20,23,122,73,49
"2011","E00019611","E00019611","Total",197,26,9,17,171,123,48
"2011","E00019618","E00019618","Total",156,25,8,17,131,88,43
"2011","E00019619","E00019619","Total",175,29,12,17,146,97,49
"2011","E00019621","E00019621","Total",136,35,15,20,101,65,36
"2011","E00019590","E00019590","Total",180,41,15,26,139,95,44
"2011","E00019593","E00019593","Total",125,37,14,23,88,63,25
"2011","E00019594","E00019594","Total",189,54,30,24,135,76,59
"2011","E00019595","E00019595","Total",172,35,8,27,137,100,37
"2011","E00019596","E00019596","Total",102,24,5,19,78,58,20
"2011","E00019620","E00019620","Total",200,41,13,28,159,94,65
"2011","E00019660","E00019660","Total",179,44,16,28,135,115,20
"2011","E00019662","E00019662","Total",256,44,17,27,212,152,60
"2011","E00019677","E00019677","Total",188,51,18,33,137,107,30
"2011","E00019684","E00019684","Total",170,40,15,25,130,109,21
"2011","E00019656","E00019656","Total",181,59,28,31,122,104,18
"2011","E00019659","E00019659","Total",149,32,11,21,117,91,26
"2011","E00019678","E00019678","Total",153,43,15,28,110,83,27
"2011","E00019681","E00019681","Total",185,47,19,28,138,112,26
"2011","E00019683","E00019683","Total",169,39,16,23,130,105,25
"2011","E00019658","E00019658","Total",124,40,18,22,84,80,4
"2011","E00019661","E00019661","Total",135,33,12,21,102,82,20
"2011","E00019664","E00019664","Total",178,43,17,26,135,113,22
"2011","E00019671","E00019671","Total",187,51,14,37,136,116,20
"2011","E00019672","E00019672","Total",139,48,13,35,91,74,17
"2011","E00019657","E00019657","Total",157,41,17,24,116,101,15
"2011","E00019673","E00019673","Total",207,61,18,43,146,112,34
"2011","E00019679","E00019679","Total",200,70,28,42,130,99,31
"2011","E00019680","E00019680","Total",186,53,20,33,133,99,34
"2011","E00019682","E00019682","Total",194,53,16,37,141,123,18
"2011","E00019665","E00019665","Total",143,37,16,21,106,89,17
"2011","E00019669","E00019669","Total",154,51,15,36,103,86,17
"2011","E00019670","E00019670","Total",198,65,21,44,133,114,19
"2011","E00019674","E00019674","Total",149,41,17,24,108,84,24
"2011","E00019676","E00019676","Total",140,25,9,16,115,94,21
"2011","E00019447","E00019447","Total",174,31,17,14,143,107,36
"2011","E00019455","E00019455","Total",165,37,16,21,128,103,25
"2011","E00019464","E00019464","Total",162,28,15,13,134,103,31
"2011","E00019466","E00019466","Total",129,23,9,14,106,86,20
"2011","E00019467","E00019467","Total",179,49,18,31,130,102,28
"2011","E00019445","E00019445","Total",215,46,16,30,169,127,42
"2011","E00019456","E00019456","Total",218,59,29,30,159,112,47
"2011","E00019460","E00019460","Total",218,28,7,21,190,146,44
"2011","E00019465","E00019465","Total",143,37,11,26,106,69,37
"2011","E00019472","E00019472","Total",175,24,7,17,151,120,31
"2011","E00019448","E00019448","Total",220,45,12,33,175,111,64
"2011","E00019469","E00019469","Total",182,40,16,24,142,105,37
"2011","E00019470","E00019470","Total",254,48,19,29,206,159,47
"2011","E00019471","E00019471","Total",192,42,15,27,150,95,55
"2011","E00019473","E00019473","Total",196,52,21,31,144,104,40
"2011","E00019663","E00019663","Total",139,31,9,22,108,85,23
"2011","E00019666","E00019666","Total",220,71,26,45,149,119,30
"2011","E00019667","E00019667","Total",164,46,16,30,118,98,20
"2011","E00019668","E00019668","Total",118,32,10,22,86,64,22
"2011","E00019675","E00019675","Total",191,45,14,31,146,109,37
"2011","E00019135","E00019135","Total",181,42,12,30,139,82,57
"2011","E00019137","E00019137","Total",142,53,26,27,89,55,34
"2011","E00019138","E00019138","Total",142,43,18,25,99,55,44
"2011","E00019139","E00019139","Total",154,39,24,15,115,69,46
"2011","E00019140","E00019140","Total",118,32,15,17,86,50,36
"2011","E00019112","E00019112","Total",192,63,37,26,129,61,68
"2011","E00019134","E00019134","Total",178,49,27,22,129,69,60
"2011","E00019136","E00019136","Total",191,55,22,33,136,78,58
"2011","E00019141","E00019141","Total",131,39,17,22,92,52,40
"2011","E00019197","E00019197","Total",140,32,14,18,108,73,35
"2011","E00019198","E00019198","Total",132,30,14,16,102,78,24
"2011","E00019199","E00019199","Total",154,39,21,18,115,59,56
"2011","E00019202","E00019202","Total",128,33,14,19,95,60,35
"2011","E00019205","E00019205","Total",142,44,18,26,98,52,46
"2011","E00019178","E00019178","Total",146,39,12,27,107,77,30
"2011","E00019181","E00019181","Total",115,24,9,15,91,68,23
"2011","E00019183","E00019183","Total",114,22,5,17,92,47,45
"2011","E00019186","E00019186","Total",179,51,24,27,128,92,36
"2011","E00019187","E00019187","Total",155,34,19,15,121,93,28
"2011","E00019192","E00019192","Total",209,55,16,39,154,131,23
"2011","E00019314","E00019314","Total",142,46,15,31,96,81,15
"2011","E00019315","E00019315","Total",184,44,19,25,140,117,23
"2011","E00019316","E00019316","Total",188,43,22,21,145,129,16
"2011","E00019317","E00019317","Total",142,40,10,30,102,80,22
"2011","E00019318","E00019318","Total",140,37,12,25,103,87,16
"2011","E00019313","E00019313","Total",137,52,16,36,85,75,10
"2011","E00019319","E00019319","Total",59,14,4,10,45,45,0
"2011","E00019320","E00019320","Total",137,41,12,29,96,85,11
"2011","E00019321","E00019321","Total",161,44,13,31,117,102,15
"2011","E00019323","E00019323","Total",163,42,14,28,121,99,22
"2011","E00019325","E00019325","Total",192,60,27,33,132,105,27
"2011","E00019307","E00019307","Total",161,49,16,33,112,100,12
"2011","E00019308","E00019308","Total",145,39,13,26,106,95,11
"2011","E00019324","E00019324","Total",165,41,12,29,124,96,28
"2011","E00019327","E00019327","Total",162,46,13,33,116,93,23
"2011","E00019332","E00019332","Total",165,38,14,24,127,107,20
"2011","E00019322","E00019322","Total",176,62,20,42,114,82,32
"2011","E00019329","E00019329","Total",253,89,28,61,164,145,19
"2011","E00019331","E00019331","Total",186,46,22,24,140,114,26
"2011","E00019333","E00019333","Total",170,57,27,30,113,92,21
"2011","E00019334","E00019334","Total",157,52,13,39,105,90,15
"2011","E00019306","E00019306","Total",178,47,20,27,131,109,22
"2011","E00019326","E00019326","Total",179,41,18,23,138,110,28
"2011","E00019328","E00019328","Total",173,59,20,39,114,95,19
"2011","E00019330","E00019330","Total",190,51,21,30,139,112,27
"2011","E00019309","E00019309","Total",139,37,10,27,102,79,23
"2011","E00019310","E00019310","Total",156,51,17,34,105,90,15
"2011","E00019311","E00019311","Total",142,38,13,25,104,82,22
"2011","E00019312","E00019312","Total",162,44,15,29,118,104,14
"2011","E00019335","E00019335","Total",184,51,13,38,133,115,18
"2011","E00019521","E00019521","Total",180,47,13,34,133,100,33
"2011","E00019526","E00019526","Total",166,34,13,21,132,89,43
"2011","E00019527","E00019527","Total",194,35,16,19,159,109,50
"2011","E00019529","E00019529","Total",214,29,17,12,185,152,33
"2011","E00019531","E00019531","Total",142,32,8,24,110,92,18
"2011","E00019532","E00019532","Total",154,44,18,26,110,83,27
"2011","E00019519","E00019519","Total",151,31,18,13,120,96,24
"2011","E00019520","E00019520","Total",212,37,15,22,175,124,51
"2011","E00019524","E00019524","Total",217,32,8,24,185,131,54
"2011","E00019525","E00019525","Total",181,25,12,13,156,120,36
"2011","E00019528","E00019528","Total",230,42,11,31,188,136,52
"2011","E00019533","E00019533","Total",179,29,11,18,150,109,41
"2011","E00019597","E00019597","Total",191,45,15,30,146,99,47
"2011","E00019598","E00019598","Total",184,32,12,20,152,87,65
"2011","E00019599","E00019599","Total",136,32,11,21,104,67,37
"2011","E00019602","E00019602","Total",176,33,15,18,143,101,42
"2011","E00019604","E00019604","Total",252,58,31,27,194,140,54
"2011","E00019607","E00019607","Total",114,17,7,10,97,78,19
"2011","E00019585","E00019585","Total",190,43,21,22,147,122,25
"2011","E00019600","E00019600","Total",186,26,12,14,160,124,36
"2011","E00019601","E00019601","Total",208,32,15,17,176,133,43
"2011","E00019603","E00019603","Total",176,25,9,16,151,116,35
"2011","E00019605","E00019605","Total",188,33,12,21,155,111,44
"2011","E00019606","E00019606","Total",178,47,20,27,131,87,44
"2011","E00019623","E00019623","Total",181,35,9,26,146,111,35
"2011","E00019625","E00019625","Total",158,33,11,22,125,79,46
"2011","E00019626","E00019626","Total",220,44,16,28,176,134,42
"2011","E00019629","E00019629","Total",184,45,10,35,139,98,41
"2011","E00019654","E00019654","Total",194,28,13,15,166,127,39
"2011","E00019627","E00019627","Total",169,47,13,34,122,85,37
"2011","E00019628","E00019628","Total",135,19,5,14,116,85,31
"2011","E00019630","E00019630","Total",149,30,5,25,119,90,29
"2011","E00019632","E00019632","Total",176,41,8,33,135,96,39
"2011","E00019636","E00019636","Total",181,37,13,24,144,111,33
"2011","E00019624","E00019624","Total",145,55,26,29,90,73,17
"2011","E00019637","E00019637","Total",145,51,12,39,94,75,19
"2011","E00019640","E00019640","Total",150,49,16,33,101,81,20
"2011","E00019641","E00019641","Total",149,54,18,36,95,82,13
"2011","E00019645","E00019645","Total",148,50,22,28,98,79,19
"2011","E00019646","E00019646","Total",196,63,25,38,133,99,34
"2011","E00019650","E00019650","Total",182,45,15,30,137,113,24
"2011","E00019651","E00019651","Total",166,46,13,33,120,92,28
"2011","E00019653","E00019653","Total",155,30,5,25,125,99,26
"2011","E00019655","E00019655","Total",196,48,13,35,148,121,27
"2011","E00019631","E00019631","Total",147,44,15,29,103,82,21
"2011","E00019634","E00019634","Total",162,43,12,31,119,96,23
"2011","E00019635","E00019635","Total",174,50,18,32,124,101,23
"2011","E00019638","E00019638","Total",204,54,18,36,150,124,26
"2011","E00019633","E00019633","Total",175,55,22,33,120,86,34
"2011","E00019639","E00019639","Total",184,54,24,30,130,113,17
"2011","E00019642","E00019642","Total",165,48,21,27,117,92,25
"2011","E00019643","E00019643","Total",146,51,9,42,95,79,16
"2011","E00019644","E00019644","Total",146,41,18,23,105,90,15
"2011","E00019622","E00019622","Total",195,52,20,32,143,103,40
"2011","E00019647","E00019647","Total",171,38,14,24,133,97,36
"2011","E00019648","E00019648","Total",138,36,9,27,102,83,19
"2011","E00019649","E00019649","Total",141,35,10,25,106,86,20
"2011","E00019652","E00019652","Total",192,45,24,21,147,113,34
"2011","E00019522","E00019522","Total",132,32,8,24,100,69,31
"2011","E00019534","E00019534","Total",195,56,19,37,139,95,44
"2011","E00019536","E00019536","Total",173,46,22,24,127,90,37
"2011","E00019538","E00019538","Total",151,35,13,22,116,89,27
"2011","E00019542","E00019542","Total",162,46,21,25,116,77,39
"2011","E00019547","E00019547","Total",133,26,9,17,107,76,31
"2011","E00019548","E00019548","Total",152,34,16,18,118,77,41
"2011","E00019549","E00019549","Total",196,72,44,28,124,95,29
"2011","E00174884","E00174884","Total",323,232,184,48,91,62,29
"2011","E00174885","E00174885","Total",71,16,7,9,55,35,20
"2011","E00019530","E00019530","Total",181,32,10,22,149,109,40
"2011","E00019535","E00019535","Total",172,39,21,18,133,103,30
"2011","E00019539","E00019539","Total",149,32,16,16,117,82,35
"2011","E00019540","E00019540","Total",166,41,18,23,125,79,46
"2011","E00019543","E00019543","Total",195,38,23,15,157,100,57
"2011","E00019523","E00019523","Total",154,31,13,18,123,94,29
"2011","E00019537","E00019537","Total",210,50,17,33,160,128,32
"2011","E00019544","E00019544","Total",132,18,10,8,114,89,25
"2011","E00019545","E00019545","Total",178,47,19,28,131,92,39
"2011","E00019546","E00019546","Total",165,42,19,23,123,90,33
"2011","E00019180","E00019180","Total",168,44,18,26,124,96,28
"2011","E00019182","E00019182","Total",148,46,26,20,102,76,26
"2011","E00019184","E00019184","Total",174,47,17,30,127,106,21
"2011","E00019203","E00019203","Total",134,42,14,28,92,72,20
"2011","E00019206","E00019206","Total",150,53,20,33,97,77,20
"2011","E00019177","E00019177","Total",120,33,11,22,87,73,14
"2011","E00019200","E00019200","Total",126,34,10,24,92,76,16
"2011","E00019201","E00019201","Total",134,45,12,33,89,74,15
"2011","E00019204","E00019204","Total",129,40,15,25,89,79,10
"2011","E00019207","E00019207","Total",139,29,12,17,110,94,16
"2011","E00019208","E00019208","Total",128,38,9,29,90,74,16
"2011","E00019179","E00019179","Total",164,33,8,25,131,105,26
"2011","E00019185","E00019185","Total",192,59,28,31,133,106,27
"2011","E00019188","E00019188","Total",170,51,21,30,119,102,17
"2011","E00019189","E00019189","Total",154,33,8,25,121,104,17
"2011","E00019190","E00019190","Total",137,36,17,19,101,77,24
"2011","E00019191","E00019191","Total",153,45,13,32,108,83,25
"2011","E00019145","E00019145","Total",165,47,18,29,118,86,32
"2011","E00019146","E00019146","Total",201,56,19,37,145,112,33
"2011","E00019151","E00019151","Total",157,41,17,24,116,85,31
"2011","E00019165","E00019165","Total",182,51,17,34,131,95,36
"2011","E00019173","E00019173","Total",192,41,17,24,151,116,35
"2011","E00019144","E00019144","Total",185,44,15,29,141,101,40
"2011","E00019164","E00019164","Total",166,41,18,23,125,98,27
"2011","E00019166","E00019166","Total",164,42,16,26,122,99,23
"2011","E00019167","E00019167","Total",159,31,10,21,128,102,26
"2011","E00019169","E00019169","Total",168,37,12,25,131,104,27
"2011","E00019171","E00019171","Total",189,35,18,17,154,115,39
"2011","E00019571","E00019571","Total",174,53,21,32,121,85,36
"2011","E00019572","E00019572","Total",151,44,19,25,107,66,41
"2011","E00019573","E00019573","Total",166,40,17,23,126,97,29
"2011","E00019575","E00019575","Total",180,54,32,22,126,92,34
"2011","E00019582","E00019582","Total",173,38,13,25,135,109,26
"2011","E00019554","E00019554","Total",184,45,13,32,139,91,48
"2011","E00019570","E00019570","Total",195,63,23,40,132,86,46
"2011","E00019574","E00019574","Total",158,29,11,18,129,88,41
"2011","E00019576","E00019576","Total",105,18,11,7,87,59,28
"2011","E00019578","E00019578","Total",168,46,19,27,122,83,39
"2011","E00019579","E00019579","Total",149,30,10,20,119,83,36
"2011","E00019142","E00019142","Total",160,33,7,26,127,89,38
"2011","E00019143","E00019143","Total",168,41,8,33,127,93,34
"2011","E00019156","E00019156","Total",189,51,22,29,138,87,51
"2011","E00019168","E00019168","Total",199,48,23,25,151,117,34
"2011","E00019172","E00019172","Total",159,38,17,21,121,83,38
"2011","E00019148","E00019148","Total",161,58,21,37,103,73,30
"2011","E00019149","E00019149","Total",171,35,17,18,136,90,46
"2011","E00019152","E00019152","Total",174,58,23,35,116,81,35
"2011","E00019170","E00019170","Total",143,33,10,23,110,74,36
"2011","E00019174","E00019174","Total",165,42,11,31,123,80,43
"2011","E00019147","E00019147","Total",165,42,21,21,123,94,29
"2011","E00019153","E00019153","Total",160,36,12,24,124,94,30
"2011","E00019154","E00019154","Total",154,27,10,17,127,102,25
"2011","E00019155","E00019155","Total",126,11,3,8,115,93,22
"2011","E00019157","E00019157","Total",161,35,14,21,126,105,21
"2011","E00019161","E00019161","Total",108,26,10,16,82,59,23
"2011","E00019150","E00019150","Total",147,32,8,24,115,98,17
"2011","E00019158","E00019158","Total",96,25,8,17,71,54,17
"2011","E00019159","E00019159","Total",128,29,6,23,99,74,25
"2011","E00019160","E00019160","Total",197,38,14,24,159,125,34
"2011","E00019162","E00019162","Total",201,48,10,38,153,124,29
"2011","E00019163","E00019163","Total",227,54,21,33,173,129,44
"2011","E00019261","E00019261","Total",142,51,20,31,91,71,20
"2011","E00019264","E00019264","Total",141,39,16,23,102,77,25
"2011","E00019265","E00019265","Total",136,43,25,18,93,74,19
"2011","E00019270","E00019270","Total",175,38,6,32,137,110,27
"2011","E00019271","E00019271","Total",173,45,20,25,128,94,34
"2011","E00019241","E00019241","Total",129,33,8,25,96,76,20
"2011","E00019243","E00019243","Total",156,49,17,32,107,85,22
"2011","E00019246","E00019246","Total",134,42,13,29,92,68,24
"2011","E00019247","E00019247","Total",176,49,19,30,127,105,22
"2011","E00019248","E00019248","Total",183,54,11,43,129,108,21
"2011","E00019249","E00019249","Total",133,34,13,21,99,83,16
"2011","E00019251","E00019251","Total",163,32,12,20,131,95,36
"2011","E00019256","E00019256","Total",137,46,20,26,91,63,28
"2011","E00019257","E00019257","Total",146,39,16,23,107,78,29
"2011","E00019262","E00019262","Total",148,44,17,27,104,88,16
"2011","E00019263","E00019263","Total",149,41,17,24,108,73,35
"2011","E00019244","E00019244","Total",151,27,8,19,124,93,31
"2011","E00019245","E00019245","Total",159,43,11,32,116,93,23
"2011","E00019250","E00019250","Total",143,43,20,23,100,81,19
"2011","E00019252","E00019252","Total",153,32,10,22,121,97,24
"2011","E00019272","E00019272","Total",218,57,16,41,161,132,29
"2011","E00019242","E00019242","Total",142,28,8,20,114,100,14
"2011","E00019253","E00019253","Total",99,30,8,22,69,57,12
"2011","E00019255","E00019255","Total",112,30,11,19,82,72,10
"2011","E00019258","E00019258","Total",120,41,20,21,79,67,12
"2011","E00019266","E00019266","Total",72,20,7,13,52,43,9
"2011","E00019267","E00019267","Total",114,26,7,19,88,83,5
"2011","E00019254","E00019254","Total",160,45,20,25,115,94,21
"2011","E00019259","E00019259","Total",167,41,12,29,126,104,22
"2011","E00019260","E00019260","Total",78,14,5,9,64,51,13
"2011","E00019268","E00019268","Total",167,44,18,26,123,100,23
"2011","E00019269","E00019269","Total",174,39,14,25,135,108,27
"2011","E00019558","E00019558","Total",220,48,19,29,172,132,40
"2011","E00019577","E00019577","Total",170,45,24,21,125,87,38
"2011","E00019580","E00019580","Total",192,46,16,30,146,121,25
"2011","E00019583","E00019583","Total",184,48,21,27,136,88,48
"2011","E00019584","E00019584","Total",198,41,18,23,157,119,38
"2011","E00019550","E00019550","Total",214,50,23,27,164,121,43
"2011","E00019551","E00019551","Total",191,52,17,35,139,101,38
"2011","E00019552","E00019552","Total",154,30,6,24,124,90,34
"2011","E00019559","E00019559","Total",159,38,13,25,121,85,36
"2011","E00019560","E00019560","Total",149,33,13,20,116,86,30
"2011","E00019564","E00019564","Total",139,30,11,19,109,76,33
"2011","E00019555","E00019555","Total",111,24,7,17,87,61,26
"2011","E00019556","E00019556","Total",184,45,16,29,139,103,36
"2011","E00019557","E00019557","Total",168,43,24,19,125,83,42
"2011","E00019561","E00019561","Total",204,47,21,26,157,122,35
"2011","E00019563","E00019563","Total",97,18,4,14,79,61,18
"2011","E00019566","E00019566","Total",80,25,9,16,55,37,18
"2011","E00019581","E00019581","Total",134,26,6,20,108,79,29
"2011","E00019553","E00019553","Total",209,42,19,23,167,127,40
"2011","E00019562","E00019562","Total",157,50,16,34,107,68,39
"2011","E00019565","E00019565","Total",199,66,27,39,133,86,47
"2011","E00019567","E00019567","Total",124,24,7,17,100,75,25
"2011","E00019568","E00019568","Total",134,26,9,17,108,87,21
"2011","E00019569","E00019569","Total",132,27,7,20,105,79,26
"2011","E00019273","E00019273","Total",137,36,13,23,101,67,34
"2011","E00019276","E00019276","Total",201,51,22,29,150,105,45
"2011","E00019277","E00019277","Total",201,47,15,32,154,108,46
"2011","E00019303","E00019303","Total",130,30,10,20,100,75,25
"2011","E00019305","E00019305","Total",199,71,30,41,128,99,29
"2011","E00019278","E00019278","Total",143,33,9,24,110,81,29
"2011","E00019282","E00019282","Total",164,42,16,26,122,87,35
"2011","E00019283","E00019283","Total",144,43,16,27,101,76,25
"2011","E00019288","E00019288","Total",150,40,19,21,110,77,33
"2011","E00019291","E00019291","Total",181,57,23,34,124,70,54
"2011","E00019281","E00019281","Total",158,33,12,21,125,90,35
"2011","E00019285","E00019285","Total",69,15,10,5,54,36,18
"2011","E00019286","E00019286","Total",133,28,17,11,105,69,36
"2011","E00019287","E00019287","Total",132,33,17,16,99,74,25
"2011","E00019293","E00019293","Total",143,45,22,23,98,81,17
"2011","E00019279","E00019279","Total",114,34,7,27,80,70,10
"2011","E00019280","E00019280","Total",99,26,12,14,73,45,28
"2011","E00019284","E00019284","Total",138,45,20,25,93,65,28
"2011","E00019292","E00019292","Total",241,55,25,30,186,132,54
"2011","E00019297","E00019297","Total",129,31,14,17,98,67,31
"2011","E00019298","E00019298","Total",124,30,16,14,94,65,29
"2011","E00019289","E00019289","Total",207,42,16,26,165,123,42
"2011","E00019290","E00019290","Total",183,44,18,26,139,96,43
"2011","E00019294","E00019294","Total",166,50,21,29,116,75,41
"2011","E00019295","E00019295","Total",139,30,17,13,109,70,39
"2011","E00019296","E00019296","Total",285,71,29,42,214,164,50
"2011","E00019274","E00019274","Total",92,23,4,19,69,54,15
"2011","E00019275","E00019275","Total",115,31,8,23,84,62,22
"2011","E00019299","E00019299","Total",159,39,12,27,120,107,13
"2011","E00019300","E00019300","Total",179,39,12,27,140,99,41
"2011","E00019301","E00019301","Total",67,8,3,5,59,47,12
"2011","E00019302","E00019302","Total",222,51,13,38,171,119,52
"2011","E00019304","E00019304","Total",145,34,16,18,111,78,33
"2011","E00019213","E00019213","Total",142,45,17,28,97,67,30
"2011","E00019223","E00019223","Total",164,46,20,26,118,80,38
"2011","E00019226","E00019226","Total",165,57,21,36,108,79,29
"2011","E00019240","E00019240","Total",204,58,24,34,146,98,48
"2011","E00019211","E00019211","Total",163,47,20,27,116,86,30
"2011","E00019221","E00019221","Total",142,46,14,32,96,69,27
"2011","E00019231","E00019231","Total",155,48,21,27,107,75,32
"2011","E00019237","E00019237","Total",135,31,9,22,104,77,27
"2011","E00019238","E00019238","Total",179,47,21,26,132,87,45
"2011","E00019239","E00019239","Total",171,38,16,22,133,89,44
"2011","E00019210","E00019210","Total",147,44,16,28,103,78,25
"2011","E00019216","E00019216","Total",196,58,17,41,138,101,37
"2011","E00019217","E00019217","Total",149,49,23,26,100,62,38
"2011","E00019220","E00019220","Total",156,45,13,32,111,90,21
"2011","E00019222","E00019222","Total",162,48,16,32,114,85,29
"2011","E00019214","E00019214","Total",189,53,16,37,136,93,43
"2011","E00019215","E00019215","Total",224,63,23,40,161,131,30
"2011","E00019218","E00019218","Total",199,49,18,31,150,117,33
"2011","E00019219","E00019219","Total",163,41,14,27,122,94,28
"2011","E00019224","E00019224","Total",157,42,16,26,115,93,22
"2011","E00019209","E00019209","Total",101,43,8,35,58,49,9
"2011","E00019228","E00019228","Total",158,47,19,28,111,92,19
"2011","E00019229","E00019229","Total",134,22,5,17,112,90,22
"2011","E00019230","E00019230","Total",139,46,16,30,93,73,20
"2011","E00019232","E00019232","Total",183,43,16,27,140,118,22
"2011","E00019233","E00019233","Total",94,38,14,24,56,46,10
"2011","E00019212","E00019212","Total",168,33,10,23,135,98,37
"2011","E00019225","E00019225","Total",157,31,11,20,126,100,26
"2011","E00019227","E00019227","Total",153,41,13,28,112,93,19
"2011","E00019234","E00019234","Total",192,51,21,30,141,113,28
"2011","E00019235","E00019235","Total",180,46,17,29,134,114,20
"2011","E00019236","E00019236","Total",166,40,13,27,126,97,29
"2011","E00020754","E00020754","Total",166,53,7,46,113,99,14
"2011","E00020757","E00020757","Total",224,59,15,44,165,144,21
"2011","E00020767","E00020767","Total",188,51,7,44,137,122,15
"2011","E00020786","E00020786","Total",126,32,8,24,94,82,12
"2011","E00021076","E00021076","Total",175,43,10,33,132,115,17
"2011","E00021088","E00021088","Total",143,37,16,21,106,89,17
"2011","E00021089","E00021089","Total",175,66,22,44,109,94,15
"2011","E00021090","E00021090","Total",161,42,19,23,119,105,14
"2011","E00021091","E00021091","Total",167,47,10,37,120,105,15
"2011","E00021074","E00021074","Total",144,42,10,32,102,86,16
"2011","E00021075","E00021075","Total",144,39,9,30,105,87,18
"2011","E00021081","E00021081","Total",146,47,11,36,99,82,17
"2011","E00021083","E00021083","Total",157,40,15,25,117,90,27
"2011","E00021096","E00021096","Total",78,30,13,17,48,41,7
"2011","E00021071","E00021071","Total",111,34,15,19,77,63,14
"2011","E00021072","E00021072","Total",155,42,19,23,113,95,18
"2011","E00021092","E00021092","Total",89,43,14,29,46,42,4
"2011","E00021093","E00021093","Total",196,39,9,30,157,139,18
"2011","E00021095","E00021095","Total",88,34,8,26,54,44,10
"2011","E00021080","E00021080","Total",237,70,20,50,167,145,22
"2011","E00021082","E00021082","Total",130,37,10,27,93,86,7
"2011","E00021084","E00021084","Total",159,35,8,27,124,104,20
"2011","E00021085","E00021085","Total",160,52,19,33,108,99,9
"2011","E00021086","E00021086","Total",53,14,6,8,39,35,4
"2011","E00021087","E00021087","Total",138,26,7,19,112,93,19
"2011","E00020753","E00020753","Total",171,49,10,39,122,103,19
"2011","E00020759","E00020759","Total",122,34,10,24,88,70,18
"2011","E00020760","E00020760","Total",95,30,14,16,65,55,10
"2011","E00020765","E00020765","Total",128,31,13,18,97,86,11
"2011","E00020785","E00020785","Total",155,45,14,31,110,100,10
"2011","E00166819","E00166819","Total",262,63,17,46,199,163,36
"2011","E00166826","E00166826","Total",94,29,12,17,65,62,3
"2011","E00020755","E00020755","Total",157,43,20,23,114,100,14
"2011","E00020761","E00020761","Total",167,52,16,36,115,99,16
"2011","E00020781","E00020781","Total",211,54,21,33,157,132,25
"2011","E00020783","E00020783","Total",176,55,17,38,121,105,16
"2011","E00020784","E00020784","Total",147,43,12,31,104,97,7
"2011","E00020756","E00020756","Total",160,40,8,32,120,100,20
"2011","E00020758","E00020758","Total",226,51,17,34,175,154,21
"2011","E00020764","E00020764","Total",120,40,11,29,80,69,11
"2011","E00020766","E00020766","Total",149,40,9,31,109,98,11
"2011","E00020769","E00020769","Total",101,27,4,23,74,59,15
"2011","E00020772","E00020772","Total",244,51,17,34,193,163,30
"2011","E00020773","E00020773","Total",131,47,23,24,84,71,13
"2011","E00020774","E00020774","Total",122,38,8,30,84,74,10
"2011","E00020775","E00020775","Total",144,45,10,35,99,87,12
"2011","E00020768","E00020768","Total",140,35,10,25,105,94,11
"2011","E00020778","E00020778","Total",171,34,7,27,137,120,17
"2011","E00020779","E00020779","Total",92,29,11,18,63,50,13
"2011","E00020780","E00020780","Total",192,55,14,41,137,120,17
"2011","E00020782","E00020782","Total",162,48,17,31,114,100,14
"2011","E00020790","E00020790","Total",178,51,19,32,127,102,25
"2011","E00020795","E00020795","Total",195,52,14,38,143,117,26
"2011","E00020801","E00020801","Total",176,55,16,39,121,105,16
"2011","E00020810","E00020810","Total",136,42,15,27,94,83,11
"2011","E00020812","E00020812","Total",145,51,12,39,94,77,17
"2011","E00020811","E00020811","Total",132,34,9,25,98,84,14
"2011","E00020813","E00020813","Total",188,69,17,52,119,98,21
"2011","E00020814","E00020814","Total",176,55,15,40,121,99,22
"2011","E00020815","E00020815","Total",108,33,8,25,75,60,15
"2011","E00020817","E00020817","Total",219,69,19,50,150,127,23
"2011","E00020797","E00020797","Total",82,30,7,23,52,44,8
"2011","E00020799","E00020799","Total",185,59,15,44,126,106,20
"2011","E00020802","E00020802","Total",165,49,9,40,116,96,20
"2011","E00020803","E00020803","Total",138,38,14,24,100,81,19
"2011","E00020808","E00020808","Total",206,52,17,35,154,133,21
"2011","E00020798","E00020798","Total",154,51,23,28,103,93,10
"2011","E00020800","E00020800","Total",184,56,16,40,128,104,24
"2011","E00020804","E00020804","Total",216,78,29,49,138,113,25
"2011","E00020807","E00020807","Total",206,57,21,36,149,123,26
"2011","E00020787","E00020787","Total",208,48,16,32,160,136,24
"2011","E00020805","E00020805","Total",225,71,24,47,154,123,31
"2011","E00020806","E00020806","Total",203,58,19,39,145,127,18
"2011","E00020809","E00020809","Total",184,51,19,32,133,118,15
"2011","E00020971","E00020971","Total",191,58,23,35,133,110,23
"2011","E00020974","E00020974","Total",153,38,9,29,115,100,15
"2011","E00020976","E00020976","Total",175,34,8,26,141,127,14
"2011","E00020981","E00020981","Total",174,47,14,33,127,110,17
"2011","E00020986","E00020986","Total",145,34,9,25,111,98,13
"2011","E00020967","E00020967","Total",176,44,13,31,132,111,21
"2011","E00020977","E00020977","Total",176,48,20,28,128,102,26
"2011","E00020984","E00020984","Total",190,36,10,26,154,124,30
"2011","E00020989","E00020989","Total",99,28,9,19,71,58,13
"2011","E00020994","E00020994","Total",181,23,6,17,158,131,27
"2011","E00020997","E00020997","Total",162,35,7,28,127,103,24
"2011","E00020998","E00020998","Total",180,33,13,20,147,130,17
"2011","E00021000","E00021000","Total",127,32,12,20,95,82,13
"2011","E00166827","E00166827","Total",98,36,14,22,62,46,16
"2011","E00021073","E00021073","Total",227,60,19,41,167,138,29
"2011","E00021078","E00021078","Total",277,46,21,25,231,202,29
"2011","E00021094","E00021094","Total",191,46,12,34,145,129,16
"2011","E00021099","E00021099","Total",207,41,12,29,166,139,27
"2011","E00021101","E00021101","Total",148,21,3,18,127,99,28
"2011","E00021079","E00021079","Total",161,23,6,17,138,112,26
"2011","E00021103","E00021103","Total",151,30,8,22,121,98,23
"2011","E00021104","E00021104","Total",217,56,14,42,161,134,27
"2011","E00021106","E00021106","Total",123,38,17,21,85,78,7
"2011","E00021107","E00021107","Total",212,48,14,34,164,137,27
"2011","E00020763","E00020763","Total",173,54,19,35,119,102,17
"2011","E00020770","E00020770","Total",152,32,14,18,120,92,28
"2011","E00020771","E00020771","Total",146,46,15,31,100,87,13
"2011","E00020776","E00020776","Total",135,32,10,22,103,87,16
"2011","E00020777","E00020777","Total",187,60,18,42,127,109,18
"2011","E00020969","E00020969","Total",157,28,9,19,129,116,13
"2011","E00020970","E00020970","Total",179,53,22,31,126,108,18
"2011","E00020972","E00020972","Total",139,27,9,18,112,99,13
"2011","E00020975","E00020975","Total",149,44,17,27,105,89,16
"2011","E00020999","E00020999","Total",186,50,16,34,136,118,18
"2011","E00020982","E00020982","Total",213,65,20,45,148,124,24
"2011","E00020985","E00020985","Total",201,48,15,33,153,136,17
"2011","E00020987","E00020987","Total",180,30,11,19,150,129,21
"2011","E00020990","E00020990","Total",176,46,21,25,130,113,17
"2011","E00020993","E00020993","Total",152,35,17,18,117,101,16
"2011","E00020973","E00020973","Total",97,37,9,28,60,52,8
"2011","E00020979","E00020979","Total",223,55,23,32,168,140,28
"2011","E00020980","E00020980","Total",114,31,5,26,83,70,13
"2011","E00020983","E00020983","Total",165,36,9,27,129,110,19
"2011","E00021077","E00021077","Total",110,38,6,32,72,61,11
"2011","E00021097","E00021097","Total",118,38,10,28,80,60,20
"2011","E00021098","E00021098","Total",122,34,7,27,88,75,13
"2011","E00021100","E00021100","Total",178,45,14,31,133,117,16
"2011","E00021102","E00021102","Total",100,32,14,18,68,62,6
"2011","E00021105","E00021105","Total",152,32,13,19,120,100,20
"2011","E00020734","E00020734","Total",184,47,17,30,137,112,25
"2011","E00020738","E00020738","Total",187,59,14,45,128,111,17
"2011","E00020739","E00020739","Total",228,57,16,41,171,147,24
"2011","E00020749","E00020749","Total",210,65,25,40,145,121,24
"2011","E00020723","E00020723","Total",175,34,14,20,141,116,25
"2011","E00020724","E00020724","Total",149,37,14,23,112,94,18
"2011","E00020726","E00020726","Total",173,62,21,41,111,91,20
"2011","E00020730","E00020730","Total",180,51,19,32,129,103,26
"2011","E00020752","E00020752","Total",161,49,19,30,112,96,16
"2011","E00021122","E00021122","Total",328,65,23,42,263,212,51
"2011","E00021123","E00021123","Total",224,43,13,30,181,145,36
"2011","E00021129","E00021129","Total",188,42,12,30,146,123,23
"2011","E00021132","E00021132","Total",138,34,12,22,104,90,14
"2011","E00021134","E00021134","Total",208,48,13,35,160,131,29
"2011","E00021110","E00021110","Total",147,25,7,18,122,103,19
"2011","E00021130","E00021130","Total",144,38,12,26,106,95,11
"2011","E00021131","E00021131","Total",165,55,28,27,110,96,14
"2011","E00021140","E00021140","Total",199,47,21,26,152,129,23
"2011","E00166816","E00166816","Total",90,33,7,26,57,46,11
"2011","E00166817","E00166817","Total",211,27,10,17,184,143,41
"2011","E00166818","E00166818","Total",274,62,18,44,212,152,60
"2011","E00021109","E00021109","Total",139,38,6,32,101,90,11
"2011","E00021127","E00021127","Total",165,47,15,32,118,98,20
"2011","E00021128","E00021128","Total",166,47,15,32,119,93,26
"2011","E00021135","E00021135","Total",184,43,17,26,141,118,23
"2011","E00021139","E00021139","Total",200,41,18,23,159,136,23
"2011","E00020858","E00020858","Total",128,28,11,17,100,81,19
"2011","E00020860","E00020860","Total",181,56,23,33,125,106,19
"2011","E00020865","E00020865","Total",186,61,25,36,125,103,22
"2011","E00020871","E00020871","Total",153,36,8,28,117,99,18
"2011","E00020874","E00020874","Total",199,54,22,32,145,121,24
"2011","E00020866","E00020866","Total",181,44,17,27,137,120,17
"2011","E00020867","E00020867","Total",176,43,12,31,133,114,19
"2011","E00020868","E00020868","Total",192,53,22,31,139,116,23
"2011","E00020869","E00020869","Total",196,59,13,46,137,118,19
"2011","E00020872","E00020872","Total",190,42,12,30,148,127,21
"2011","E00020873","E00020873","Total",169,46,18,28,123,101,22
"2011","E00020861","E00020861","Total",178,46,19,27,132,119,13
"2011","E00020878","E00020878","Total",171,44,10,34,127,104,23
"2011","E00020879","E00020879","Total",168,48,12,36,120,99,21
"2011","E00020883","E00020883","Total",164,44,16,28,120,97,23
"2011","E00020887","E00020887","Total",153,38,7,31,115,103,12
"2011","E00020859","E00020859","Total",172,54,16,38,118,98,20
"2011","E00020870","E00020870","Total",123,36,11,25,87,72,15
"2011","E00020875","E00020875","Total",103,32,7,25,71,62,9
"2011","E00020876","E00020876","Total",181,60,17,43,121,104,17
"2011","E00020881","E00020881","Total",171,43,20,23,128,107,21
"2011","E00020722","E00020722","Total",182,59,23,36,123,97,26
"2011","E00020733","E00020733","Total",113,30,7,23,83,63,20
"2011","E00020735","E00020735","Total",159,46,14,32,113,103,10
"2011","E00020744","E00020744","Total",98,15,7,8,83,71,12
"2011","E00020745","E00020745","Total",180,56,22,34,124,96,28
"2011","E00020728","E00020728","Total",88,17,6,11,71,62,9
"2011","E00020729","E00020729","Total",191,54,26,28,137,103,34
"2011","E00020731","E00020731","Total",240,56,16,40,184,162,22
"2011","E00020732","E00020732","Total",204,65,25,40,139,108,31
"2011","E00021111","E00021111","Total",194,56,15,41,138,113,25
"2011","E00021115","E00021115","Total",213,84,42,42,129,113,16
"2011","E00021116","E00021116","Total",162,43,15,28,119,100,19
"2011","E00021138","E00021138","Total",160,37,13,24,123,100,23
"2011","E00021117","E00021117","Total",159,46,17,29,113,90,23
"2011","E00021118","E00021118","Total",178,44,20,24,134,101,33
"2011","E00021119","E00021119","Total",150,39,10,29,111,92,19
"2011","E00021120","E00021120","Total",183,47,14,33,136,114,22
"2011","E00021121","E00021121","Total",157,49,17,32,108,90,18
"2011","E00021124","E00021124","Total",165,42,18,24,123,102,21
"2011","E00021125","E00021125","Total",161,44,15,29,117,100,17
"2011","E00021126","E00021126","Total",183,44,10,34,139,114,25
"2011","E00021133","E00021133","Total",131,33,13,20,98,83,15
"2011","E00021137","E00021137","Total",115,19,5,14,96,81,15
"2011","E00021112","E00021112","Total",216,45,16,29,171,142,29
"2011","E00021113","E00021113","Total",169,38,17,21,131,109,22
"2011","E00021114","E00021114","Total",193,56,16,40,137,107,30
"2011","E00021136","E00021136","Total",157,41,15,26,116,104,12
"2011","E00020692","E00020692","Total",184,39,17,22,145,127,18
"2011","E00020708","E00020708","Total",178,54,15,39,124,95,29
"2011","E00020709","E00020709","Total",158,39,7,32,119,97,22
"2011","E00020710","E00020710","Total",198,63,31,32,135,111,24
"2011","E00020711","E00020711","Total",190,57,17,40,133,111,22
"2011","E00020740","E00020740","Total",167,52,19,33,115,92,23
"2011","E00020741","E00020741","Total",137,30,14,16,107,92,15
"2011","E00020742","E00020742","Total",211,61,16,45,150,131,19
"2011","E00020746","E00020746","Total",190,54,21,33,136,114,22
"2011","E00020747","E00020747","Total",158,52,11,41,106,90,16
"2011","E00020727","E00020727","Total",200,62,22,40,138,114,24
"2011","E00020736","E00020736","Total",189,65,20,45,124,106,18
"2011","E00020737","E00020737","Total",185,59,26,33,126,103,23
"2011","E00020743","E00020743","Total",227,71,24,47,156,131,25
"2011","E00020791","E00020791","Total",212,77,32,45,135,114,21
"2011","E00020793","E00020793","Total",195,67,18,49,128,104,24
"2011","E00020796","E00020796","Total",217,68,19,49,149,122,27
"2011","E00020816","E00020816","Total",183,53,14,39,130,107,23
"2011","E00020788","E00020788","Total",199,64,22,42,135,122,13
"2011","E00020789","E00020789","Total",188,58,26,32,130,107,23
"2011","E00020792","E00020792","Total",179,58,30,28,121,100,21
"2011","E00020794","E00020794","Total",213,75,15,60,138,118,20
"2011","E00021008","E00021008","Total",195,56,21,35,139,121,18
"2011","E00021012","E00021012","Total",148,41,14,27,107,95,12
"2011","E00021013","E00021013","Total",119,37,11,26,82,57,25
"2011","E00021033","E00021033","Total",167,58,21,37,109,92,17
"2011","E00021034","E00021034","Total",130,35,15,20,95,75,20
"2011","E00021014","E00021014","Total",150,37,15,22,113,92,21
"2011","E00021017","E00021017","Total",101,23,5,18,78,68,10
"2011","E00021018","E00021018","Total",122,29,5,24,93,76,17
"2011","E00021020","E00021020","Total",137,40,12,28,97,84,13
"2011","E00021024","E00021024","Total",125,29,7,22,96,87,9
"2011","E00021025","E00021025","Total",138,20,7,13,118,96,22
"2011","E00021016","E00021016","Total",142,47,17,30,95,77,18
"2011","E00021019","E00021019","Total",161,40,10,30,121,105,16
"2011","E00021022","E00021022","Total",175,51,22,29,124,109,15
"2011","E00021027","E00021027","Total",234,65,28,37,169,144,25
"2011","E00021006","E00021006","Total",167,49,17,32,118,104,14
"2011","E00021007","E00021007","Total",242,66,22,44,176,138,38
"2011","E00021030","E00021030","Total",129,30,7,23,99,87,12
"2011","E00021031","E00021031","Total",160,45,17,28,115,98,17
"2011","E00021032","E00021032","Total",158,32,13,19,126,110,16
"2011","E00021009","E00021009","Total",151,40,19,21,111,98,13
"2011","E00021015","E00021015","Total",177,36,14,22,141,115,26
"2011","E00021021","E00021021","Total",183,43,11,32,140,118,22
"2011","E00021023","E00021023","Total",153,44,14,30,109,94,15
"2011","E00021035","E00021035","Total",139,30,8,22,109,96,13
"2011","E00020535","E00020535","Total",193,47,13,34,146,126,20
"2011","E00020536","E00020536","Total",140,34,8,26,106,91,15
"2011","E00020544","E00020544","Total",128,25,6,19,103,92,11
"2011","E00020547","E00020547","Total",162,47,19,28,115,100,15
"2011","E00020548","E00020548","Total",130,43,10,33,87,71,16
"2011","E00020541","E00020541","Total",167,44,15,29,123,97,26
"2011","E00020546","E00020546","Total",160,38,14,24,122,105,17
"2011","E00020549","E00020549","Total",142,36,12,24,106,82,24
"2011","E00020551","E00020551","Total",180,54,18,36,126,105,21
"2011","E00020554","E00020554","Total",128,36,9,27,92,74,18
"2011","E00020537","E00020537","Total",185,37,10,27,148,132,16
"2011","E00020538","E00020538","Total",185,42,17,25,143,123,20
"2011","E00020539","E00020539","Total",177,54,17,37,123,109,14
"2011","E00020540","E00020540","Total",173,44,11,33,129,112,17
"2011","E00020543","E00020543","Total",130,26,7,19,104,78,26
"2011","E00020534","E00020534","Total",177,47,16,31,130,108,22
"2011","E00020550","E00020550","Total",199,51,17,34,148,125,23
"2011","E00020552","E00020552","Total",191,61,21,40,130,103,27
"2011","E00020556","E00020556","Total",189,58,17,41,131,106,25
"2011","E00020542","E00020542","Total",176,54,14,40,122,109,13
"2011","E00020545","E00020545","Total",176,54,15,39,122,107,15
"2011","E00020553","E00020553","Total",161,48,18,30,113,101,12
"2011","E00020555","E00020555","Total",188,52,15,37,136,117,19
"2011","E00020531","E00020531","Total",182,52,18,34,130,112,18
"2011","E00020533","E00020533","Total",180,45,13,32,135,110,25
"2011","E00020559","E00020559","Total",93,26,11,15,67,58,9
"2011","E00020561","E00020561","Total",192,55,24,31,137,117,20
"2011","E00020562","E00020562","Total",150,38,12,26,112,99,13
"2011","E00020532","E00020532","Total",176,42,13,29,134,106,28
"2011","E00020557","E00020557","Total",204,52,15,37,152,130,22
"2011","E00020558","E00020558","Total",193,47,13,34,146,130,16
"2011","E00020560","E00020560","Total",182,49,17,32,133,112,21
"2011","E00020823","E00020823","Total",116,26,9,17,90,69,21
"2011","E00020827","E00020827","Total",180,31,8,23,149,125,24
"2011","E00020849","E00020849","Total",122,29,11,18,93,79,14
"2011","E00020855","E00020855","Total",117,22,6,16,95,81,14
"2011","E00020856","E00020856","Total",165,31,8,23,134,110,24
"2011","E00020857","E00020857","Total",191,24,4,20,167,142,25
"2011","E00020831","E00020831","Total",91,21,7,14,70,62,8
"2011","E00020835","E00020835","Total",139,25,7,18,114,97,17
"2011","E00020836","E00020836","Total",87,25,2,23,62,55,7
"2011","E00020837","E00020837","Total",127,37,12,25,90,82,8
"2011","E00020841","E00020841","Total",154,44,11,33,110,93,17
"2011","E00020845","E00020845","Total",135,41,13,28,94,84,10
"2011","E00020819","E00020819","Total",172,31,9,22,141,120,21
"2011","E00020832","E00020832","Total",82,26,10,16,56,42,14
"2011","E00020833","E00020833","Total",180,47,12,35,133,122,11
"2011","E00020839","E00020839","Total",77,12,3,9,65,60,5
"2011","E00020840","E00020840","Total",114,25,8,17,89,72,17
"2011","E00020847","E00020847","Total",149,39,12,27,110,96,14
"2011","E00020821","E00020821","Total",131,31,9,22,100,88,12
"2011","E00020838","E00020838","Total",78,26,7,19,52,43,9
"2011","E00020843","E00020843","Total",73,21,4,17,52,45,7
"2011","E00020848","E00020848","Total",185,46,13,33,139,115,24
"2011","E00020850","E00020850","Total",116,46,13,33,70,61,9
"2011","E00166822","E00166822","Total",95,15,5,10,80,55,25
"2011","E00166823","E00166823","Total",64,12,4,8,52,42,10
"2011","E00166824","E00166824","Total",199,28,5,23,171,137,34
"2011","E00166825","E00166825","Total",132,17,5,12,115,98,17
"2011","E00020862","E00020862","Total",126,37,19,18,89,76,13
"2011","E00020877","E00020877","Total",166,36,15,21,130,108,22
"2011","E00020882","E00020882","Total",109,21,7,14,88,74,14
"2011","E00020885","E00020885","Total",142,38,13,25,104,86,18
"2011","E00020888","E00020888","Total",139,36,12,24,103,85,18
"2011","E00020889","E00020889","Total",144,35,8,27,109,97,12
"2011","E00020634","E00020634","Total",173,37,11,26,136,103,33
"2011","E00020656","E00020656","Total",157,44,18,26,113,89,24
"2011","E00020658","E00020658","Total",194,51,16,35,143,128,15
"2011","E00020661","E00020661","Total",161,44,13,31,117,92,25
"2011","E00020636","E00020636","Total",143,29,13,16,114,100,14
"2011","E00020639","E00020639","Total",197,49,14,35,148,127,21
"2011","E00020640","E00020640","Total",175,37,7,30,138,121,17
"2011","E00020641","E00020641","Total",152,35,7,28,117,101,16
"2011","E00020642","E00020642","Total",119,28,7,21,91,77,14
"2011","E00020645","E00020645","Total",163,25,5,20,138,117,21
"2011","E00020820","E00020820","Total",148,29,11,18,119,98,21
"2011","E00020826","E00020826","Total",157,33,11,22,124,101,23
"2011","E00020834","E00020834","Total",97,14,7,7,83,71,12
"2011","E00020842","E00020842","Total",151,31,8,23,120,100,20
"2011","E00020846","E00020846","Total",171,38,8,30,133,111,22
"2011","E00020854","E00020854","Total",153,32,12,20,121,101,20
"2011","E00020818","E00020818","Total",128,41,16,25,87,71,16
"2011","E00020822","E00020822","Total",176,38,17,21,138,103,35
"2011","E00020825","E00020825","Total",157,38,12,26,119,106,13
"2011","E00020828","E00020828","Total",166,25,7,18,141,124,17
"2011","E00020830","E00020830","Total",143,34,12,22,109,97,12
"2011","E00020978","E00020978","Total",218,68,24,44,150,117,33
"2011","E00020988","E00020988","Total",152,40,15,25,112,93,19
"2011","E00020991","E00020991","Total",158,42,14,28,116,96,20
"2011","E00020992","E00020992","Total",162,54,23,31,108,89,19
"2011","E00020995","E00020995","Total",169,47,17,30,122,101,21
"2011","E00020824","E00020824","Total",133,30,9,21,103,87,16
"2011","E00020844","E00020844","Total",154,32,9,23,122,98,24
"2011","E00020851","E00020851","Total",135,42,14,28,93,79,14
"2011","E00020852","E00020852","Total",202,55,15,40,147,124,23
"2011","E00020853","E00020853","Total",162,43,17,26,119,100,19
"2011","E00020863","E00020863","Total",168,50,16,34,118,99,19
"2011","E00020864","E00020864","Total",102,31,5,26,71,56,15
"2011","E00020880","E00020880","Total",147,47,10,37,100,81,19
"2011","E00020884","E00020884","Total",183,56,21,35,127,103,24
"2011","E00020886","E00020886","Total",138,38,7,31,100,87,13
"2011","E00020929","E00020929","Total",171,54,19,35,117,101,16
"2011","E00020944","E00020944","Total",141,38,17,21,103,83,20
"2011","E00020945","E00020945","Total",160,44,15,29,116,97,19
"2011","E00020946","E00020946","Total",161,44,9,35,117,98,19
"2011","E00020947","E00020947","Total",176,48,16,32,128,115,13
"2011","E00020949","E00020949","Total",193,43,17,26,150,127,23
"2011","E00020950","E00020950","Total",216,47,16,31,169,136,33
"2011","E00020951","E00020951","Total",178,34,9,25,144,124,20
"2011","E00020954","E00020954","Total",162,28,5,23,134,106,28
"2011","E00020959","E00020959","Total",155,48,12,36,107,83,24
"2011","E00020930","E00020930","Total",174,36,13,23,138,115,23
"2011","E00020931","E00020931","Total",193,58,26,32,135,112,23
"2011","E00020948","E00020948","Total",159,36,8,28,123,100,23
"2011","E00020955","E00020955","Total",150,24,8,16,126,107,19
"2011","E00020957","E00020957","Total",167,53,18,35,114,94,20
"2011","E00020647","E00020647","Total",183,55,19,36,128,112,16
"2011","E00020648","E00020648","Total",212,54,14,40,158,129,29
"2011","E00020652","E00020652","Total",193,55,16,39,138,117,21
"2011","E00020653","E00020653","Total",171,44,18,26,127,107,20
"2011","E00020654","E00020654","Total",177,28,8,20,149,121,28
"2011","E00020649","E00020649","Total",151,49,22,27,102,74,28
"2011","E00020650","E00020650","Total",155,27,12,15,128,101,27
"2011","E00020651","E00020651","Total",150,51,15,36,99,82,17
"2011","E00020655","E00020655","Total",190,54,17,37,136,96,40
"2011","E00020632","E00020632","Total",87,19,3,16,68,61,7
"2011","E00020633","E00020633","Total",128,24,12,12,104,86,18
"2011","E00020635","E00020635","Total",131,29,8,21,102,81,21
"2011","E00020657","E00020657","Total",170,29,5,24,141,113,28
"2011","E00020659","E00020659","Total",159,34,11,23,125,103,22
"2011","E00020663","E00020663","Total",143,16,7,9,127,100,27
"2011","E00020638","E00020638","Total",190,57,24,33,133,113,20
"2011","E00020646","E00020646","Total",152,35,11,24,117,103,14
"2011","E00020660","E00020660","Total",161,51,18,33,110,97,13
"2011","E00020662","E00020662","Total",199,66,28,38,133,108,25
"2011","E00020631","E00020631","Total",150,45,15,30,105,76,29
"2011","E00020637","E00020637","Total",171,34,10,24,137,111,26
"2011","E00020643","E00020643","Total",208,49,19,30,159,120,39
"2011","E00020644","E00020644","Total",192,49,14,35,143,102,41
"2011","E00020694","E00020694","Total",204,39,10,29,165,133,32
"2011","E00020716","E00020716","Total",185,54,22,32,131,109,22
"2011","E00020717","E00020717","Total",217,49,9,40,168,147,21
"2011","E00020718","E00020718","Total",175,46,19,27,129,107,22
"2011","E00020720","E00020720","Total",184,48,16,32,136,108,28
"2011","E00020712","E00020712","Total",184,55,22,33,129,112,17
"2011","E00020713","E00020713","Total",168,52,19,33,116,94,22
"2011","E00020714","E00020714","Total",177,45,10,35,132,101,31
"2011","E00020715","E00020715","Total",177,52,24,28,125,105,20
"2011","E00020719","E00020719","Total",32,11,5,6,21,17,4
"2011","E00020693","E00020693","Total",168,52,15,37,116,90,26
"2011","E00020695","E00020695","Total",145,36,14,22,109,77,32
"2011","E00020696","E00020696","Total",153,50,26,24,103,67,36
"2011","E00020699","E00020699","Total",180,47,15,32,133,98,35
"2011","E00020721","E00020721","Total",164,39,16,23,125,100,25
"2011","E00020725","E00020725","Total",168,53,19,34,115,94,21
"2011","E00020748","E00020748","Total",193,61,22,39,132,116,16
"2011","E00020750","E00020750","Total",235,81,33,48,154,129,25
"2011","E00020751","E00020751","Total",220,79,32,47,141,108,33
"2011","E00020936","E00020936","Total",162,42,19,23,120,94,26
"2011","E00020938","E00020938","Total",149,49,20,29,100,80,20
"2011","E00020963","E00020963","Total",163,49,17,32,114,91,23
"2011","E00020965","E00020965","Total",183,52,19,33,131,101,30
"2011","E00020572","E00020572","Total",178,55,16,39,123,96,27
"2011","E00020576","E00020576","Total",202,49,21,28,153,118,35
"2011","E00020583","E00020583","Total",165,48,20,28,117,86,31
"2011","E00020586","E00020586","Total",189,75,23,52,114,86,28
"2011","E00021003","E00021003","Total",158,43,18,25,115,93,22
"2011","E00021004","E00021004","Total",263,55,15,40,208,166,42
"2011","E00021005","E00021005","Total",198,57,19,38,141,112,29
"2011","E00021010","E00021010","Total",207,51,20,31,156,131,25
"2011","E00021026","E00021026","Total",162,41,14,27,121,98,23
"2011","E00021001","E00021001","Total",214,51,12,39,163,134,29
"2011","E00021002","E00021002","Total",126,23,6,17,103,82,21
"2011","E00021011","E00021011","Total",127,31,13,18,96,84,12
"2011","E00021028","E00021028","Total",154,37,11,26,117,99,18
"2011","E00021029","E00021029","Total",151,26,9,17,125,109,16
"2011","E00021042","E00021042","Total",193,56,16,40,137,115,22
"2011","E00021046","E00021046","Total",135,36,8,28,99,85,14
"2011","E00021049","E00021049","Total",146,30,8,22,116,93,23
"2011","E00021065","E00021065","Total",126,32,7,25,94,79,15
"2011","E00021066","E00021066","Total",165,40,12,28,125,107,18
"2011","E00021068","E00021068","Total",133,21,8,13,112,93,19
"2011","E00021070","E00021070","Total",178,37,8,29,141,119,22
"2011","E00021037","E00021037","Total",171,48,20,28,123,93,30
"2011","E00021044","E00021044","Total",151,42,13,29,109,84,25
"2011","E00021051","E00021051","Total",180,54,18,36,126,112,14
"2011","E00021054","E00021054","Total",137,37,15,22,100,80,20
"2011","E00021055","E00021055","Total",203,47,15,32,156,123,33
"2011","E00020903","E00020903","Total",97,14,5,9,83,66,17
"2011","E00020906","E00020906","Total",133,21,10,11,112,93,19
"2011","E00020908","E00020908","Total",126,29,13,16,97,78,19
"2011","E00020909","E00020909","Total",153,32,11,21,121,108,13
"2011","E00020911","E00020911","Total",106,15,3,12,91,78,13
"2011","E00020912","E00020912","Total",78,18,8,10,60,50,10
"2011","E00020917","E00020917","Total",121,26,13,13,95,81,14
"2011","E00020893","E00020893","Total",121,19,3,16,102,91,11
"2011","E00020894","E00020894","Total",128,25,10,15,103,78,25
"2011","E00020915","E00020915","Total",116,15,3,12,101,81,20
"2011","E00020918","E00020918","Total",125,22,10,12,103,90,13
"2011","E00020922","E00020922","Total",167,36,16,20,131,106,25
"2011","E00020923","E00020923","Total",149,18,6,12,131,113,18
"2011","E00020925","E00020925","Total",134,24,9,15,110,89,21
"2011","E00020932","E00020932","Total",103,13,5,8,90,79,11
"2011","E00020933","E00020933","Total",157,22,9,13,135,110,25
"2011","E00020934","E00020934","Total",178,34,13,21,144,119,25
"2011","E00020937","E00020937","Total",119,26,7,19,93,71,22
"2011","E00020939","E00020939","Total",145,26,4,22,119,104,15
"2011","E00020961","E00020961","Total",136,36,14,22,100,88,12
"2011","E00020964","E00020964","Total",122,26,7,19,96,78,18
"2011","E00020935","E00020935","Total",143,28,11,17,115,88,27
"2011","E00020940","E00020940","Total",123,13,6,7,110,84,26
"2011","E00020941","E00020941","Total",162,41,14,27,121,92,29
"2011","E00020942","E00020942","Total",115,33,15,18,82,68,14
"2011","E00020943","E00020943","Total",143,42,16,26,101,85,16
"2011","E00020966","E00020966","Total",155,30,10,20,125,97,28
"2011","E00020952","E00020952","Total",154,32,8,24,122,100,22
"2011","E00020953","E00020953","Total",128,35,9,26,93,78,15
"2011","E00020956","E00020956","Total",126,23,6,17,103,82,21
"2011","E00020958","E00020958","Total",147,21,10,11,126,105,21
"2011","E00020960","E00020960","Total",133,17,6,11,116,95,21
"2011","E00020962","E00020962","Total",139,38,14,24,101,85,16
"2011","E00020567","E00020567","Total",44,13,4,9,31,27,4
"2011","E00020579","E00020579","Total",184,58,16,42,126,110,16
"2011","E00020581","E00020581","Total",118,42,8,34,76,71,5
"2011","E00020582","E00020582","Total",96,36,9,27,60,57,3
"2011","E00020584","E00020584","Total",141,39,11,28,102,93,9
"2011","E00020564","E00020564","Total",291,71,25,46,220,180,40
"2011","E00020569","E00020569","Total",177,56,18,38,121,101,20
"2011","E00020594","E00020594","Total",190,60,20,40,130,111,19
"2011","E00020595","E00020595","Total",154,42,10,32,112,86,26
"2011","E00020565","E00020565","Total",201,67,29,38,134,114,20
"2011","E00020571","E00020571","Total",102,26,5,21,76,62,14
"2011","E00020575","E00020575","Total",117,35,7,28,82,72,10
"2011","E00020577","E00020577","Total",130,37,10,27,93,80,13
"2011","E00020580","E00020580","Total",144,43,16,27,101,92,9
"2011","E00020566","E00020566","Total",93,22,7,15,71,57,14
"2011","E00020570","E00020570","Total",69,24,8,16,45,39,6
"2011","E00020573","E00020573","Total",146,50,20,30,96,87,9
"2011","E00020574","E00020574","Total",95,33,7,26,62,54,8
"2011","E00020578","E00020578","Total",131,35,14,21,96,86,10
"2011","E00021062","E00021062","Total",214,60,27,33,154,133,21
"2011","E00021063","E00021063","Total",126,35,15,20,91,77,14
"2011","E00021064","E00021064","Total",116,40,14,26,76,67,9
"2011","E00021067","E00021067","Total",117,48,17,31,69,61,8
"2011","E00021069","E00021069","Total",126,35,12,23,91,77,14
"2011","E00020672","E00020672","Total",172,53,19,34,119,93,26
"2011","E00020673","E00020673","Total",124,42,14,28,82,65,17
"2011","E00020674","E00020674","Total",187,48,18,30,139,114,25
"2011","E00020675","E00020675","Total",124,53,28,25,71,55,16
"2011","E00020676","E00020676","Total",142,52,14,38,90,65,25
"2011","E00020678","E00020678","Total",137,44,13,31,93,73,20
"2011","E00020680","E00020680","Total",201,67,22,45,134,109,25
"2011","E00020681","E00020681","Total",160,42,13,29,118,103,15
"2011","E00020684","E00020684","Total",164,43,14,29,121,99,22
"2011","E00020687","E00020687","Total",115,24,6,18,91,69,22
"2011","E00021036","E00021036","Total",101,21,6,15,80,65,15
"2011","E00021039","E00021039","Total",159,38,15,23,121,102,19
"2011","E00021045","E00021045","Total",66,14,8,6,52,43,9
"2011","E00021047","E00021047","Total",88,17,4,13,71,58,13
"2011","E00021048","E00021048","Total",71,16,3,13,55,42,13
"2011","E00021050","E00021050","Total",122,41,16,25,81,74,7
"2011","E00021052","E00021052","Total",123,30,6,24,93,78,15
"2011","E00021041","E00021041","Total",184,66,28,38,118,75,43
"2011","E00021043","E00021043","Total",178,55,22,33,123,104,19
"2011","E00021053","E00021053","Total",193,63,28,35,130,102,28
"2011","E00021056","E00021056","Total",140,41,14,27,99,72,27
"2011","E00021058","E00021058","Total",149,66,33,33,83,67,16
"2011","E00021038","E00021038","Total",183,26,4,22,157,127,30
"2011","E00021040","E00021040","Total",167,40,15,25,127,97,30
"2011","E00021057","E00021057","Total",124,33,6,27,91,71,20
"2011","E00021059","E00021059","Total",110,25,11,14,85,74,11
"2011","E00021060","E00021060","Total",135,34,13,21,101,81,20
"2011","E00021061","E00021061","Total",136,27,6,21,109,93,16
"2011","E00020614","E00020614","Total",123,28,11,17,95,77,18
"2011","E00020615","E00020615","Total",86,32,10,22,54,44,10
"2011","E00020617","E00020617","Total",123,32,9,23,91,82,9
"2011","E00020620","E00020620","Total",145,37,13,24,108,87,21
"2011","E00020601","E00020601","Total",53,16,4,12,37,35,2
"2011","E00020603","E00020603","Total",157,28,11,17,129,105,24
"2011","E00020606","E00020606","Total",197,32,8,24,165,141,24
"2011","E00020607","E00020607","Total",151,25,12,13,126,104,22
"2011","E00020608","E00020608","Total",113,23,6,17,90,71,19
"2011","E00020610","E00020610","Total",141,26,5,21,115,98,17
"2011","E00020891","E00020891","Total",90,14,6,8,76,66,10
"2011","E00020895","E00020895","Total",65,7,4,3,58,51,7
"2011","E00020898","E00020898","Total",124,21,4,17,103,84,19
"2011","E00020899","E00020899","Total",137,21,2,19,116,93,23
"2011","E00020902","E00020902","Total",80,15,9,6,65,51,14
"2011","E00020904","E00020904","Total",160,34,11,23,126,103,23
"2011","E00020905","E00020905","Total",161,31,10,21,130,108,22
"2011","E00020896","E00020896","Total",189,41,18,23,148,107,41
"2011","E00020897","E00020897","Total",126,28,7,21,98,83,15
"2011","E00020901","E00020901","Total",182,44,19,25,138,119,19
"2011","E00020907","E00020907","Total",165,23,5,18,142,115,27
"2011","E00020927","E00020927","Total",165,32,16,16,133,108,25
"2011","E00020928","E00020928","Total",159,24,5,19,135,107,28
"2011","E00020892","E00020892","Total",152,21,5,16,131,105,26
"2011","E00020914","E00020914","Total",155,27,10,17,128,102,26
"2011","E00020919","E00020919","Total",133,18,5,13,115,100,15
"2011","E00020920","E00020920","Total",156,27,7,20,129,104,25
"2011","E00020921","E00020921","Total",124,24,8,16,100,81,19
"2011","E00020924","E00020924","Total",106,14,1,13,92,72,20
"2011","E00020926","E00020926","Total",90,30,10,20,60,50,10
"2011","E00020622","E00020622","Total",174,55,21,34,119,88,31
"2011","E00020625","E00020625","Total",140,46,16,30,94,72,22
"2011","E00020626","E00020626","Total",157,46,13,33,111,77,34
"2011","E00020629","E00020629","Total",188,63,20,43,125,105,20
"2011","E00020599","E00020599","Total",145,26,7,19,119,106,13
"2011","E00020604","E00020604","Total",157,42,18,24,115,83,32
"2011","E00020609","E00020609","Total",124,42,17,25,82,55,27
"2011","E00020618","E00020618","Total",157,49,22,27,108,82,26
"2011","E00020621","E00020621","Total",156,44,25,19,112,87,25
"2011","E00020677","E00020677","Total",219,57,24,33,162,118,44
"2011","E00020679","E00020679","Total",202,66,25,41,136,115,21
"2011","E00020682","E00020682","Total",197,66,26,40,131,100,31
"2011","E00020685","E00020685","Total",173,41,17,24,132,107,25
"2011","E00020690","E00020690","Total",180,52,11,41,128,108,20
"2011","E00020665","E00020665","Total",177,66,26,40,111,82,29
"2011","E00020666","E00020666","Total",228,76,37,39,152,106,46
"2011","E00020683","E00020683","Total",192,65,31,34,127,91,36
"2011","E00020688","E00020688","Total",194,62,26,36,132,97,35
"2011","E00020890","E00020890","Total",146,37,18,19,109,82,27
"2011","E00020900","E00020900","Total",150,54,17,37,96,78,18
"2011","E00020910","E00020910","Total",144,24,13,11,120,101,19
"2011","E00020913","E00020913","Total",129,35,16,19,94,68,26
"2011","E00020916","E00020916","Total",146,51,22,29,95,77,18
"2011","E00020563","E00020563","Total",118,29,14,15,89,75,14
"2011","E00020589","E00020589","Total",137,32,13,19,105,79,26
"2011","E00020591","E00020591","Total",157,51,16,35,106,81,25
"2011","E00020592","E00020592","Total",169,40,12,28,129,95,34
"2011","E00020593","E00020593","Total",144,46,23,23,98,62,36
"2011","E00020568","E00020568","Total",149,41,11,30,108,90,18
"2011","E00020585","E00020585","Total",164,46,22,24,118,89,29
"2011","E00020587","E00020587","Total",161,45,18,27,116,88,28
"2011","E00020588","E00020588","Total",200,69,23,46,131,105,26
"2011","E00020590","E00020590","Total",140,54,21,33,86,63,23
"2011","E00020667","E00020667","Total",177,60,20,40,117,85,32
"2011","E00020686","E00020686","Total",181,61,20,41,120,100,20
"2011","E00020689","E00020689","Total",151,37,16,21,114,92,22
"2011","E00166820","E00166820","Total",169,50,17,33,119,90,29
"2011","E00166821","E00166821","Total",165,38,10,28,127,88,39
"2011","E00020664","E00020664","Total",184,51,16,35,133,110,23
"2011","E00020668","E00020668","Total",145,35,10,25,110,93,17
"2011","E00020669","E00020669","Total",171,39,16,23,132,106,26
"2011","E00020670","E00020670","Total",135,39,12,27,96,67,29
"2011","E00020671","E00020671","Total",152,43,16,27,109,91,18
"2011","E00020596","E00020596","Total",147,49,21,28,98,74,24
"2011","E00020611","E00020611","Total",167,32,11,21,135,106,29
"2011","E00020612","E00020612","Total",181,55,27,28,126,81,45
"2011","E00020613","E00020613","Total",150,28,10,18,122,108,14
"2011","E00020616","E00020616","Total",148,34,11,23,114,90,24
"2011","E00020597","E00020597","Total",175,53,19,34,122,96,26
"2011","E00020619","E00020619","Total",117,27,7,20,90,74,16
"2011","E00020623","E00020623","Total",145,34,8,26,111,87,24
"2011","E00020624","E00020624","Total",190,52,15,37,138,102,36
"2011","E00020627","E00020627","Total",139,33,11,22,106,93,13
"2011","E00020628","E00020628","Total",168,36,13,23,132,113,19
"2011","E00020598","E00020598","Total",194,40,14,26,154,121,33
"2011","E00020600","E00020600","Total",168,51,15,36,117,88,29
"2011","E00020602","E00020602","Total",137,27,6,21,110,90,20
"2011","E00020605","E00020605","Total",131,11,2,9,120,104,16
"2011","E00020630","E00020630","Total",190,46,15,31,144,104,40
"2011","E00020703","E00020703","Total",175,53,28,25,122,82,40
"2011","E00020704","E00020704","Total",149,52,27,25,97,65,32
"2011","E00020705","E00020705","Total",121,42,21,21,79,60,19
"2011","E00020706","E00020706","Total",157,58,25,33,99,64,35
"2011","E00020707","E00020707","Total",170,50,27,23,120,75,45
"2011","E00020697","E00020697","Total",219,63,22,41,156,112,44
"2011","E00020698","E00020698","Total",131,36,13,23,95,65,30
"2011","E00020700","E00020700","Total",146,45,23,22,101,63,38
"2011","E00020702","E00020702","Total",155,56,30,26,99,65,34
"2011","E00165852","E00165852","Total",133,37,14,23,96,66,30
"2011","E00021875","E00021875","Total",117,33,9,24,84,73,11
"2011","E00021898","E00021898","Total",126,39,15,24,87,73,14
"2011","E00021900","E00021900","Total",141,46,18,28,95,82,13
"2011","E00021902","E00021902","Total",216,53,13,40,163,143,20
"2011","E00021878","E00021878","Total",140,42,19,23,98,78,20
"2011","E00021885","E00021885","Total",114,33,12,21,81,68,13
"2011","E00021887","E00021887","Total",18,6,4,2,12,12,0
"2011","E00021904","E00021904","Total",62,8,0,8,54,46,8
"2011","E00021905","E00021905","Total",180,49,14,35,131,105,26
"2011","E00021906","E00021906","Total",52,18,5,13,34,29,5
"2011","E00021907","E00021907","Total",69,23,8,15,46,39,7
"2011","E00021876","E00021876","Total",119,44,17,27,75,61,14
"2011","E00021882","E00021882","Total",189,55,28,27,134,109,25
"2011","E00021883","E00021883","Total",150,42,13,29,108,85,23
"2011","E00021901","E00021901","Total",154,49,14,35,105,84,21
"2011","E00021903","E00021903","Total",148,45,19,26,103,89,14
"2011","E00021909","E00021909","Total",159,61,23,38,98,79,19
"2011","E00021917","E00021917","Total",104,36,12,24,68,59,9
"2011","E00021920","E00021920","Total",142,40,16,24,102,79,23
"2011","E00021925","E00021925","Total",146,49,19,30,97,83,14
"2011","E00021930","E00021930","Total",150,41,10,31,109,98,11
"2011","E00021911","E00021911","Total",227,84,30,54,143,125,18
"2011","E00021914","E00021914","Total",162,38,16,22,124,102,22
"2011","E00021939","E00021939","Total",152,43,15,28,109,92,17
"2011","E00021940","E00021940","Total",145,46,21,25,99,86,13
"2011","E00021884","E00021884","Total",152,32,11,21,120,90,30
"2011","E00021886","E00021886","Total",207,60,25,35,147,113,34
"2011","E00021890","E00021890","Total",195,58,26,32,137,104,33
"2011","E00021899","E00021899","Total",116,25,4,21,91,71,20
"2011","E00171497","E00171497","Total",185,37,16,21,148,112,36
"2011","E00171498","E00171498","Total",121,33,20,13,88,68,20
"2011","E00021879","E00021879","Total",162,47,15,32,115,84,31
"2011","E00021881","E00021881","Total",139,30,4,26,109,86,23
"2011","E00021888","E00021888","Total",110,28,10,18,82,61,21
"2011","E00021892","E00021892","Total",104,33,13,20,71,54,17
"2011","E00021895","E00021895","Total",128,34,12,22,94,72,22
"2011","E00021896","E00021896","Total",126,45,11,34,81,57,24
"2011","E00021897","E00021897","Total",104,34,11,23,70,58,12
"2011","E00021880","E00021880","Total",197,49,14,35,148,117,31
"2011","E00021889","E00021889","Total",185,34,14,20,151,120,31
"2011","E00021891","E00021891","Total",202,58,25,33,144,119,25
"2011","E00021893","E00021893","Total",189,52,20,32,137,118,19
"2011","E00021894","E00021894","Total",128,34,11,23,94,70,24
"2011","E00021908","E00021908","Total",216,62,22,40,154,131,23
"2011","E00021912","E00021912","Total",53,15,6,9,38,34,4
"2011","E00021913","E00021913","Total",130,38,16,22,92,74,18
"2011","E00021918","E00021918","Total",96,24,6,18,72,59,13
"2011","E00021921","E00021921","Total",151,35,10,25,116,91,25
"2011","E00021923","E00021923","Total",135,28,4,24,107,79,28
"2011","E00021915","E00021915","Total",165,38,12,26,127,99,28
"2011","E00021916","E00021916","Total",167,48,16,32,119,98,21
"2011","E00021919","E00021919","Total",137,43,15,28,94,75,19
"2011","E00021922","E00021922","Total",182,52,22,30,130,106,24
"2011","E00021927","E00021927","Total",172,50,13,37,122,101,21
"2011","E00022053","E00022053","Total",168,57,23,34,111,91,20
"2011","E00022063","E00022063","Total",172,67,21,46,105,90,15
"2011","E00022065","E00022065","Total",145,43,13,30,102,83,19
"2011","E00022068","E00022068","Total",136,43,11,32,93,78,15
"2011","E00022069","E00022069","Total",114,29,7,22,85,71,14
"2011","E00022045","E00022045","Total",82,24,6,18,58,52,6
"2011","E00022046","E00022046","Total",198,52,21,31,146,116,30
"2011","E00022055","E00022055","Total",128,20,6,14,108,75,33
"2011","E00022057","E00022057","Total",88,21,7,14,67,53,14
"2011","E00022073","E00022073","Total",95,29,7,22,66,43,23
"2011","E00022054","E00022054","Total",160,39,8,31,121,99,22
"2011","E00022070","E00022070","Total",177,36,10,26,141,119,22
"2011","E00022071","E00022071","Total",175,35,8,27,140,109,31
"2011","E00022072","E00022072","Total",196,59,19,40,137,104,33
"2011","E00022074","E00022074","Total",142,38,10,28,104,81,23
"2011","E00022049","E00022049","Total",129,41,12,29,88,79,9
"2011","E00022050","E00022050","Total",114,41,14,27,73,65,8
"2011","E00022051","E00022051","Total",151,42,13,29,109,93,16
"2011","E00022060","E00022060","Total",122,30,5,25,92,83,9
"2011","E00022061","E00022061","Total",170,47,16,31,123,96,27
"2011","E00022052","E00022052","Total",123,39,13,26,84,75,9
"2011","E00022062","E00022062","Total",133,46,14,32,87,72,15
"2011","E00022064","E00022064","Total",124,35,15,20,89,83,6
"2011","E00022066","E00022066","Total",157,47,6,41,110,99,11
"2011","E00022067","E00022067","Total",146,40,20,20,106,91,15
"2011","E00021910","E00021910","Total",171,48,18,30,123,107,16
"2011","E00021926","E00021926","Total",119,41,14,27,78,71,7
"2011","E00021929","E00021929","Total",170,44,16,28,126,98,28
"2011","E00021932","E00021932","Total",103,26,12,14,77,70,7
"2011","E00021935","E00021935","Total",181,43,11,32,138,114,24
"2011","E00021928","E00021928","Total",183,61,18,43,122,100,22
"2011","E00021931","E00021931","Total",176,44,11,33,132,103,29
"2011","E00021933","E00021933","Total",142,43,10,33,99,86,13
"2011","E00021938","E00021938","Total",130,46,18,28,84,63,21
"2011","E00022196","E00022196","Total",127,28,7,21,99,89,10
"2011","E00022198","E00022198","Total",111,25,4,21,86,74,12
"2011","E00022201","E00022201","Total",100,43,16,27,57,48,9
"2011","E00022205","E00022205","Total",177,52,24,28,125,105,20
"2011","E00022225","E00022225","Total",139,49,15,34,90,78,12
"2011","E00022200","E00022200","Total",152,37,13,24,115,103,12
"2011","E00022202","E00022202","Total",162,52,9,43,110,96,14
"2011","E00022207","E00022207","Total",174,57,20,37,117,93,24
"2011","E00022223","E00022223","Total",70,24,13,11,46,43,3
"2011","E00022224","E00022224","Total",133,39,13,26,94,83,11
"2011","E00022193","E00022193","Total",133,39,12,27,94,87,7
"2011","E00022204","E00022204","Total",182,57,23,34,125,97,28
"2011","E00022208","E00022208","Total",208,57,19,38,151,121,30
"2011","E00022212","E00022212","Total",154,50,18,32,104,81,23
"2011","E00022215","E00022215","Total",154,38,7,31,116,91,25
"2011","E00021924","E00021924","Total",147,47,15,32,100,76,24
"2011","E00021934","E00021934","Total",176,50,17,33,126,99,27
"2011","E00021936","E00021936","Total",164,45,20,25,119,100,19
"2011","E00021937","E00021937","Total",198,57,17,40,141,120,21
"2011","E00022197","E00022197","Total",146,38,11,27,108,90,18
"2011","E00022203","E00022203","Total",123,28,8,20,95,81,14
"2011","E00022206","E00022206","Total",135,37,12,25,98,80,18
"2011","E00022226","E00022226","Total",164,44,16,28,120,100,20
"2011","E00022227","E00022227","Total",168,51,20,31,117,102,15
"2011","E00022199","E00022199","Total",187,57,15,42,130,113,17
"2011","E00022209","E00022209","Total",173,46,13,33,127,105,22
"2011","E00022210","E00022210","Total",71,19,5,14,52,47,5
"2011","E00022211","E00022211","Total",163,50,16,34,113,96,17
"2011","E00022213","E00022213","Total",184,44,11,33,140,109,31
"2011","E00022378","E00022378","Total",190,55,21,34,135,113,22
"2011","E00022379","E00022379","Total",195,47,18,29,148,135,13
"2011","E00022407","E00022407","Total",97,38,14,24,59,44,15
"2011","E00022408","E00022408","Total",187,50,13,37,137,108,29
"2011","E00022409","E00022409","Total",197,60,22,38,137,122,15
"2011","E00022381","E00022381","Total",163,50,22,28,113,94,19
"2011","E00022382","E00022382","Total",122,32,12,20,90,72,18
"2011","E00022383","E00022383","Total",127,35,13,22,92,75,17
"2011","E00022387","E00022387","Total",142,30,7,23,112,98,14
"2011","E00022391","E00022391","Total",198,44,13,31,154,130,24
"2011","E00022380","E00022380","Total",172,58,18,40,114,97,17
"2011","E00022384","E00022384","Total",149,51,20,31,98,91,7
"2011","E00022385","E00022385","Total",135,33,9,24,102,87,15
"2011","E00022386","E00022386","Total",190,53,19,34,137,113,24
"2011","E00022388","E00022388","Total",174,49,14,35,125,110,15
"2011","E00022389","E00022389","Total",154,44,14,30,110,98,12
"2011","E00022390","E00022390","Total",115,21,13,8,94,76,18
"2011","E00022392","E00022392","Total",176,47,21,26,129,117,12
"2011","E00022394","E00022394","Total",179,40,12,28,139,118,21
"2011","E00022399","E00022399","Total",170,49,15,34,121,102,19
"2011","E00022376","E00022376","Total",128,43,17,26,85,78,7
"2011","E00022393","E00022393","Total",123,27,12,15,96,85,11
"2011","E00022396","E00022396","Total",172,49,23,26,123,97,26
"2011","E00022397","E00022397","Total",182,48,18,30,134,104,30
"2011","E00022401","E00022401","Total",138,27,5,22,111,85,26
"2011","E00022398","E00022398","Total",148,44,15,29,104,97,7
"2011","E00022400","E00022400","Total",182,54,20,34,128,100,28
"2011","E00022403","E00022403","Total",169,60,23,37,109,101,8
"2011","E00022405","E00022405","Total",44,19,6,13,25,25,0
"2011","E00022406","E00022406","Total",110,38,8,30,72,59,13
"2011","E00022377","E00022377","Total",150,55,23,32,95,79,16
"2011","E00022395","E00022395","Total",150,49,22,27,101,87,14
"2011","E00022402","E00022402","Total",144,57,19,38,87,79,8
"2011","E00022404","E00022404","Total",142,40,15,25,102,96,6
"2011","E00022015","E00022015","Total",158,48,14,34,110,90,20
"2011","E00022019","E00022019","Total",216,50,16,34,166,147,19
"2011","E00022036","E00022036","Total",181,58,23,35,123,106,17
"2011","E00022038","E00022038","Total",208,43,18,25,165,144,21
"2011","E00022016","E00022016","Total",128,29,7,22,99,83,16
"2011","E00022020","E00022020","Total",175,48,16,32,127,92,35
"2011","E00022023","E00022023","Total",113,33,9,24,80,73,7
"2011","E00022039","E00022039","Total",151,44,13,31,107,90,17
"2011","E00022040","E00022040","Total",180,39,14,25,141,120,21
"2011","E00022017","E00022017","Total",182,48,18,30,134,118,16
"2011","E00022024","E00022024","Total",200,45,16,29,155,130,25
"2011","E00022025","E00022025","Total",213,46,20,26,167,130,37
"2011","E00022028","E00022028","Total",185,55,17,38,130,113,17
"2011","E00022037","E00022037","Total",177,46,17,29,131,102,29
"2011","E00022012","E00022012","Total",160,50,16,34,110,92,18
"2011","E00022026","E00022026","Total",218,63,17,46,155,120,35
"2011","E00022027","E00022027","Total",209,62,22,40,147,122,25
"2011","E00022030","E00022030","Total",193,49,18,31,144,116,28
"2011","E00022043","E00022043","Total",211,70,32,38,141,121,20
"2011","E00022044","E00022044","Total",179,51,18,33,128,100,28
"2011","E00022075","E00022075","Total",208,60,23,37,148,128,20
"2011","E00022076","E00022076","Total",206,59,19,40,147,121,26
"2011","E00022047","E00022047","Total",130,33,10,23,97,78,19
"2011","E00022048","E00022048","Total",152,38,14,24,114,91,23
"2011","E00022056","E00022056","Total",150,42,15,27,108,94,14
"2011","E00022058","E00022058","Total",167,55,19,36,112,90,22
"2011","E00022059","E00022059","Total",144,42,19,23,102,80,22
"2011","E00021840","E00021840","Total",205,42,19,23,163,139,24
"2011","E00021842","E00021842","Total",221,75,28,47,146,126,20
"2011","E00021851","E00021851","Total",160,38,14,24,122,100,22
"2011","E00021854","E00021854","Total",185,37,14,23,148,117,31
"2011","E00021855","E00021855","Total",155,42,18,24,113,95,18
"2011","E00021841","E00021841","Total",154,57,16,41,97,82,15
"2011","E00021852","E00021852","Total",204,62,19,43,142,118,24
"2011","E00021853","E00021853","Total",163,44,17,27,119,107,12
"2011","E00021857","E00021857","Total",91,33,14,19,58,49,9
"2011","E00021859","E00021859","Total",188,49,15,34,139,113,26
"2011","E00022018","E00022018","Total",127,29,9,20,98,86,12
"2011","E00022021","E00022021","Total",174,46,19,27,128,105,23
"2011","E00022041","E00022041","Total",114,44,13,31,70,61,9
"2011","E00022042","E00022042","Total",81,26,6,20,55,50,5
"2011","E00022194","E00022194","Total",171,55,20,35,116,92,24
"2011","E00022214","E00022214","Total",89,31,11,20,58,47,11
"2011","E00022216","E00022216","Total",152,45,14,31,107,90,17
"2011","E00022218","E00022218","Total",165,35,6,29,130,115,15
"2011","E00022219","E00022219","Total",188,60,21,39,128,105,23
"2011","E00022195","E00022195","Total",194,43,12,31,151,136,15
"2011","E00022217","E00022217","Total",148,31,8,23,117,100,17
"2011","E00022220","E00022220","Total",133,26,8,18,107,100,7
"2011","E00022221","E00022221","Total",145,51,12,39,94,85,9
"2011","E00022222","E00022222","Total",150,49,17,32,101,85,16
"2011","E00022119","E00022119","Total",156,57,24,33,99,87,12
"2011","E00022133","E00022133","Total",145,53,22,31,92,79,13
"2011","E00022134","E00022134","Total",115,35,11,24,80,63,17
"2011","E00022137","E00022137","Total",173,50,19,31,123,96,27
"2011","E00022139","E00022139","Total",151,53,17,36,98,84,14
"2011","E00022127","E00022127","Total",110,32,10,22,78,62,16
"2011","E00022130","E00022130","Total",129,49,11,38,80,77,3
"2011","E00022131","E00022131","Total",121,49,11,38,72,56,16
"2011","E00022132","E00022132","Total",117,27,10,17,90,75,15
"2011","E00022135","E00022135","Total",134,45,20,25,89,76,13
"2011","E00022122","E00022122","Total",173,42,20,22,131,104,27
"2011","E00022128","E00022128","Total",193,61,19,42,132,113,19
"2011","E00022138","E00022138","Total",146,41,12,29,105,94,11
"2011","E00022140","E00022140","Total",140,35,11,24,105,88,17
"2011","E00022142","E00022142","Total",130,41,13,28,89,80,9
"2011","E00022123","E00022123","Total",130,28,7,21,102,81,21
"2011","E00022141","E00022141","Total",131,37,8,29,94,77,17
"2011","E00022145","E00022145","Total",118,37,11,26,81,71,10
"2011","E00022148","E00022148","Total",158,41,9,32,117,103,14
"2011","E00022149","E00022149","Total",184,53,16,37,131,122,9
"2011","E00022118","E00022118","Total",151,49,14,35,102,77,25
"2011","E00022120","E00022120","Total",136,45,9,36,91,83,8
"2011","E00022129","E00022129","Total",181,48,17,31,133,115,18
"2011","E00022136","E00022136","Total",113,32,5,27,81,70,11
"2011","E00022143","E00022143","Total",150,40,7,33,110,95,15
"2011","E00021843","E00021843","Total",173,44,11,33,129,110,19
"2011","E00021856","E00021856","Total",200,62,28,34,138,114,24
"2011","E00021863","E00021863","Total",219,52,18,34,167,138,29
"2011","E00021868","E00021868","Total",153,46,14,32,107,96,11
"2011","E00021871","E00021871","Total",144,27,8,19,117,104,13
"2011","E00021845","E00021845","Total",196,49,11,38,147,124,23
"2011","E00021846","E00021846","Total",162,30,9,21,132,109,23
"2011","E00021849","E00021849","Total",166,41,13,28,125,113,12
"2011","E00021867","E00021867","Total",145,38,10,28,107,86,21
"2011","E00021874","E00021874","Total",166,45,15,30,121,102,19
"2011","E00171500","E00171500","Total",147,50,17,33,97,87,10
"2011","E00171512","E00171512","Total",169,42,8,34,127,111,16
"2011","E00171514","E00171514","Total",180,29,8,21,151,126,25
"2011","E00022022","E00022022","Total",196,53,13,40,143,121,22
"2011","E00022029","E00022029","Total",248,77,25,52,171,133,38
"2011","E00022031","E00022031","Total",238,71,22,49,167,142,25
"2011","E00022032","E00022032","Total",169,50,8,42,119,95,24
"2011","E00022013","E00022013","Total",185,50,12,38,135,121,14
"2011","E00022014","E00022014","Total",166,48,20,28,118,103,15
"2011","E00022033","E00022033","Total",148,41,14,27,107,92,15
"2011","E00022034","E00022034","Total",166,45,13,32,121,103,18
"2011","E00022035","E00022035","Total",192,43,17,26,149,119,30
"2011","E00021844","E00021844","Total",168,48,10,38,120,108,12
"2011","E00021847","E00021847","Total",166,43,13,30,123,100,23
"2011","E00021848","E00021848","Total",182,36,14,22,146,116,30
"2011","E00021850","E00021850","Total",200,54,20,34,146,121,25
"2011","E00021873","E00021873","Total",181,61,17,44,120,102,18
"2011","E00021858","E00021858","Total",190,62,24,38,128,113,15
"2011","E00021860","E00021860","Total",184,60,19,41,124,105,19
"2011","E00021861","E00021861","Total",222,58,16,42,164,148,16
"2011","E00021862","E00021862","Total",179,58,20,38,121,106,15
"2011","E00021839","E00021839","Total",185,41,14,27,144,123,21
"2011","E00021864","E00021864","Total",146,34,7,27,112,104,8
"2011","E00021865","E00021865","Total",180,42,12,30,138,121,17
"2011","E00021866","E00021866","Total",149,36,13,23,113,100,13
"2011","E00021869","E00021869","Total",211,67,13,54,144,125,19
"2011","E00021870","E00021870","Total",191,59,20,39,132,121,11
"2011","E00022419","E00022419","Total",73,34,14,20,39,28,11
"2011","E00022423","E00022423","Total",181,50,11,39,131,114,17
"2011","E00022424","E00022424","Total",209,57,15,42,152,132,20
"2011","E00022430","E00022430","Total",206,59,7,52,147,122,25
"2011","E00022432","E00022432","Total",196,55,20,35,141,124,17
"2011","E00022413","E00022413","Total",141,55,13,42,86,78,8
"2011","E00022443","E00022443","Total",197,60,24,36,137,112,25
"2011","E00022444","E00022444","Total",207,55,19,36,152,129,23
"2011","E00022445","E00022445","Total",174,46,16,30,128,114,14
"2011","E00022446","E00022446","Total",170,48,18,30,122,102,20
"2011","E00022099","E00022099","Total",155,51,23,28,104,93,11
"2011","E00022100","E00022100","Total",187,51,13,38,136,113,23
"2011","E00022101","E00022101","Total",176,40,11,29,136,123,13
"2011","E00022102","E00022102","Total",172,51,15,36,121,109,12
"2011","E00022103","E00022103","Total",194,43,11,32,151,134,17
"2011","E00022427","E00022427","Total",160,42,8,34,118,98,20
"2011","E00022428","E00022428","Total",142,34,11,23,108,90,18
"2011","E00022429","E00022429","Total",158,47,13,34,111,103,8
"2011","E00022433","E00022433","Total",193,63,19,44,130,112,18
"2011","E00022436","E00022436","Total",170,39,18,21,131,107,24
"2011","E00022437","E00022437","Total",136,50,13,37,86,76,10
"2011","E00022412","E00022412","Total",188,62,21,41,126,112,14
"2011","E00022431","E00022431","Total",196,49,12,37,147,130,17
"2011","E00022434","E00022434","Total",159,36,11,25,123,106,17
"2011","E00022439","E00022439","Total",183,50,11,39,133,109,24
"2011","E00022441","E00022441","Total",180,53,20,33,127,104,23
"2011","E00022420","E00022420","Total",116,43,11,32,73,60,13
"2011","E00022421","E00022421","Total",100,38,13,25,62,52,10
"2011","E00022422","E00022422","Total",117,50,9,41,67,60,7
"2011","E00022426","E00022426","Total",143,52,16,36,91,73,18
"2011","E00022414","E00022414","Total",257,75,22,53,182,144,38
"2011","E00022415","E00022415","Total",184,42,16,26,142,124,18
"2011","E00022416","E00022416","Total",147,34,7,27,113,100,13
"2011","E00022417","E00022417","Total",177,36,8,28,141,122,19
"2011","E00022418","E00022418","Total",176,38,6,32,138,124,14
"2011","E00022425","E00022425","Total",192,43,14,29,149,124,25
"2011","E00022174","E00022174","Total",101,45,12,33,56,50,6
"2011","E00171516","E00171516","Total",165,72,13,59,93,87,6
"2011","E00171719","E00171719","Total",167,83,19,64,84,74,10
"2011","E00171722","E00171722","Total",46,11,4,7,35,27,8
"2011","E00022159","E00022159","Total",211,70,20,50,141,116,25
"2011","E00022160","E00022160","Total",139,26,7,19,113,101,12
"2011","E00022178","E00022178","Total",115,47,17,30,68,57,11
"2011","E00022182","E00022182","Total",153,31,9,22,122,103,19
"2011","E00022188","E00022188","Total",55,14,4,10,41,32,9
"2011","E00022190","E00022190","Total",141,28,11,17,113,93,20
"2011","E00022452","E00022452","Total",113,30,10,20,83,74,9
"2011","E00022454","E00022454","Total",181,47,9,38,134,112,22
"2011","E00022467","E00022467","Total",91,35,10,25,56,49,7
"2011","E00022472","E00022472","Total",112,39,13,26,73,65,8
"2011","E00022473","E00022473","Total",107,52,18,34,55,52,3
"2011","E00022457","E00022457","Total",125,44,13,31,81,70,11
"2011","E00022458","E00022458","Total",129,32,9,23,97,80,17
"2011","E00022459","E00022459","Total",133,42,17,25,91,74,17
"2011","E00022460","E00022460","Total",121,36,6,30,85,75,10
"2011","E00022464","E00022464","Total",93,33,14,19,60,51,9
"2011","E00022449","E00022449","Total",183,59,20,39,124,101,23
"2011","E00022462","E00022462","Total",124,43,19,24,81,72,9
"2011","E00022463","E00022463","Total",108,30,5,25,78,62,16
"2011","E00022466","E00022466","Total",158,46,17,29,112,100,12
"2011","E00022470","E00022470","Total",115,22,6,16,93,85,8
"2011","E00022450","E00022450","Total",181,37,15,22,144,125,19
"2011","E00022451","E00022451","Total",147,44,15,29,103,85,18
"2011","E00022461","E00022461","Total",153,31,7,24,122,101,21
"2011","E00022468","E00022468","Total",96,37,9,28,59,51,8
"2011","E00022469","E00022469","Total",116,44,20,24,72,69,3
"2011","E00022083","E00022083","Total",163,33,8,25,130,113,17
"2011","E00022085","E00022085","Total",157,20,5,15,137,116,21
"2011","E00022086","E00022086","Total",124,40,8,32,84,69,15
"2011","E00022090","E00022090","Total",205,44,16,28,161,136,25
"2011","E00022113","E00022113","Total",158,34,11,23,124,103,21
"2011","E00022115","E00022115","Total",179,48,18,30,131,105,26
"2011","E00022084","E00022084","Total",144,39,11,28,105,88,17
"2011","E00022104","E00022104","Total",142,35,10,25,107,91,16
"2011","E00022109","E00022109","Total",163,39,12,27,124,98,26
"2011","E00022111","E00022111","Total",148,35,16,19,113,100,13
"2011","E00022116","E00022116","Total",127,30,9,21,97,86,11
"2011","E00171727","E00171727","Total",136,25,9,16,111,90,21
"2011","E00171729","E00171729","Total",201,21,3,18,180,147,33
"2011","E00171732","E00171732","Total",197,29,3,26,168,152,16
"2011","E00022121","E00022121","Total",223,51,11,40,172,152,20
"2011","E00022124","E00022124","Total",283,85,28,57,198,167,31
"2011","E00022144","E00022144","Total",177,43,12,31,134,118,16
"2011","E00022146","E00022146","Total",173,49,8,41,124,108,16
"2011","E00022147","E00022147","Total",211,54,14,40,157,132,25
"2011","E00022117","E00022117","Total",189,45,9,36,144,128,16
"2011","E00022125","E00022125","Total",121,17,4,13,104,82,22
"2011","E00022150","E00022150","Total",62,24,8,16,38,34,4
"2011","E00022151","E00022151","Total",96,25,4,21,71,61,10
"2011","E00022152","E00022152","Total",177,34,12,22,143,123,20
"2011","E00171517","E00171517","Total",232,70,21,49,162,146,16
"2011","E00171721","E00171721","Total",133,24,1,23,109,91,18
"2011","E00022410","E00022410","Total",190,52,15,37,138,117,21
"2011","E00022411","E00022411","Total",175,43,13,30,132,109,23
"2011","E00022435","E00022435","Total",188,48,15,33,140,122,18
"2011","E00022438","E00022438","Total",279,88,33,55,191,163,28
"2011","E00022440","E00022440","Total",198,40,9,31,158,148,10
"2011","E00022442","E00022442","Total",125,49,22,27,76,66,10
"2011","E00022154","E00022154","Total",264,56,13,43,208,176,32
"2011","E00022161","E00022161","Total",120,29,7,22,91,81,10
"2011","E00022163","E00022163","Total",160,35,19,16,125,106,19
"2011","E00022165","E00022165","Total",186,38,16,22,148,127,21
"2011","E00022191","E00022191","Total",199,41,16,25,158,136,22
"2011","E00022477","E00022477","Total",140,48,21,27,92,77,15
"2011","E00022478","E00022478","Total",238,76,28,48,162,132,30
"2011","E00022479","E00022479","Total",187,43,13,30,144,119,25
"2011","E00022482","E00022482","Total",179,48,19,29,131,114,17
"2011","E00022448","E00022448","Total",143,32,14,18,111,89,22
"2011","E00022455","E00022455","Total",174,44,11,33,130,118,12
"2011","E00022481","E00022481","Total",186,40,11,29,146,116,30
"2011","E00022483","E00022483","Total",224,51,23,28,173,137,36
"2011","E00022485","E00022485","Total",180,53,15,38,127,105,22
"2011","E00022447","E00022447","Total",167,31,8,23,136,125,11
"2011","E00022456","E00022456","Total",126,37,7,30,89,79,10
"2011","E00022476","E00022476","Total",235,76,19,57,159,135,24
"2011","E00022480","E00022480","Total",174,55,12,43,119,101,18
"2011","E00022484","E00022484","Total",129,55,16,39,74,60,14
"2011","E00022486","E00022486","Total",154,45,12,33,109,89,20
"2011","E00022453","E00022453","Total",170,49,21,28,121,99,22
"2011","E00022465","E00022465","Total",135,35,14,21,100,81,19
"2011","E00022471","E00022471","Total",185,45,9,36,140,110,30
"2011","E00022474","E00022474","Total",214,37,17,20,177,155,22
"2011","E00022475","E00022475","Total",143,17,5,12,126,86,40
"2011","E00022155","E00022155","Total",207,60,19,41,147,125,22
"2011","E00022166","E00022166","Total",186,51,18,33,135,117,18
"2011","E00022167","E00022167","Total",149,43,12,31,106,94,12
"2011","E00022169","E00022169","Total",232,64,20,44,168,156,12
"2011","E00022170","E00022170","Total",182,39,12,27,143,118,25
"2011","E00022172","E00022172","Total",155,44,13,31,111,83,28
"2011","E00022173","E00022173","Total",174,55,17,38,119,102,17
"2011","E00022175","E00022175","Total",147,35,12,23,112,90,22
"2011","E00022176","E00022176","Total",214,42,10,32,172,150,22
"2011","E00022177","E00022177","Total",170,46,11,35,124,103,21
"2011","E00022158","E00022158","Total",156,41,11,30,115,104,11
"2011","E00022181","E00022181","Total",112,31,5,26,81,66,15
"2011","E00022183","E00022183","Total",150,37,16,21,113,93,20
"2011","E00022184","E00022184","Total",143,22,5,17,121,106,15
"2011","E00022185","E00022185","Total",170,48,16,32,122,100,22
"2011","E00022186","E00022186","Total",81,22,7,15,59,48,11
"2011","E00022153","E00022153","Total",245,81,24,57,164,149,15
"2011","E00022162","E00022162","Total",175,41,8,33,134,111,23
"2011","E00022187","E00022187","Total",180,53,18,35,127,103,24
"2011","E00022189","E00022189","Total",185,43,10,33,142,111,31
"2011","E00022192","E00022192","Total",152,43,12,31,109,98,11
"2011","E00022350","E00022350","Total",178,55,20,35,123,99,24
"2011","E00022352","E00022352","Total",183,51,18,33,132,107,25
"2011","E00022354","E00022354","Total",226,75,27,48,151,135,16
"2011","E00022357","E00022357","Total",241,76,30,46,165,142,23
"2011","E00022348","E00022348","Total",208,69,25,44,139,118,21
"2011","E00022360","E00022360","Total",198,49,17,32,149,113,36
"2011","E00022364","E00022364","Total",178,47,15,32,131,109,22
"2011","E00022369","E00022369","Total",218,52,14,38,166,136,30
"2011","E00022372","E00022372","Total",152,45,14,31,107,84,23
"2011","E00022079","E00022079","Total",123,37,8,29,86,75,11
"2011","E00022080","E00022080","Total",173,47,13,34,126,112,14
"2011","E00022087","E00022087","Total",190,53,19,34,137,111,26
"2011","E00022108","E00022108","Total",170,32,4,28,138,123,15
"2011","E00022114","E00022114","Total",171,30,9,21,141,115,26
"2011","E00171483","E00171483","Total",191,54,11,43,137,125,12
"2011","E00171730","E00171730","Total",162,60,15,45,102,86,16
"2011","E00022082","E00022082","Total",174,36,13,23,138,127,11
"2011","E00022089","E00022089","Total",122,38,17,21,84,73,11
"2011","E00022091","E00022091","Total",122,36,13,23,86,69,17
"2011","E00022092","E00022092","Total",152,41,5,36,111,92,19
"2011","E00022093","E00022093","Total",129,31,8,23,98,83,15
"2011","E00022095","E00022095","Total",98,35,10,25,63,59,4
"2011","E00022078","E00022078","Total",141,40,20,20,101,92,9
"2011","E00022088","E00022088","Total",305,77,25,52,228,193,35
"2011","E00022106","E00022106","Total",242,61,16,45,181,151,30
"2011","E00022107","E00022107","Total",190,60,24,36,130,111,19
"2011","E00022110","E00022110","Total",167,51,12,39,116,103,13
"2011","E00022112","E00022112","Total",252,72,24,48,180,159,21
"2011","E00022351","E00022351","Total",71,17,7,10,54,43,11
"2011","E00022355","E00022355","Total",99,31,16,15,68,64,4
"2011","E00022356","E00022356","Total",223,71,21,50,152,133,19
"2011","E00022358","E00022358","Total",215,51,16,35,164,137,27
"2011","E00022359","E00022359","Total",234,62,16,46,172,145,27
"2011","E00022368","E00022368","Total",260,72,34,38,188,158,30
"2011","E00022346","E00022346","Total",196,60,12,48,136,119,17
"2011","E00022347","E00022347","Total",196,54,17,37,142,122,20
"2011","E00022361","E00022361","Total",162,30,7,23,132,119,13
"2011","E00022363","E00022363","Total",146,32,8,24,114,100,14
"2011","E00022365","E00022365","Total",181,50,13,37,131,111,20
"2011","E00022077","E00022077","Total",143,40,14,26,103,87,16
"2011","E00022094","E00022094","Total",188,56,12,44,132,118,14
"2011","E00022096","E00022096","Total",148,35,15,20,113,92,21
"2011","E00022097","E00022097","Total",169,40,12,28,129,114,15
"2011","E00022098","E00022098","Total",171,42,21,21,129,111,18
"2011","E00022228","E00022228","Total",169,55,13,42,114,106,8
"2011","E00022234","E00022234","Total",206,78,21,57,128,108,20
"2011","E00022264","E00022264","Total",182,54,12,42,128,122,6
"2011","E00022265","E00022265","Total",131,47,8,39,84,72,12
"2011","E00022267","E00022267","Total",121,39,15,24,82,70,12
"2011","E00022345","E00022345","Total",156,37,10,27,119,100,19
"2011","E00022353","E00022353","Total",145,39,14,25,106,88,18
"2011","E00022366","E00022366","Total",223,81,18,63,142,112,30
"2011","E00022367","E00022367","Total",148,49,9,40,99,88,11
"2011","E00022370","E00022370","Total",182,38,9,29,144,125,19
"2011","E00022341","E00022341","Total",212,46,17,29,166,138,28
"2011","E00022349","E00022349","Total",141,40,10,30,101,88,13
"2011","E00022362","E00022362","Total",238,61,12,49,177,157,20
"2011","E00022371","E00022371","Total",164,39,18,21,125,101,24
"2011","E00022375","E00022375","Total",141,32,15,17,109,93,16
"2011","E00022342","E00022342","Total",107,37,13,24,70,63,7
"2011","E00022343","E00022343","Total",132,35,16,19,97,78,19
"2011","E00022344","E00022344","Total",132,51,20,31,81,66,15
"2011","E00022373","E00022373","Total",141,54,28,26,87,74,13
"2011","E00022374","E00022374","Total",91,24,8,16,67,57,10
"2011","E00021944","E00021944","Total",191,38,6,32,153,126,27
"2011","E00021945","E00021945","Total",221,56,20,36,165,139,26
"2011","E00021965","E00021965","Total",162,55,21,34,107,93,14
"2011","E00021969","E00021969","Total",221,70,24,46,151,121,30
"2011","E00021949","E00021949","Total",166,60,17,43,106,92,14
"2011","E00021954","E00021954","Total",167,49,13,36,118,103,15
"2011","E00021966","E00021966","Total",169,41,18,23,128,115,13
"2011","E00021970","E00021970","Total",130,46,18,28,84,66,18
"2011","E00021972","E00021972","Total",61,15,2,13,46,37,9
"2011","E00021952","E00021952","Total",168,47,13,34,121,103,18
"2011","E00021953","E00021953","Total",168,40,17,23,128,101,27
"2011","E00021955","E00021955","Total",168,57,11,46,111,100,11
"2011","E00021956","E00021956","Total",161,40,20,20,121,106,15
"2011","E00021964","E00021964","Total",168,48,16,32,120,101,19
"2011","E00021957","E00021957","Total",169,48,12,36,121,94,27
"2011","E00021958","E00021958","Total",157,53,18,35,104,84,20
"2011","E00021959","E00021959","Total",176,41,19,22,135,120,15
"2011","E00021961","E00021961","Total",211,60,26,34,151,126,25
"2011","E00021942","E00021942","Total",202,37,12,25,165,133,32
"2011","E00021943","E00021943","Total",190,50,20,30,140,109,31
"2011","E00021960","E00021960","Total",203,49,20,29,154,130,24
"2011","E00021962","E00021962","Total",179,47,16,31,132,110,22
"2011","E00021963","E00021963","Total",200,44,10,34,156,141,15
"2011","E00021946","E00021946","Total",257,79,22,57,178,155,23
"2011","E00021971","E00021971","Total",165,56,20,36,109,102,7
"2011","E00171484","E00171484","Total",148,48,16,32,100,93,7
"2011","E00171486","E00171486","Total",211,66,21,45,145,125,20
"2011","E00171488","E00171488","Total",140,46,9,37,94,83,11
"2011","E00171724","E00171724","Total",174,44,17,27,130,119,11
"2011","E00022156","E00022156","Total",197,57,18,39,140,120,20
"2011","E00022164","E00022164","Total",148,56,18,38,92,81,11
"2011","E00022168","E00022168","Total",192,48,15,33,144,118,26
"2011","E00022171","E00022171","Total",222,60,16,44,162,136,26
"2011","E00022258","E00022258","Total",170,56,17,39,114,87,27
"2011","E00022259","E00022259","Total",211,53,19,34,158,145,13
"2011","E00022260","E00022260","Total",141,57,23,34,84,75,9
"2011","E00022261","E00022261","Total",213,79,28,51,134,116,18
"2011","E00022262","E00022262","Total",187,73,34,39,114,94,20
"2011","E00022230","E00022230","Total",226,60,14,46,166,143,23
"2011","E00022236","E00022236","Total",127,37,19,18,90,73,17
"2011","E00022244","E00022244","Total",154,41,16,25,113,100,13
"2011","E00022263","E00022263","Total",94,32,10,22,62,59,3
"2011","E00022266","E00022266","Total",172,77,21,56,95,85,10
"2011","E00022281","E00022281","Total",157,83,9,74,74,69,5
"2011","E00022287","E00022287","Total",134,62,14,48,72,64,8
"2011","E00022288","E00022288","Total",161,53,11,42,108,99,9
"2011","E00022290","E00022290","Total",124,60,23,37,64,59,5
"2011","E00171494","E00171494","Total",141,49,12,37,92,81,11
"2011","E00171495","E00171495","Total",145,61,24,37,84,73,11
"2011","E00021941","E00021941","Total",177,34,10,24,143,119,24
"2011","E00021947","E00021947","Total",147,25,7,18,122,91,31
"2011","E00021950","E00021950","Total",200,49,13,36,151,119,32
"2011","E00021951","E00021951","Total",176,44,13,31,132,107,25
"2011","E00021967","E00021967","Total",148,29,10,19,119,93,26
"2011","E00022317","E00022317","Total",201,49,15,34,152,127,25
"2011","E00022331","E00022331","Total",135,21,7,14,114,88,26
"2011","E00022332","E00022332","Total",152,38,7,31,114,95,19
"2011","E00022337","E00022337","Total",155,26,10,16,129,102,27
"2011","E00022340","E00022340","Total",193,38,14,24,155,127,28
"2011","E00022313","E00022313","Total",130,30,10,20,100,79,21
"2011","E00022314","E00022314","Total",221,53,9,44,168,135,33
"2011","E00022316","E00022316","Total",193,48,16,32,145,126,19
"2011","E00022318","E00022318","Total",187,42,12,30,145,120,25
"2011","E00022319","E00022319","Total",213,49,20,29,164,139,25
"2011","E00022308","E00022308","Total",157,29,8,21,128,104,24
"2011","E00022321","E00022321","Total",147,38,12,26,109,87,22
"2011","E00022323","E00022323","Total",182,41,10,31,141,119,22
"2011","E00022325","E00022325","Total",174,39,14,25,135,107,28
"2011","E00022327","E00022327","Total",184,52,14,38,132,119,13
"2011","E00022333","E00022333","Total",176,42,5,37,134,115,19
"2011","E00022334","E00022334","Total",192,48,12,36,144,118,26
"2011","E00022335","E00022335","Total",178,46,14,32,132,113,19
"2011","E00022338","E00022338","Total",243,45,17,28,198,166,32
"2011","E00022339","E00022339","Total",196,34,5,29,162,139,23
"2011","E00022239","E00022239","Total",191,49,19,30,142,123,19
"2011","E00022245","E00022245","Total",196,62,23,39,134,117,17
"2011","E00022248","E00022248","Total",183,54,16,38,129,115,14
"2011","E00022250","E00022250","Total",144,51,26,25,93,75,18
"2011","E00022229","E00022229","Total",238,73,26,47,165,147,18
"2011","E00022231","E00022231","Total",155,44,12,32,111,98,13
"2011","E00022247","E00022247","Total",146,39,13,26,107,88,19
"2011","E00022251","E00022251","Total",101,20,6,14,81,71,10
"2011","E00022254","E00022254","Total",101,45,12,33,56,51,5
"2011","E00022235","E00022235","Total",202,51,9,42,151,133,18
"2011","E00022238","E00022238","Total",193,46,17,29,147,134,13
"2011","E00022240","E00022240","Total",267,84,17,67,183,164,19
"2011","E00022242","E00022242","Total",179,58,19,39,121,105,16
"2011","E00022243","E00022243","Total",176,42,14,28,134,114,20
"2011","E00022237","E00022237","Total",140,48,16,32,92,82,10
"2011","E00022241","E00022241","Total",144,32,8,24,112,100,12
"2011","E00022246","E00022246","Total",166,51,16,35,115,106,9
"2011","E00022252","E00022252","Total",140,43,13,30,97,85,12
"2011","E00022253","E00022253","Total",162,61,15,46,101,86,15
"2011","E00022232","E00022232","Total",203,68,21,47,135,115,20
"2011","E00022233","E00022233","Total",202,54,16,38,148,131,17
"2011","E00022249","E00022249","Total",178,45,8,37,133,113,20
"2011","E00022255","E00022255","Total",183,43,16,27,140,123,17
"2011","E00022256","E00022256","Total",174,28,7,21,146,128,18
"2011","E00022257","E00022257","Total",113,33,11,22,80,69,11
"2011","E00021989","E00021989","Total",181,63,15,48,118,106,12
"2011","E00021993","E00021993","Total",180,65,19,46,115,96,19
"2011","E00021996","E00021996","Total",194,45,8,37,149,129,20
"2011","E00021997","E00021997","Total",228,57,20,37,171,149,22
"2011","E00022000","E00022000","Total",132,30,6,24,102,90,12
"2011","E00021977","E00021977","Total",218,55,23,32,163,141,22
"2011","E00021990","E00021990","Total",170,58,11,47,112,94,18
"2011","E00021991","E00021991","Total",164,41,9,32,123,107,16
"2011","E00021992","E00021992","Total",151,34,11,23,117,101,16
"2011","E00021995","E00021995","Total",245,69,19,50,176,154,22
"2011","E00021973","E00021973","Total",176,35,14,21,141,120,21
"2011","E00021974","E00021974","Total",239,54,19,35,185,151,34
"2011","E00021994","E00021994","Total",201,43,14,29,158,127,31
"2011","E00022001","E00022001","Total",188,45,13,32,143,119,24
"2011","E00022004","E00022004","Total",214,28,6,22,186,167,19
"2011","E00022280","E00022280","Total",137,47,8,39,90,81,9
"2011","E00022289","E00022289","Total",199,66,15,51,133,112,21
"2011","E00022292","E00022292","Total",169,46,17,29,123,106,17
"2011","E00022293","E00022293","Total",124,35,12,23,89,85,4
"2011","E00022294","E00022294","Total",155,46,14,32,109,98,11
"2011","E00022268","E00022268","Total",150,61,19,42,89,81,8
"2011","E00022269","E00022269","Total",221,60,15,45,161,144,17
"2011","E00022295","E00022295","Total",183,50,16,34,133,117,16
"2011","E00022297","E00022297","Total",155,46,18,28,109,84,25
"2011","E00022300","E00022300","Total",184,61,22,39,123,115,8
"2011","E00021789","E00021789","Total",260,63,18,45,197,167,30
"2011","E00021790","E00021790","Total",246,52,18,34,194,158,36
"2011","E00021791","E00021791","Total",108,47,11,36,61,51,10
"2011","E00021792","E00021792","Total",164,45,10,35,119,99,20
"2011","E00021793","E00021793","Total",104,31,9,22,73,63,10
"2011","E00021794","E00021794","Total",82,36,7,29,46,42,4
"2011","E00021795","E00021795","Total",108,46,15,31,62,53,9
"2011","E00021797","E00021797","Total",121,35,13,22,86,70,16
"2011","E00021798","E00021798","Total",96,28,13,15,68,49,19
"2011","E00022322","E00022322","Total",206,45,12,33,161,136,25
"2011","E00022324","E00022324","Total",182,46,17,29,136,111,25
"2011","E00022326","E00022326","Total",215,51,23,28,164,143,21
"2011","E00022336","E00022336","Total",180,47,14,33,133,112,21
"2011","E00171489","E00171489","Total",146,34,12,22,112,101,11
"2011","E00171491","E00171491","Total",119,20,2,18,99,82,17
"2011","E00171725","E00171725","Total",178,38,18,20,140,118,22
"2011","E00022310","E00022310","Total",291,68,18,50,223,179,44
"2011","E00022312","E00022312","Total",182,64,18,46,118,104,14
"2011","E00022320","E00022320","Total",219,40,13,27,179,155,24
"2011","E00022330","E00022330","Total",109,30,14,16,79,65,14
"2011","E00171492","E00171492","Total",169,30,10,20,139,119,20
"2011","E00171503","E00171503","Total",104,18,3,15,86,71,15
"2011","E00171506","E00171506","Total",139,28,15,13,111,91,20
"2011","E00022307","E00022307","Total",331,87,34,53,244,199,45
"2011","E00022309","E00022309","Total",208,60,29,31,148,131,17
"2011","E00022311","E00022311","Total",240,51,14,37,189,157,32
"2011","E00022329","E00022329","Total",152,43,16,27,109,92,17
"2011","E00021978","E00021978","Total",178,38,8,30,140,115,25
"2011","E00021979","E00021979","Total",236,57,8,49,179,142,37
"2011","E00021998","E00021998","Total",262,52,21,31,210,170,40
"2011","E00022002","E00022002","Total",212,58,14,44,154,125,29
"2011","E00021999","E00021999","Total",141,35,6,29,106,92,14
"2011","E00022003","E00022003","Total",200,67,16,51,133,121,12
"2011","E00022005","E00022005","Total",216,74,19,55,142,114,28
"2011","E00022006","E00022006","Total",158,41,15,26,117,104,13
"2011","E00022009","E00022009","Total",157,40,14,26,117,106,11
"2011","E00021975","E00021975","Total",214,72,25,47,142,121,21
"2011","E00021980","E00021980","Total",156,41,10,31,115,100,15
"2011","E00021984","E00021984","Total",234,65,25,40,169,138,31
"2011","E00022007","E00022007","Total",257,63,26,37,194,160,34
"2011","E00022008","E00022008","Total",158,51,25,26,107,96,11
"2011","E00021976","E00021976","Total",162,37,13,24,125,104,21
"2011","E00021981","E00021981","Total",222,73,18,55,149,136,13
"2011","E00021982","E00021982","Total",156,31,6,25,125,108,17
"2011","E00022010","E00022010","Total",184,47,11,36,137,117,20
"2011","E00022011","E00022011","Total",208,51,15,36,157,127,30
"2011","E00021983","E00021983","Total",189,56,21,35,133,121,12
"2011","E00021985","E00021985","Total",181,67,19,48,114,97,17
"2011","E00021986","E00021986","Total",227,69,31,38,158,133,25
"2011","E00021987","E00021987","Total",187,52,17,35,135,116,19
"2011","E00021988","E00021988","Total",308,88,28,60,220,187,33
"2011","E00021808","E00021808","Total",211,75,25,50,136,120,16
"2011","E00021821","E00021821","Total",165,49,15,34,116,100,16
"2011","E00021823","E00021823","Total",216,68,23,45,148,140,8
"2011","E00021825","E00021825","Total",166,58,21,37,108,99,9
"2011","E00021828","E00021828","Total",192,78,29,49,114,97,17
"2011","E00022270","E00022270","Total",132,45,13,32,87,78,9
"2011","E00022272","E00022272","Total",143,56,20,36,87,78,9
"2011","E00022298","E00022298","Total",93,38,11,27,55,52,3
"2011","E00022299","E00022299","Total",122,39,10,29,83,77,6
"2011","E00022301","E00022301","Total",110,43,11,32,67,55,12
"2011","E00022271","E00022271","Total",168,61,20,41,107,100,7
"2011","E00022303","E00022303","Total",83,27,13,14,56,50,6
"2011","E00022304","E00022304","Total",161,39,8,31,122,98,24
"2011","E00022305","E00022305","Total",266,56,15,41,210,183,27
"2011","E00022306","E00022306","Total",142,45,16,29,97,87,10
"2011","E00022273","E00022273","Total",222,59,18,41,163,137,26
"2011","E00022276","E00022276","Total",371,103,33,70,268,219,49
"2011","E00022277","E00022277","Total",180,46,16,30,134,109,25
"2011","E00022278","E00022278","Total",214,71,19,52,143,119,24
"2011","E00022279","E00022279","Total",233,51,15,36,182,143,39
"2011","E00022274","E00022274","Total",157,49,17,32,108,96,12
"2011","E00022275","E00022275","Total",207,62,23,39,145,132,13
"2011","E00022291","E00022291","Total",247,73,22,51,174,147,27
"2011","E00022296","E00022296","Total",116,43,8,35,73,61,12
"2011","E00022302","E00022302","Total",124,38,9,29,86,73,13
"2011","E00021826","E00021826","Total",72,20,7,13,52,44,8
"2011","E00021827","E00021827","Total",141,41,15,26,100,83,17
"2011","E00021830","E00021830","Total",100,52,12,40,48,42,6
"2011","E00021833","E00021833","Total",95,35,8,27,60,49,11
"2011","E00021836","E00021836","Total",191,54,14,40,137,122,15
"2011","E00021829","E00021829","Total",242,80,29,51,162,143,19
"2011","E00021831","E00021831","Total",96,34,9,25,62,53,9
"2011","E00021832","E00021832","Total",148,43,5,38,105,92,13
"2011","E00021834","E00021834","Total",130,37,8,29,93,82,11
"2011","E00021835","E00021835","Total",122,35,14,21,87,71,16
"2011","E00021837","E00021837","Total",130,39,8,31,91,79,12
"2011","E00021807","E00021807","Total",192,46,9,37,146,122,24
"2011","E00021824","E00021824","Total",261,75,27,48,186,153,33
"2011","E00171502","E00171502","Total",274,66,24,42,208,182,26
"2011","E00171505","E00171505","Total",242,79,31,48,163,145,18
"2011","E00021809","E00021809","Total",148,47,18,29,101,90,11
"2011","E00021811","E00021811","Total",203,53,9,44,150,127,23
"2011","E00021812","E00021812","Total",235,60,19,41,175,149,26
"2011","E00021813","E00021813","Total",224,51,15,36,173,149,24
"2011","E00021838","E00021838","Total",101,27,2,25,74,64,10
"2011","E00021814","E00021814","Total",160,41,14,27,119,107,12
"2011","E00021815","E00021815","Total",84,28,5,23,56,43,13
"2011","E00021817","E00021817","Total",233,59,21,38,174,144,30
"2011","E00021819","E00021819","Total",168,64,22,42,104,89,15
"2011","E00021822","E00021822","Total",140,39,16,23,101,87,14
"2011","E00021805","E00021805","Total",147,39,26,13,108,97,11
"2011","E00021810","E00021810","Total",287,72,18,54,215,193,22
"2011","E00021816","E00021816","Total",23,9,4,5,14,14,0
"2011","E00021818","E00021818","Total",117,44,14,30,73,58,15
"2011","E00021820","E00021820","Total",135,49,13,36,86,75,11
"2011","E00021796","E00021796","Total",169,52,18,34,117,106,11
"2011","E00021799","E00021799","Total",124,41,17,24,83,74,9
"2011","E00021800","E00021800","Total",157,50,16,34,107,94,13
"2011","E00021802","E00021802","Total",97,17,9,8,80,73,7
"2011","E00021769","E00021769","Total",229,53,14,39,176,154,22
"2011","E00021770","E00021770","Total",153,43,19,24,110,88,22
"2011","E00021776","E00021776","Total",187,60,24,36,127,112,15
"2011","E00021783","E00021783","Total",220,49,12,37,171,143,28
"2011","E00021801","E00021801","Total",156,45,19,26,111,93,18
"2011","E00021773","E00021773","Total",170,66,31,35,104,90,14
"2011","E00021774","E00021774","Total",180,54,14,40,126,109,17
"2011","E00021775","E00021775","Total",202,48,19,29,154,130,24
"2011","E00021777","E00021777","Total",160,53,17,36,107,95,12
"2011","E00021779","E00021779","Total",190,60,14,46,130,110,20
"2011","E00021768","E00021768","Total",250,89,31,58,161,143,18
"2011","E00021803","E00021803","Total",131,34,16,18,97,89,8
"2011","E00171508","E00171508","Total",187,53,17,36,134,108,26
"2011","E00171509","E00171509","Total",172,50,17,33,122,109,13
"2011","E00171511","E00171511","Total",184,50,16,34,134,116,18
"2011","E00021772","E00021772","Total",138,44,19,25,94,77,17
"2011","E00021778","E00021778","Total",193,66,18,48,127,117,10
"2011","E00021780","E00021780","Total",103,42,14,28,61,50,11
"2011","E00021781","E00021781","Total",118,35,14,21,83,66,17
"2011","E00021784","E00021784","Total",158,55,16,39,103,91,12
"2011","E00021804","E00021804","Total",141,43,14,29,98,85,13
"2011","E00021782","E00021782","Total",268,76,30,46,192,164,28
"2011","E00021785","E00021785","Total",95,43,16,27,52,50,2
"2011","E00021786","E00021786","Total",172,55,21,34,117,101,16
"2011","E00021787","E00021787","Total",195,79,27,52,116,99,17
"2011","E00021788","E00021788","Total",160,63,22,41,97,72,25
