OA11CD,Full-time,Part-time,Self-employed,Working student,Unemployed,Inactive
E00016403,35.622317596566525,17.167381974248926,8.583690987124463,2.575107296137339,11.587982832618026,24.463519313304722
E00016437,28.279883381924197,13.70262390670554,5.830903790087463,6.41399416909621,7.288629737609329,38.48396501457726
E00016439,36.55913978494624,11.827956989247312,4.659498207885305,6.093189964157706,9.31899641577061,31.54121863799283
E00016442,30.90909090909091,18.181818181818183,8.636363636363637,5.454545454545454,13.181818181818182,23.636363636363637
E00016399,27.483443708609272,15.562913907284768,3.9735099337748343,9.271523178807946,8.278145695364238,35.43046357615894
E00016401,45.34412955465587,9.7165991902834,5.2631578947368425,8.097165991902834,7.287449392712551,24.291497975708502
E00016406,26.08695652173913,19.806763285024154,5.797101449275362,4.3478260869565215,7.246376811594203,36.71497584541063
E00016435,33.333333333333336,13.88888888888889,5.902777777777778,3.8194444444444446,7.986111111111111,35.06944444444444
E00016395,39.83050847457627,11.440677966101696,6.779661016949152,6.3559322033898304,7.627118644067797,27.966101694915253
E00016404,43.492063492063494,7.936507936507937,8.253968253968255,6.666666666666667,5.396825396825397,28.253968253968253
E00016405,50.0,8.333333333333334,11.231884057971014,6.521739130434782,3.6231884057971016,20.28985507246377
E00016408,70.37037037037037,2.2222222222222223,11.11111111111111,4.444444444444445,2.2222222222222223,9.62962962962963
E00016410,49.48805460750853,8.19112627986348,13.651877133105803,5.1194539249146755,4.09556313993174,19.453924914675767
E00016438,66.0633484162896,7.6923076923076925,6.787330316742081,2.262443438914027,2.7149321266968327,14.479638009049774
E00016398,43.0622009569378,11.483253588516746,2.8708133971291865,5.2631578947368425,11.004784688995215,26.31578947368421
E00016431,37.628865979381445,9.278350515463918,10.309278350515465,6.185567010309279,6.701030927835052,29.896907216494846
E00016432,44.0,9.0,7.0,7.0,6.333333333333333,26.666666666666668
E00016434,34.375,11.805555555555555,7.986111111111111,5.555555555555555,11.458333333333334,28.819444444444443
E00173943,45.16129032258065,10.483870967741936,4.838709677419355,4.435483870967742,8.46774193548387,26.612903225806452
E00173946,63.14102564102564,4.166666666666667,10.256410256410257,2.5641025641025643,3.2051282051282053,16.666666666666668
E00016397,60.143198090692124,5.4892601431980905,9.54653937947494,3.818615751789976,4.05727923627685,16.94510739856802
E00016433,47.47899159663866,6.302521008403361,7.563025210084033,5.46218487394958,4.201680672268908,28.991596638655462
E00016436,46.753246753246756,12.987012987012987,3.2467532467532467,4.545454545454546,9.090909090909092,23.376623376623378
E00016440,28.444444444444443,11.11111111111111,4.888888888888889,6.666666666666667,14.666666666666666,34.22222222222222
E00016441,39.76608187134503,11.11111111111111,5.2631578947368425,5.847953216374269,10.818713450292398,27.19298245614035
E00016412,41.843971631205676,10.99290780141844,10.28368794326241,6.028368794326241,7.801418439716312,23.04964539007092
E00016414,29.88929889298893,10.70110701107011,6.273062730627307,10.33210332103321,6.273062730627307,36.53136531365314
E00016418,36.85897435897436,12.5,9.935897435897436,6.730769230769231,6.089743589743589,27.884615384615383
E00016422,26.00896860986547,14.798206278026905,6.726457399103139,2.242152466367713,8.071748878923767,42.152466367713004
E00016402,33.0,13.5,6.0,5.0,7.0,35.5
E00016407,46.51162790697674,7.441860465116279,11.162790697674419,2.7906976744186047,11.162790697674419,20.930232558139537
E00016409,40.55118110236221,11.811023622047244,7.480314960629921,3.543307086614173,10.62992125984252,25.984251968503937
E00016411,48.797250859106526,11.34020618556701,9.278350515463918,3.7800687285223367,5.841924398625429,20.962199312714777
E00016413,29.22374429223744,10.502283105022832,7.762557077625571,5.0228310502283104,8.67579908675799,38.81278538812786
E00016415,30.76923076923077,12.955465587044534,7.287449392712551,3.2388663967611335,8.906882591093117,36.8421052631579
E00016416,29.142857142857142,13.714285714285714,8.0,2.857142857142857,11.428571428571429,34.857142857142854
E00016419,34.42622950819672,16.80327868852459,2.8688524590163933,2.8688524590163933,9.01639344262295,34.01639344262295
E00016420,24.88479262672811,15.2073732718894,5.529953917050691,4.608294930875576,8.294930875576037,41.474654377880185
E00173947,36.48068669527897,9.871244635193133,3.4334763948497855,8.15450643776824,13.304721030042918,28.755364806866954
E00173948,32.967032967032964,10.622710622710622,9.89010989010989,7.326007326007326,8.424908424908425,30.76923076923077
E00016417,24.12280701754386,17.54385964912281,3.0701754385964914,7.456140350877193,9.649122807017545,38.1578947368421
E00016421,25.0,17.647058823529413,4.901960784313726,7.8431372549019605,8.823529411764707,35.78431372549019
E00016423,27.155172413793103,14.655172413793103,8.189655172413794,5.603448275862069,9.482758620689655,34.91379310344828
E00016424,25.943396226415093,13.20754716981132,7.547169811320755,4.716981132075472,10.377358490566039,38.20754716981132
E00016427,25.308641975308642,8.641975308641975,4.938271604938271,6.790123456790123,17.28395061728395,37.03703703703704
E00016396,31.40096618357488,10.144927536231885,4.3478260869565215,4.3478260869565215,12.560386473429952,37.19806763285024
E00016426,35.90909090909091,12.272727272727273,8.181818181818182,7.7272727272727275,5.0,30.90909090909091
E00016428,36.231884057971016,10.507246376811594,14.855072463768115,11.231884057971014,6.521739130434782,20.652173913043477
E00016429,41.9811320754717,8.49056603773585,12.264150943396226,3.7735849056603774,3.7735849056603774,29.71698113207547
E00016430,32.47422680412371,12.88659793814433,6.185567010309279,5.670103092783505,8.762886597938145,34.02061855670103
E00016680,53.225806451612904,11.827956989247312,7.526881720430108,6.451612903225806,9.13978494623656,11.827956989247312
E00016716,49.18032786885246,11.065573770491802,10.245901639344263,8.19672131147541,7.377049180327869,13.934426229508198
E00016717,46.71052631578947,14.473684210526315,7.894736842105263,5.921052631578948,11.842105263157896,13.157894736842104
E00016719,36.111111111111114,17.22222222222222,3.3333333333333335,6.666666666666667,9.444444444444445,27.22222222222222
E00016720,47.234042553191486,11.914893617021276,7.659574468085107,6.808510638297872,5.1063829787234045,21.27659574468085
E00016725,45.08670520231214,12.716763005780347,9.826589595375722,2.8901734104046244,9.826589595375722,19.653179190751445
E00016706,27.84090909090909,14.204545454545455,10.227272727272727,6.818181818181818,6.818181818181818,34.09090909090909
E00016708,33.59375,11.71875,5.078125,5.078125,8.59375,35.9375
E00016709,31.132075471698112,12.578616352201259,8.80503144654088,9.119496855345911,8.49056603773585,29.87421383647799
E00016714,33.649289099526065,17.061611374407583,7.109004739336493,6.161137440758294,9.004739336492891,27.01421800947867
E00016715,37.18411552346571,7.581227436823105,15.16245487364621,6.859205776173285,9.747292418772563,23.465703971119133
E00016675,45.78947368421053,12.105263157894736,14.736842105263158,5.2631578947368425,5.7894736842105265,16.31578947368421
E00016677,21.350762527233115,5.010893246187364,4.57516339869281,21.132897603485837,4.357298474945534,43.57298474945534
E00016683,60.15325670498084,5.747126436781609,10.727969348659004,6.130268199233717,4.597701149425287,12.64367816091954
E00016697,25.301204819277107,18.473895582329316,7.228915662650603,9.63855421686747,5.220883534136546,34.136546184738954
E00173940,40.83044982698962,10.380622837370241,11.764705882352942,6.228373702422146,5.882352941176471,24.913494809688583
E00173949,50.156739811912225,13.793103448275861,11.598746081504702,8.77742946708464,3.4482758620689653,12.225705329153605
E00016684,54.5945945945946,9.72972972972973,9.72972972972973,4.324324324324325,6.486486486486487,15.135135135135135
E00016687,57.961783439490446,3.821656050955414,8.9171974522293,3.1847133757961785,5.095541401273885,21.019108280254777
E00016694,28.512396694214875,14.462809917355372,11.983471074380166,8.677685950413224,9.50413223140496,26.859504132231404
E00016718,24.46808510638298,13.297872340425531,8.51063829787234,5.851063829787234,11.170212765957446,36.702127659574465
E00016721,34.319526627218934,13.017751479289942,8.284023668639053,3.5502958579881656,7.100591715976331,33.72781065088758
E00016723,32.38095238095238,16.666666666666668,4.761904761904762,4.285714285714286,11.904761904761905,30.0
E00016679,35.88516746411483,7.177033492822966,5.741626794258373,3.827751196172249,6.220095693779904,41.14832535885167
E00016689,42.21105527638191,13.5678391959799,11.055276381909549,8.542713567839195,4.0201005025125625,20.603015075376884
E00016693,29.304029304029303,9.89010989010989,8.058608058608058,9.89010989010989,6.593406593406593,36.26373626373626
E00016701,41.95402298850575,9.770114942528735,9.195402298850574,9.195402298850574,3.4482758620689653,26.436781609195403
E00173939,36.56716417910448,13.432835820895523,7.462686567164179,6.7164179104477615,8.955223880597014,26.865671641791046
E00016210,31.1284046692607,9.727626459143968,7.003891050583658,9.727626459143968,4.280155642023346,38.13229571984436
E00016239,42.42424242424242,13.636363636363637,6.4393939393939394,6.4393939393939394,4.166666666666667,26.893939393939394
E00016240,31.386861313868614,18.248175182481752,1.4598540145985401,9.489051094890511,2.18978102189781,37.22627737226277
E00016241,39.111111111111114,11.555555555555555,9.333333333333334,3.111111111111111,8.444444444444445,28.444444444444443
E00016245,29.56989247311828,12.365591397849462,9.67741935483871,9.13978494623656,7.526881720430108,31.72043010752688
E00016211,28.79581151832461,15.18324607329843,8.37696335078534,6.282722513089006,9.424083769633508,31.93717277486911
E00016213,36.63003663003663,10.989010989010989,9.89010989010989,8.058608058608058,8.058608058608058,26.373626373626372
E00016244,37.8839590443686,17.747440273037544,11.945392491467576,10.921501706484642,3.4129692832764507,18.088737201365188
E00016250,42.10526315789474,9.569377990430622,6.220095693779904,9.569377990430622,6.698564593301436,25.83732057416268
E00174011,48.484848484848484,7.070707070707071,17.171717171717173,10.1010101010101,5.05050505050505,12.121212121212121
E00174032,27.789934354485776,9.62800875273523,7.439824945295404,18.38074398249453,3.719912472647702,33.04157549234136
E00174033,29.761904761904763,21.428571428571427,10.714285714285714,5.9523809523809526,8.333333333333334,23.80952380952381
E00016216,41.46341463414634,15.331010452961673,18.81533101045296,5.2264808362369335,4.878048780487805,14.285714285714286
E00016236,46.646341463414636,10.365853658536585,12.804878048780488,7.926829268292683,5.487804878048781,16.76829268292683
E00016246,35.16483516483517,13.186813186813186,6.95970695970696,5.86080586080586,7.6923076923076925,31.135531135531135
E00016248,54.411764705882355,9.926470588235293,12.867647058823529,4.779411764705882,4.779411764705882,13.235294117647058
E00016252,41.666666666666664,9.0,12.666666666666666,7.666666666666667,6.666666666666667,22.333333333333332
E00016214,42.48366013071895,10.784313725490197,13.071895424836601,6.862745098039215,5.882352941176471,20.915032679738562
E00016215,45.3183520599251,10.112359550561798,9.737827715355806,11.235955056179776,5.617977528089888,17.97752808988764
E00016217,40.60606060606061,8.181818181818182,13.93939393939394,6.666666666666667,5.454545454545454,25.151515151515152
E00016237,37.130801687763714,10.126582278481013,10.126582278481013,9.282700421940929,3.7974683544303796,29.535864978902953
E00016247,43.36283185840708,9.734513274336283,15.044247787610619,6.6371681415929205,4.867256637168142,20.353982300884955
E00016253,40.316205533596836,7.905138339920948,12.25296442687747,6.719367588932807,4.743083003952569,28.063241106719367
E00016209,31.437125748502993,11.077844311377245,12.275449101796408,11.377245508982035,5.089820359281437,28.74251497005988
E00016235,47.24409448818898,9.84251968503937,10.236220472440944,9.84251968503937,5.118110236220472,17.716535433070867
E00016238,35.54913294797688,8.092485549132949,10.115606936416185,17.052023121387283,6.069364161849711,23.121387283236995
E00173941,19.284294234592444,5.168986083499006,5.36779324055666,22.067594433399602,1.1928429423459244,46.91848906560636
E00173942,28.88888888888889,8.88888888888889,10.222222222222221,14.222222222222221,3.111111111111111,34.666666666666664
E00016881,34.04255319148936,12.23404255319149,7.9787234042553195,7.446808510638298,9.042553191489361,29.25531914893617
E00016915,28.97196261682243,13.08411214953271,12.149532710280374,8.411214953271028,10.74766355140187,26.635514018691588
E00016916,32.231404958677686,11.983471074380166,2.8925619834710745,4.958677685950414,10.743801652892563,37.1900826446281
E00016920,26.52173913043478,10.434782608695652,7.391304347826087,6.521739130434782,10.434782608695652,38.69565217391305
E00173950,39.351851851851855,8.796296296296296,6.944444444444445,8.333333333333334,6.944444444444445,29.62962962962963
E00173951,28.571428571428573,15.126050420168067,5.882352941176471,4.621848739495798,10.084033613445378,35.714285714285715
E00016921,33.480176211453745,10.572687224669604,12.775330396475772,5.286343612334802,4.405286343612334,33.480176211453745
E00016922,33.06772908366534,9.163346613545817,12.350597609561753,9.163346613545817,5.577689243027889,30.677290836653388
E00016923,33.673469387755105,7.482993197278912,14.965986394557824,17.006802721088434,4.421768707482993,22.448979591836736
E00016925,44.91525423728814,9.03954802259887,15.254237288135593,13.27683615819209,3.9548022598870056,13.559322033898304
E00016926,37.295081967213115,12.704918032786885,13.114754098360656,8.19672131147541,4.918032786885246,23.770491803278688
E00016917,42.5061425061425,11.056511056511056,10.073710073710073,9.828009828009828,4.914004914004914,21.62162162162162
E00016918,40.78549848942598,9.969788519637461,14.501510574018127,12.084592145015106,3.323262839879154,19.335347432024168
E00016919,38.888888888888886,12.222222222222221,15.925925925925926,5.925925925925926,5.185185185185185,21.85185185185185
E00016924,34.065934065934066,7.6923076923076925,14.835164835164836,12.087912087912088,4.945054945054945,26.373626373626372
E00016927,44.12955465587044,7.287449392712551,14.979757085020243,7.287449392712551,7.287449392712551,19.02834008097166
E00016879,37.971014492753625,9.855072463768115,20.579710144927535,5.217391304347826,4.3478260869565215,22.028985507246375
E00016884,40.54054054054054,11.583011583011583,19.69111969111969,5.019305019305019,5.019305019305019,18.146718146718147
E00016886,41.1764705882353,11.07266435986159,18.685121107266436,3.114186851211073,4.844290657439446,21.10726643598616
E00016893,36.971830985915496,12.32394366197183,16.901408450704224,4.225352112676056,3.5211267605633805,26.056338028169016
E00016885,41.77777777777778,13.333333333333334,14.222222222222221,5.333333333333333,2.2222222222222223,23.11111111111111
E00016887,33.15217391304348,8.695652173913043,18.47826086956522,5.978260869565218,4.3478260869565215,29.347826086956523
E00016889,36.94581280788177,9.852216748768473,13.300492610837438,8.866995073891626,6.896551724137931,24.137931034482758
E00016890,38.095238095238095,9.523809523809524,13.333333333333334,5.714285714285714,6.190476190476191,27.142857142857142
E00016895,37.81512605042017,10.92436974789916,17.647058823529413,4.621848739495798,6.722689075630252,22.26890756302521
E00016159,52.63157894736842,6.220095693779904,11.004784688995215,2.3923444976076556,3.827751196172249,23.923444976076556
E00016173,43.162393162393165,11.965811965811966,14.102564102564102,1.7094017094017093,5.128205128205129,23.931623931623932
E00016176,60.33755274261603,9.70464135021097,16.033755274261605,1.6877637130801688,1.6877637130801688,10.548523206751055
E00016184,54.32692307692308,11.057692307692308,16.826923076923077,2.4038461538461537,3.3653846153846154,12.01923076923077
E00016186,52.22672064777328,7.6923076923076925,11.740890688259109,4.048582995951417,4.4534412955465585,19.838056680161944
E00016188,47.98206278026906,8.071748878923767,15.246636771300448,4.0358744394618835,2.242152466367713,22.42152466367713
E00016164,33.047210300429185,11.587982832618026,12.875536480686696,2.1459227467811157,7.296137339055794,33.047210300429185
E00016170,35.416666666666664,9.583333333333334,7.083333333333333,3.3333333333333335,10.833333333333334,33.75
E00016175,47.6,10.4,8.4,1.6,7.2,24.8
E00016181,35.2,12.8,8.8,6.8,9.6,26.8
E00016182,47.41035856573705,10.756972111553784,17.92828685258964,5.179282868525896,1.9920318725099602,16.733067729083665
E00016162,49.75845410628019,8.695652173913043,14.009661835748792,1.932367149758454,3.864734299516908,21.73913043478261
E00016198,43.66197183098591,8.92018779342723,10.328638497652582,5.164319248826291,9.389671361502348,22.535211267605632
E00016202,27.860696517412936,14.925373134328359,6.467661691542289,6.467661691542289,11.940298507462687,32.33830845771144
E00016205,57.72727272727273,6.363636363636363,17.272727272727273,0.9090909090909091,3.6363636363636362,14.090909090909092
E00016208,47.19626168224299,7.94392523364486,10.280373831775702,2.803738317757009,10.74766355140187,21.02803738317757
E00016199,31.858407079646017,11.946902654867257,10.619469026548673,6.1946902654867255,7.079646017699115,32.30088495575221
E00016200,23.448275862068964,13.793103448275861,4.137931034482759,5.517241379310345,11.724137931034482,41.37931034482759
E00016201,24.347826086956523,8.695652173913043,9.565217391304348,6.956521739130435,9.565217391304348,40.869565217391305
E00016203,15.533980582524272,10.194174757281553,8.25242718446602,3.3980582524271843,13.106796116504855,49.51456310679612
E00016207,28.163265306122447,12.653061224489797,8.571428571428571,5.714285714285714,9.795918367346939,35.10204081632653
E00016163,46.86192468619247,7.112970711297071,14.644351464435147,7.949790794979079,5.857740585774058,17.573221757322177
E00016165,49.00990099009901,5.445544554455446,17.326732673267326,1.9801980198019802,2.4752475247524752,23.762376237623762
E00016168,60.78431372549019,5.228758169934641,21.568627450980394,1.3071895424836601,3.2679738562091503,7.8431372549019605
E00016169,32.72727272727273,11.363636363636363,18.181818181818183,0.45454545454545453,1.8181818181818181,35.45454545454545
E00016172,45.7286432160804,9.547738693467336,14.57286432160804,2.512562814070352,11.557788944723619,16.08040201005025
E00016177,45.40816326530612,7.653061224489796,17.346938775510203,0.0,5.612244897959184,23.979591836734695
E00016219,34.375,13.392857142857142,14.285714285714286,3.125,7.589285714285714,27.232142857142858
E00016220,51.36363636363637,12.272727272727273,13.181818181818182,3.1818181818181817,2.272727272727273,17.727272727272727
E00016221,44.97991967871486,9.63855421686747,13.25301204819277,6.827309236947791,5.220883534136546,20.080321285140563
E00016223,43.850267379679146,12.29946524064171,11.764705882352942,3.7433155080213902,5.347593582887701,22.994652406417114
E00016225,47.706422018348626,11.46788990825688,17.431192660550458,2.293577981651376,2.7522935779816513,18.34862385321101
E00016255,62.88659793814433,12.88659793814433,11.34020618556701,3.0927835051546393,1.5463917525773196,8.24742268041237
E00016218,51.41509433962264,6.132075471698113,15.09433962264151,9.433962264150944,4.716981132075472,13.20754716981132
E00016222,40.83044982698962,12.110726643598616,11.764705882352942,3.8062283737024223,10.034602076124568,21.453287197231834
E00016224,50.173010380622834,9.688581314878892,18.33910034602076,1.3840830449826989,5.536332179930795,14.878892733564014
E00016226,37.890625,10.546875,12.109375,4.6875,6.25,28.515625
E00016227,39.375,7.1875,11.25,6.875,4.375,30.9375
E00016228,43.69747899159664,13.025210084033613,13.445378151260504,3.361344537815126,5.46218487394958,21.008403361344538
E00016229,42.13649851632047,11.869436201780415,13.649851632047477,4.747774480712166,4.451038575667655,23.14540059347181
E00016230,40.28268551236749,10.60070671378092,12.36749116607774,6.007067137809187,8.480565371024735,22.261484098939928
E00016231,39.84375,9.375,9.375,5.078125,10.546875,25.78125
E00016232,35.10204081632653,14.285714285714286,12.244897959183673,6.122448979591836,6.122448979591836,26.122448979591837
E00016233,40.3921568627451,13.72549019607843,6.2745098039215685,8.235294117647058,7.450980392156863,23.92156862745098
E00016212,38.9344262295082,13.114754098360656,9.01639344262295,11.475409836065573,5.737704918032787,21.721311475409838
E00016249,31.843575418994412,10.05586592178771,7.82122905027933,4.4692737430167595,7.82122905027933,37.98882681564246
E00016254,33.07984790874525,12.547528517110266,16.730038022813687,8.365019011406844,4.182509505703422,25.09505703422053
E00173952,39.473684210526315,5.7894736842105265,10.0,3.6842105263157894,6.842105263157895,34.21052631578947
E00174016,41.45077720207254,9.844559585492227,9.844559585492227,8.808290155440414,3.1088082901554404,26.94300518134715
E00174022,48.554913294797686,13.294797687861271,6.358381502890174,1.7341040462427746,6.936416184971098,23.121387283236995
E00174008,76.23762376237623,4.9504950495049505,7.425742574257426,1.9801980198019802,3.4653465346534653,5.9405940594059405
E00174010,71.35416666666667,4.6875,6.770833333333333,3.6458333333333335,3.6458333333333335,9.895833333333334
E00174013,69.04761904761905,6.190476190476191,7.619047619047619,2.857142857142857,4.761904761904762,9.523809523809524
E00174015,75.14450867052022,1.1560693641618498,9.826589595375722,2.8901734104046244,4.624277456647399,6.358381502890174
E00174025,74.39613526570048,3.864734299516908,8.695652173913043,0.4830917874396135,3.864734299516908,8.695652173913043
E00174027,74.0,0.6666666666666666,8.666666666666666,1.3333333333333333,2.6666666666666665,12.666666666666666
E00016178,35.79545454545455,15.909090909090908,6.818181818181818,2.840909090909091,5.681818181818182,32.95454545454545
E00016179,49.282296650717704,7.177033492822966,13.397129186602871,4.30622009569378,6.698564593301436,19.138755980861244
E00016180,44.27860696517413,6.467661691542289,14.925373134328359,1.9900497512437811,3.9800995024875623,28.35820895522388
E00016187,52.765957446808514,8.936170212765957,10.212765957446809,2.978723404255319,4.25531914893617,20.851063829787233
E00016189,54.34782608695652,8.695652173913043,12.608695652173912,0.0,1.7391304347826086,22.608695652173914
E00016166,50.0,12.658227848101266,15.822784810126583,3.1645569620253164,3.1645569620253164,15.189873417721518
E00016167,38.13953488372093,9.30232558139535,16.27906976744186,0.9302325581395349,0.9302325581395349,34.41860465116279
E00016171,61.21673003802282,6.844106463878327,12.167300380228136,4.942965779467681,2.661596958174905,12.167300380228136
E00016174,47.95918367346939,9.693877551020408,19.897959183673468,0.5102040816326531,1.530612244897959,20.408163265306122
E00016204,57.075471698113205,6.60377358490566,8.018867924528301,2.358490566037736,5.188679245283019,20.754716981132077
E00016206,51.690821256038646,7.729468599033816,15.942028985507246,2.4154589371980677,2.4154589371980677,19.806763285024154
E00016160,46.30541871921182,11.330049261083744,13.793103448275861,0.49261083743842365,2.955665024630542,25.123152709359605
E00016183,53.883495145631066,8.737864077669903,16.50485436893204,0.970873786407767,0.970873786407767,18.932038834951456
E00016185,42.94117647058823,12.941176470588236,17.647058823529413,1.1764705882352942,1.7647058823529411,23.529411764705884
E00016191,57.36842105263158,4.7368421052631575,11.578947368421053,1.5789473684210527,1.0526315789473684,23.68421052631579
E00016195,54.35897435897436,9.23076923076923,9.23076923076923,1.5384615384615385,2.051282051282051,23.58974358974359
E00016197,63.91304347826087,6.521739130434782,11.73913043478261,3.4782608695652173,3.9130434782608696,10.434782608695652
E00016161,51.41843971631206,8.51063829787234,12.76595744680851,3.5460992907801416,3.5460992907801416,20.21276595744681
E00016190,42.24598930481283,6.951871657754011,5.347593582887701,3.2085561497326203,5.347593582887701,36.898395721925134
E00016192,47.89915966386555,10.92436974789916,9.663865546218487,0.8403361344537815,6.722689075630252,23.949579831932773
E00016193,66.21004566210046,5.0228310502283104,7.30593607305936,3.65296803652968,4.566210045662101,13.242009132420092
E00016194,52.55813953488372,10.232558139534884,9.767441860465116,3.7209302325581395,8.372093023255815,15.348837209302326
E00016196,43.81625441696113,12.720848056537102,9.540636042402827,3.5335689045936394,7.773851590106007,22.614840989399294
E00016905,37.10407239819005,15.384615384615385,8.144796380090497,5.429864253393665,7.239819004524887,26.69683257918552
E00016907,36.24454148471616,11.790393013100436,7.423580786026201,7.860262008733624,7.423580786026201,29.25764192139738
E00016908,36.30573248407644,10.828025477707007,3.821656050955414,5.732484076433121,6.369426751592357,36.94267515923567
E00016910,25.35211267605634,14.084507042253522,7.042253521126761,7.042253521126761,8.92018779342723,37.55868544600939
E00016912,29.166666666666668,13.88888888888889,4.166666666666667,5.555555555555555,9.027777777777779,38.19444444444444
E00016909,33.455882352941174,14.338235294117647,14.705882352941176,3.676470588235294,5.882352941176471,27.941176470588236
E00016911,37.792642140468224,12.709030100334449,9.03010033444816,2.6755852842809364,6.688963210702341,31.103678929765888
E00016913,33.68055555555556,14.583333333333334,12.847222222222221,4.166666666666667,10.416666666666666,24.305555555555557
E00016914,27.027027027027028,18.46846846846847,11.26126126126126,8.108108108108109,9.90990990990991,25.225225225225227
E00016896,46.30350194552529,7.392996108949417,17.898832684824903,3.8910505836575875,3.501945525291829,21.011673151750973
E00016898,53.67965367965368,10.38961038961039,9.956709956709958,2.1645021645021645,3.896103896103896,19.913419913419915
E00016900,45.45454545454545,11.742424242424242,14.772727272727273,4.166666666666667,3.0303030303030303,20.833333333333332
E00016901,41.29032258064516,12.903225806451612,9.67741935483871,5.161290322580645,7.741935483870968,23.225806451612904
E00016904,48.743718592964825,13.06532663316583,8.542713567839195,5.527638190954774,10.050251256281408,14.07035175879397
E00016906,56.71641791044776,9.45273631840796,9.45273631840796,1.492537313432836,3.9800995024875623,18.90547263681592
E00016883,34.3859649122807,12.982456140350877,19.29824561403509,5.964912280701754,8.070175438596491,19.29824561403509
E00016888,39.75903614457831,9.63855421686747,15.261044176706827,6.42570281124498,5.622489959839357,23.29317269076305
E00016891,39.31888544891641,8.978328173374614,16.408668730650156,11.455108359133128,5.572755417956657,18.26625386996904
E00016892,42.023346303501945,10.116731517509727,10.894941634241246,8.171206225680933,6.614785992217898,22.17898832684825
E00016894,34.48275862068966,11.379310344827585,17.586206896551722,15.172413793103448,4.482758620689655,16.896551724137932
E00016880,31.61764705882353,12.867647058823529,9.926470588235293,3.3088235294117645,6.617647058823529,35.661764705882355
E00016897,42.816901408450704,9.859154929577464,11.267605633802816,7.887323943661972,4.225352112676056,23.943661971830984
E00016899,59.84555984555985,8.494208494208495,10.424710424710424,3.861003861003861,1.9305019305019304,15.444015444015443
E00016902,45.81673306772908,10.756972111553784,14.342629482071713,3.187250996015936,5.179282868525896,20.717131474103585
E00016903,49.134948096885815,7.958477508650519,13.494809688581315,3.4602076124567476,4.1522491349480966,21.79930795847751
E00016564,38.46153846153846,13.765182186234817,9.7165991902834,3.6437246963562755,5.2631578947368425,29.149797570850204
E00016567,22.151898734177216,13.291139240506329,9.49367088607595,10.126582278481013,8.227848101265822,36.70886075949367
E00016569,41.39344262295082,10.655737704918034,10.655737704918034,6.147540983606557,4.508196721311475,26.639344262295083
E00016571,45.30612244897959,11.020408163265307,14.285714285714286,4.489795918367347,3.673469387755102,21.224489795918366
E00173700,16.076294277929154,4.087193460490464,4.359673024523161,33.514986376021795,3.8147138964577656,38.14713896457766
E00173702,14.20911528150134,4.825737265415549,6.702412868632708,35.656836461126005,6.166219839142091,32.43967828418231
E00016558,49.27536231884058,10.628019323671497,7.729468599033816,6.280193236714976,7.729468599033816,18.357487922705314
E00016561,44.58874458874459,9.523809523809524,11.255411255411255,4.761904761904762,8.225108225108226,21.645021645021647
E00016566,35.981308411214954,11.214953271028037,11.682242990654206,7.009345794392523,7.94392523364486,26.16822429906542
E00016568,41.666666666666664,6.746031746031746,21.428571428571427,3.9682539682539684,7.142857142857143,19.047619047619047
E00016572,36.07843137254902,14.117647058823529,18.823529411764707,4.313725490196078,5.098039215686274,21.568627450980394
E00016575,52.07373271889401,10.599078341013826,16.589861751152075,2.7649769585253456,7.373271889400922,10.599078341013826
E00016557,41.25,15.0,7.5,11.875,3.75,20.625
E00016559,45.42124542124542,12.087912087912088,8.791208791208792,8.058608058608058,8.058608058608058,17.582417582417584
E00016560,46.688741721854306,7.6158940397351,9.271523178807946,12.913907284768213,4.635761589403973,18.874172185430464
E00016562,47.58364312267658,12.267657992565056,10.780669144981413,5.5762081784386615,4.83271375464684,18.95910780669145
E00016563,39.166666666666664,10.833333333333334,11.25,7.5,6.25,25.0
E00016565,39.00709219858156,12.76595744680851,9.929078014184396,8.51063829787234,4.25531914893617,25.53191489361702
E00016544,42.745098039215684,13.333333333333334,7.8431372549019605,2.3529411764705883,3.5294117647058822,30.19607843137255
E00016574,38.34586466165413,12.781954887218046,10.526315789473685,8.646616541353383,3.3834586466165413,26.31578947368421
E00016576,48.97119341563786,9.053497942386832,11.522633744855968,6.995884773662551,4.526748971193416,18.930041152263374
E00016577,41.81818181818182,8.727272727272727,17.09090909090909,5.090909090909091,5.090909090909091,22.181818181818183
E00016578,44.4954128440367,11.46788990825688,15.596330275229358,6.422018348623853,3.669724770642202,18.34862385321101
E00016635,45.53846153846154,9.846153846153847,8.615384615384615,8.307692307692308,5.230769230769231,22.46153846153846
E00016640,36.27450980392157,7.8431372549019605,4.901960784313726,3.9215686274509802,6.862745098039215,40.19607843137255
E00016641,29.927007299270073,13.503649635036496,8.02919708029197,4.014598540145985,10.94890510948905,33.57664233576642
E00016642,33.0,13.0,6.0,8.333333333333334,5.666666666666667,34.0
E00016643,39.03508771929825,11.403508771929825,8.333333333333334,3.508771929824561,6.140350877192983,31.57894736842105
E00016630,43.66197183098591,8.450704225352112,12.32394366197183,2.816901408450704,7.746478873239437,25.0
E00016647,42.32081911262799,8.873720136518772,8.19112627986348,8.19112627986348,7.508532423208191,24.914675767918087
E00016648,44.44444444444444,11.827956989247312,9.67741935483871,6.451612903225806,7.885304659498208,19.71326164874552
E00016649,30.278884462151396,9.163346613545817,11.55378486055777,10.756972111553784,12.350597609561753,25.89641434262948
E00016651,49.46236559139785,10.394265232974911,7.885304659498208,1.4336917562724014,8.602150537634408,22.22222222222222
E00016629,33.214285714285715,14.285714285714286,4.285714285714286,2.142857142857143,10.0,36.07142857142857
E00016650,36.63793103448276,9.913793103448276,12.931034482758621,4.310344827586207,4.310344827586207,31.896551724137932
E00016652,34.48275862068966,10.344827586206897,9.770114942528735,4.597701149425287,5.747126436781609,35.05747126436781
E00016654,33.333333333333336,7.103825136612022,6.557377049180328,1.639344262295082,13.114754098360656,38.25136612021858
E00016657,35.0,14.5,3.5,2.0,10.5,34.5
E00016633,27.63819095477387,14.57286432160804,10.552763819095478,6.532663316582915,5.527638190954774,35.175879396984925
E00016636,62.926829268292686,9.268292682926829,8.292682926829269,1.951219512195122,3.902439024390244,13.658536585365853
E00016638,56.61764705882353,8.088235294117647,16.176470588235293,0.7352941176470589,2.9411764705882355,15.441176470588236
E00016639,34.25925925925926,13.271604938271604,6.481481481481482,4.62962962962963,6.172839506172839,35.18518518518518
E00016674,47.465437788018434,10.599078341013826,15.2073732718894,4.608294930875576,4.147465437788019,17.972350230414747
E00174018,61.40350877192982,7.894736842105263,9.064327485380117,6.140350877192983,5.2631578947368425,10.23391812865497
E00174019,42.96296296296296,8.148148148148149,4.444444444444445,3.7037037037037037,5.185185185185185,35.55555555555556
E00174021,56.043956043956044,7.6923076923076925,6.593406593406593,4.395604395604396,5.4945054945054945,19.78021978021978
E00016628,42.124542124542124,11.355311355311356,13.553113553113553,4.395604395604396,8.791208791208792,19.78021978021978
E00016637,42.608695652173914,10.434782608695652,9.855072463768115,4.927536231884058,6.086956521739131,26.08695652173913
E00174024,41.048034934497814,8.296943231441048,15.283842794759826,9.170305676855895,4.366812227074236,21.83406113537118
E00174029,47.48858447488585,8.67579908675799,13.698630136986301,3.1963470319634704,5.0228310502283104,21.91780821917808
E00174030,43.67816091954023,10.344827586206897,16.091954022988507,0.5747126436781609,9.195402298850574,20.114942528735632
E00016644,40.50991501416431,11.614730878186968,7.648725212464589,5.949008498583569,6.798866855524079,27.478753541076486
E00016645,40.46052631578947,14.473684210526315,9.868421052631579,2.960526315789474,5.2631578947368425,26.973684210526315
E00016646,38.11074918566775,13.355048859934854,8.143322475570033,3.583061889250814,6.840390879478828,29.96742671009772
E00016584,39.761431411530815,16.898608349900595,14.711729622266402,5.566600397614314,3.9761431411530817,19.08548707753479
E00016596,49.35622317596567,9.871244635193133,12.446351931330472,3.4334763948497855,4.721030042918455,20.17167381974249
E00016598,44.67005076142132,8.375634517766498,10.406091370558375,4.060913705583756,6.598984771573604,25.888324873096447
E00016623,58.65384615384615,11.538461538461538,8.012820512820513,6.410256410256411,4.166666666666667,11.217948717948717
E00174036,40.588235294117645,11.176470588235293,8.235294117647058,1.7647058823529411,5.294117647058823,32.94117647058823
E00174038,52.84552845528455,12.466124661246612,11.924119241192411,4.336043360433604,2.4390243902439024,15.989159891598916
E00016585,47.88732394366197,8.450704225352112,10.328638497652582,2.347417840375587,6.103286384976526,24.88262910798122
E00016593,44.07216494845361,11.082474226804123,13.144329896907216,4.123711340206185,6.443298969072165,21.1340206185567
E00016600,44.98141263940521,16.728624535315983,15.985130111524164,1.858736059479554,2.973977695167286,17.472118959107807
E00016602,51.69491525423729,12.288135593220339,16.10169491525424,0.423728813559322,3.389830508474576,16.10169491525424
E00016624,54.80769230769231,8.173076923076923,14.903846153846153,2.4038461538461537,6.25,13.461538461538462
E00016625,55.06072874493927,12.550607287449393,10.931174089068826,1.214574898785425,2.834008097165992,17.408906882591094
E00016587,39.33933933933934,10.21021021021021,9.90990990990991,4.504504504504505,7.207207207207207,28.82882882882883
E00016594,54.6875,9.765625,10.9375,0.78125,4.6875,19.140625
E00016605,49.112426035502956,11.538461538461538,6.804733727810651,5.621301775147929,7.6923076923076925,19.23076923076923
E00016608,55.828220858895705,6.748466257668712,11.656441717791411,3.6809815950920246,4.294478527607362,17.791411042944784
E00016626,47.69230769230769,13.461538461538462,9.23076923076923,1.1538461538461537,3.4615384615384617,25.0
E00016589,37.01923076923077,19.23076923076923,7.6923076923076925,0.0,5.288461538461538,30.76923076923077
E00016595,31.791907514450866,14.45086705202312,5.202312138728324,2.3121387283236996,10.404624277456648,35.83815028901734
E00016597,31.03448275862069,11.03448275862069,8.275862068965518,4.827586206896552,9.655172413793103,35.172413793103445
E00016599,39.301310043668124,10.480349344978166,11.353711790393014,4.8034934497816595,7.860262008733624,26.200873362445414
E00016601,30.901287553648068,14.163090128755364,5.579399141630901,5.150214592274678,6.008583690987124,38.197424892703864
E00016607,52.054794520547944,10.95890410958904,7.534246575342466,2.73972602739726,3.4246575342465753,23.28767123287671
E00016573,50.0,8.73015873015873,16.26984126984127,3.1746031746031744,3.9682539682539684,17.857142857142858
E00016579,40.0,8.571428571428571,13.214285714285714,1.7857142857142858,7.5,28.928571428571427
E00016580,42.121212121212125,10.303030303030303,9.696969696969697,7.2727272727272725,3.3333333333333335,27.272727272727273
E00016581,41.0958904109589,10.41095890410959,10.41095890410959,4.383561643835616,5.47945205479452,28.21917808219178
E00016582,37.26027397260274,8.219178082191782,11.232876712328768,9.04109589041096,4.383561643835616,29.863013698630137
E00016546,45.11278195488722,12.406015037593985,14.285714285714286,4.135338345864661,4.511278195488722,19.548872180451127
E00016547,44.510385756676556,16.023738872403563,10.385756676557863,5.9347181008902075,4.747774480712166,18.397626112759642
E00016548,39.76833976833977,13.127413127413128,15.444015444015443,3.861003861003861,4.2471042471042475,23.55212355212355
E00016550,45.220588235294116,15.441176470588236,9.926470588235293,5.514705882352941,3.3088235294117645,20.58823529411765
E00016583,42.71356783919598,9.547738693467336,10.050251256281408,3.0150753768844223,8.040201005025125,26.633165829145728
E00016542,36.96498054474708,12.062256809338521,11.284046692607005,5.836575875486381,8.560311284046692,25.291828793774318
E00016552,29.545454545454547,13.636363636363637,9.090909090909092,3.6363636363636362,5.909090909090909,38.18181818181818
E00016554,43.10344827586207,12.068965517241379,10.775862068965518,2.586206896551724,6.896551724137931,24.56896551724138
E00016555,29.493087557603687,11.52073732718894,6.912442396313364,3.686635944700461,6.912442396313364,41.474654377880185
E00016556,32.96296296296296,9.62962962962963,14.074074074074074,5.925925925925926,3.3333333333333335,34.074074074074076
E00016543,44.28044280442804,10.70110701107011,14.391143911439114,2.5830258302583027,4.797047970479705,23.247232472324722
E00016545,41.42259414225941,10.878661087866108,9.623430962343097,5.02092050209205,8.368200836820083,24.686192468619247
E00016549,45.12635379061372,12.274368231046932,12.635379061371841,3.9711191335740073,3.2490974729241877,22.743682310469314
E00016551,38.3177570093458,13.39563862928349,11.214953271028037,3.115264797507788,3.7383177570093458,30.218068535825545
E00016553,41.19850187265918,13.857677902621722,13.857677902621722,3.745318352059925,5.2434456928838955,22.09737827715356
E00016335,49.44444444444444,13.333333333333334,11.11111111111111,2.2222222222222223,4.444444444444445,19.444444444444443
E00016336,38.28996282527881,10.780669144981413,13.382899628252789,3.345724907063197,3.717472118959108,30.483271375464685
E00016339,41.77215189873418,11.39240506329114,18.9873417721519,3.7974683544303796,4.219409282700422,19.831223628691983
E00016340,47.808764940239044,12.350597609561753,14.342629482071713,1.9920318725099602,4.382470119521912,19.12350597609562
E00016341,44.0,11.11111111111111,14.222222222222221,3.5555555555555554,6.666666666666667,20.444444444444443
E00016309,40.08097165991903,10.526315789473685,10.931174089068826,6.0728744939271255,6.0728744939271255,26.31578947368421
E00016323,38.095238095238095,8.994708994708995,11.640211640211641,3.7037037037037037,6.349206349206349,31.21693121693122
E00016324,39.48220064724919,10.032362459546926,17.15210355987055,6.472491909385114,3.559870550161812,23.300970873786408
E00016325,43.65079365079365,13.492063492063492,13.492063492063492,2.7777777777777777,3.1746031746031744,23.41269841269841
E00016327,41.77215189873418,11.814345991561181,15.189873417721518,4.641350210970464,6.751054852320675,19.831223628691983
