OA11CD,Rural Urban,Total,Part-time: Total,Part-time: 15 hours or less worked,Part-time: 16 to 30 hours worked,Full-time: Total,Full-time: 31 to 48 hours worked,Full-time: 49 or more hours worked
E00016403,Total,145,45,10,35,100,87,13
E00016437,Total,184,71,26,45,113,100,13
E00016439,Total,157,45,21,24,112,100,12
E00016442,Total,135,52,12,40,83,77,6
E00016399,Total,158,63,25,38,95,83,12
E00016401,Total,165,38,9,29,127,108,19
E00016406,Total,112,50,13,37,62,50,12
E00016435,Total,160,46,14,32,114,97,17
E00016395,Total,152,42,19,23,110,92,18
E00016404,Total,206,50,23,27,156,120,36
E00016405,Total,200,35,13,22,165,132,33
E00016408,Total,117,9,4,5,108,81,27
E00016410,Total,219,43,18,25,176,138,38
E00016438,Total,183,24,9,15,159,132,27
E00016398,Total,130,27,10,17,103,88,15
E00016431,Total,121,24,13,11,97,84,13
E00016432,Total,199,44,15,29,155,123,32
E00016434,Total,168,49,14,35,119,106,13
E00173943,Total,155,32,17,15,123,110,13
E00173946,Total,250,22,9,13,228,169,59
E00016397,Total,331,46,23,23,285,212,73
E00016433,Total,153,26,11,15,127,89,38
E00016436,Total,101,24,7,17,77,59,18
E00016440,Total,114,39,10,29,75,58,17
E00016441,Total,206,58,21,37,148,117,31
E00016412,Total,190,53,23,30,137,114,23
E00016414,Total,150,49,13,36,101,86,15
E00016418,Total,196,49,13,36,147,123,24
E00016422,Total,111,40,15,25,71,62,9
E00016402,Total,112,32,8,24,80,70,10
E00016407,Total,146,28,8,20,118,101,17
E00016409,Total,159,42,11,31,117,103,14
E00016411,Total,210,43,13,30,167,135,32
E00016413,Total,108,27,9,18,81,67,14
E00016415,Total,130,40,5,35,90,79,11
E00016416,Total,93,31,10,21,62,50,12
E00016419,Total,137,47,14,33,90,77,13
E00016420,Total,105,43,7,36,62,52,10
E00173947,Total,126,36,11,25,90,72,18
E00173948,Total,163,55,17,38,108,79,29
E00016417,Total,116,54,15,39,62,53,9
E00016421,Total,108,49,18,31,59,45,14
E00016423,Total,122,45,12,33,77,68,9
E00016424,Total,105,42,10,32,63,52,11
E00016427,Total,72,25,11,14,47,35,12
E00016396,Total,102,32,11,21,70,59,11
E00016426,Total,138,44,15,29,94,75,19
E00016428,Total,195,58,22,36,137,108,29
E00016429,Total,140,38,10,28,102,83,19
E00016430,Total,105,33,12,21,72,61,11
E00016680,Total,147,42,19,23,105,78,27
E00016716,Total,187,49,12,37,138,121,17
E00016717,Total,112,31,8,23,81,64,17
E00016719,Total,110,35,9,26,75,67,8
E00016720,Total,170,42,12,30,128,100,28
E00016725,Total,119,30,10,20,89,70,19
E00016706,Total,103,41,16,25,62,49,13
E00016708,Total,139,41,12,29,98,87,11
E00016709,Total,187,65,20,45,122,104,18
E00016714,Total,132,50,13,37,82,73,9
E00016715,Total,180,47,24,23,133,112,21
E00016675,Total,145,36,12,24,109,79,30
E00016677,Total,201,79,46,33,122,110,12
E00016683,Total,211,35,10,25,176,149,27
E00016697,Total,143,63,20,43,80,70,10
E00173940,Total,197,56,22,34,141,111,30
E00173949,Total,266,74,29,45,192,153,39
E00016684,Total,144,30,9,21,114,107,7
E00016687,Total,116,14,6,8,102,88,14
E00016694,Total,146,58,19,39,88,75,13
E00016718,Total,98,38,18,20,60,52,8
E00016721,Total,99,31,9,22,68,60,8
E00016723,Total,117,39,6,33,78,63,15
E00016679,Total,106,23,7,16,83,65,18
E00016689,Total,143,43,20,23,100,86,14
E00016693,Total,144,47,19,28,97,65,32
E00016701,Total,122,34,15,19,88,76,12
E00173939,Total,84,30,13,17,54,46,8
E00016210,Total,141,48,16,32,93,88,5
E00016239,Total,180,56,25,31,124,114,10
E00016240,Total,79,33,16,17,46,38,8
E00016241,Total,138,32,8,24,106,91,15
E00016245,Total,108,39,11,28,69,58,11
E00016211,Total,109,41,9,32,68,60,8
E00016213,Total,173,49,17,32,124,106,18
E00016244,Total,224,72,19,53,152,132,20
E00016250,Total,134,35,17,18,99,92,7
E00174011,Total,79,21,10,11,58,45,13
E00174032,Total,262,101,29,72,161,143,18
E00174033,Total,57,21,3,18,36,31,5
E00016216,Total,232,77,27,50,155,117,38
E00016236,Total,245,57,18,39,188,146,42
E00016246,Total,160,48,18,30,112,103,9
E00016248,Total,220,43,14,29,177,141,36
E00016252,Total,207,56,26,30,151,121,30
E00016214,Total,222,57,20,37,165,130,35
E00016215,Total,199,44,21,23,155,129,26
E00016217,Total,226,47,11,36,179,134,45
E00016237,Total,154,47,15,32,107,85,22
E00016247,Total,163,47,19,28,116,95,21
E00016253,Total,167,40,13,27,127,101,26
E00016209,Total,205,76,24,52,129,110,19
E00016235,Total,192,48,16,32,144,121,23
E00016238,Total,235,74,32,42,161,136,25
E00173941,Total,219,102,65,37,117,90,27
E00173942,Total,135,54,28,26,81,66,15
E00016881,Total,110,38,12,26,72,60,12
E00016915,Total,131,49,15,34,82,69,13
E00016916,Total,122,37,10,27,85,71,14
E00016920,Total,113,38,11,27,75,65,10
E00173950,Total,133,35,10,25,98,88,10
E00173951,Total,128,46,13,33,82,72,10
E00016921,Total,138,43,17,26,95,82,13
E00016922,Total,159,41,17,24,118,95,23
E00016923,Total,201,72,40,32,129,116,13
E00016925,Total,280,65,21,44,215,162,53
E00016926,Total,167,46,13,33,121,102,19
E00016917,Total,282,81,33,48,201,179,22
E00016918,Total,245,74,25,49,171,142,29
E00016919,Total,194,59,27,32,135,112,23
E00016924,Total,240,75,37,38,165,122,43
E00016927,Total,179,38,13,25,141,112,29
E00016879,Total,248,69,22,47,179,139,40
E00016884,Total,194,57,27,30,137,106,31
E00016886,Total,213,63,22,41,150,126,24
E00016893,Total,196,55,18,37,141,108,33
E00016885,Total,165,49,23,26,116,93,23
E00016887,Total,122,37,7,30,85,74,11
E00016889,Total,137,44,16,28,93,75,18
E00016890,Total,136,41,18,23,95,86,9
E00016895,Total,166,48,12,36,118,85,33
E00016159,Total,150,27,7,20,123,91,32
E00016173,Total,166,41,11,30,125,93,32
E00016176,Total,208,40,15,25,168,109,59
E00016184,Total,176,39,17,22,137,106,31
E00016186,Total,184,29,11,18,155,119,36
E00016188,Total,165,34,18,16,131,90,41
E00016164,Total,139,40,12,28,99,74,25
E00016170,Total,131,36,15,21,95,85,10
E00016175,Total,169,39,14,25,130,104,26
E00016181,Total,157,55,20,35,102,80,22
E00016182,Total,202,48,15,33,154,104,50
E00016162,Total,152,28,8,20,124,87,37
E00016198,Total,143,30,6,24,113,85,28
E00016202,Total,107,38,11,27,69,58,11
E00016205,Total,181,28,11,17,153,103,50
E00016208,Total,144,21,10,11,123,104,19
E00016199,Total,133,38,10,28,95,79,16
E00016200,Total,66,30,11,19,36,34,2
E00016201,Total,54,21,7,14,33,30,3
E00016203,Total,75,35,8,27,40,32,8
E00016207,Total,132,46,11,35,86,70,16
E00016163,Total,176,47,13,34,129,96,33
E00016165,Total,149,27,14,13,122,71,51
E00016168,Total,136,16,7,9,120,88,32
E00016169,Total,138,38,17,21,100,63,37
E00016172,Total,144,32,11,21,112,87,25
E00016177,Total,138,27,1,26,111,77,34
E00016219,Total,146,52,12,40,94,78,16
E00016220,Total,176,42,8,34,134,109,25
E00016221,Total,181,40,9,31,141,111,30
E00016223,Total,132,32,6,26,100,78,22
E00016225,Total,170,43,12,31,127,97,30
E00016255,Total,174,38,10,28,136,115,21
E00016218,Total,168,38,15,23,130,114,16
E00016222,Total,196,56,18,38,140,108,32
E00016224,Total,230,47,9,38,183,145,38
E00016226,Total,163,44,12,32,119,106,13
E00016227,Total,197,48,19,29,149,124,25
E00016228,Total,173,45,7,38,128,96,32
E00016229,Total,241,59,15,44,182,145,37
E00016230,Total,189,50,18,32,139,118,21
E00016231,Total,155,35,10,25,120,103,17
E00016232,Total,163,56,14,42,107,81,26
E00016233,Total,173,51,18,33,122,105,17
E00016212,Total,172,48,9,39,124,109,15
E00016249,Total,97,27,7,20,70,60,10
E00016254,Total,186,58,18,40,128,96,32
E00173952,Total,108,24,4,20,84,73,11
E00174016,Total,132,31,13,18,101,82,19
E00174022,Total,120,30,9,21,90,68,22
E00174008,Total,182,17,7,10,165,128,37
E00174010,Total,166,18,3,15,148,123,25
E00174013,Total,179,20,5,15,159,120,39
E00174015,Total,154,8,5,3,146,109,37
E00174025,Total,181,14,6,8,167,137,30
E00174027,Total,127,4,0,4,123,83,40
E00016178,Total,108,40,13,27,68,44,24
E00016179,Total,151,30,7,23,121,87,34
E00016180,Total,135,27,12,15,108,71,37
E00016187,Total,173,29,11,18,144,83,61
E00016189,Total,174,26,11,15,148,88,60
E00016166,Total,127,26,8,18,101,71,30
E00016167,Total,139,35,16,19,104,55,49
E00016171,Total,223,37,14,23,186,127,59
E00016174,Total,152,27,10,17,125,71,54
E00016204,Total,157,25,11,14,132,100,32
E00016206,Total,161,29,14,15,132,97,35
E00016160,Total,146,34,15,19,112,91,21
E00016183,Total,165,32,12,20,133,94,39
E00016185,Total,127,34,18,16,93,74,19
E00016191,Total,142,18,5,13,124,90,34
E00016195,Total,143,21,8,13,122,96,26
E00016197,Total,197,30,9,21,167,133,34
E00016161,Total,213,42,15,27,171,128,43
E00016190,Total,107,18,7,11,89,66,23
E00016192,Total,165,35,11,24,130,116,14
E00016193,Total,179,19,3,16,160,128,32
E00016194,Total,162,37,9,28,125,106,19
E00016196,Total,195,52,18,34,143,105,38
E00016905,Total,144,51,17,34,93,88,5
E00016907,Total,139,43,18,25,96,83,13
E00016908,Total,88,25,12,13,63,60,3
E00016910,Total,109,44,10,34,65,52,13
E00016912,Total,76,28,9,19,48,40,8
E00016909,Total,176,73,25,48,103,88,15
E00016911,Total,182,51,13,38,131,104,27
E00016913,Total,187,64,22,42,123,111,12
E00016914,Total,136,52,10,42,84,68,16
E00016896,Total,194,39,10,29,155,132,23
E00016898,Total,173,34,12,22,139,116,23
E00016900,Total,197,47,10,37,150,125,25
E00016901,Total,103,28,10,18,75,57,18
E00016904,Total,146,39,15,24,107,94,13
E00016906,Total,154,29,8,21,125,105,20
E00016883,Total,207,63,29,34,144,114,30
E00016888,Total,175,36,11,25,139,113,26
E00016891,Total,243,54,25,29,189,135,54
E00016892,Total,181,45,23,22,136,103,33
E00016894,Total,223,72,30,42,151,133,18
E00016880,Total,155,50,13,37,105,89,16
E00016897,Total,251,59,24,35,192,158,34
E00016899,Total,214,36,11,25,178,142,36
E00016902,Total,183,39,15,24,144,120,24
E00016903,Total,210,38,9,29,172,143,29
E00016564,Total,161,47,16,31,114,94,20
E00016567,Total,80,28,5,23,52,50,2
E00016569,Total,164,38,8,30,126,109,17
E00016571,Total,184,52,11,41,132,110,22
E00173700,Total,143,52,27,25,91,77,14
E00173702,Total,148,52,21,31,96,75,21
E00016558,Total,151,38,9,29,113,94,19
E00016561,Total,161,35,12,23,126,106,20
E00016566,Total,137,39,19,20,98,77,21
E00016568,Total,184,47,20,27,137,97,40
E00016572,Total,183,64,25,39,119,95,24
E00016575,Total,176,40,14,26,136,107,29
E00016557,Total,116,38,10,28,78,69,9
E00016559,Total,198,52,14,38,146,125,21
E00016560,Total,224,54,18,36,170,141,29
E00016562,Total,203,49,14,35,154,119,35
E00016563,Total,161,42,13,29,119,95,24
E00016565,Total,191,53,24,29,138,105,33
E00016544,Total,169,45,19,26,124,101,23
E00016574,Total,185,47,17,30,138,120,18
E00016576,Total,184,47,18,29,137,115,22
E00016577,Total,196,52,21,31,144,115,29
E00016578,Total,169,42,8,34,127,110,17
E00016635,Total,228,53,20,33,175,145,30
E00016640,Total,105,22,7,15,83,74,9
E00016641,Total,151,56,18,38,95,82,13
E00016642,Total,168,52,15,37,116,105,11
E00016643,Total,139,36,8,28,103,89,14
E00016630,Total,188,37,12,25,151,114,37
E00016647,Total,194,41,13,28,153,117,36
E00016648,Total,199,44,16,28,155,130,25
E00016649,Total,151,47,16,31,104,91,13
E00016651,Total,190,31,7,24,159,130,29
E00016629,Total,148,47,15,32,101,90,11
E00016650,Total,148,35,13,22,113,96,17
E00016652,Total,102,30,12,18,72,63,9
E00016654,Total,87,16,3,13,71,59,12
E00016657,Total,110,35,9,26,75,64,11
E00016633,Total,115,43,18,25,72,61,11
E00016636,Total,167,26,8,18,141,119,22
E00016638,Total,111,20,7,13,91,77,14
E00016639,Total,185,50,12,38,135,118,17
E00016674,Total,167,38,10,28,129,103,26
E00174018,Total,284,40,18,22,244,204,40
E00174019,Total,78,13,4,9,65,59,6
E00174021,Total,68,11,5,6,57,50,7
E00016628,Total,195,52,17,35,143,122,21
E00016637,Total,228,47,14,33,181,148,33
E00174024,Total,166,25,7,18,141,111,30
E00174029,Total,157,32,7,25,125,103,22
E00174030,Total,123,29,5,24,94,76,18
E00016644,Total,218,53,18,35,165,150,15
E00016645,Total,203,57,19,38,146,112,34
E00016646,Total,191,54,19,35,137,112,25
E00016584,Total,385,138,50,88,247,191,56
E00016596,Total,175,39,12,27,136,106,30
E00016598,Total,263,60,21,39,203,167,36
E00016623,Total,262,45,14,31,217,181,36
E00174036,Total,105,28,9,19,77,66,11
E00174038,Total,293,76,18,58,217,183,34
E00016585,Total,145,31,13,18,114,93,21
E00016593,Total,278,69,20,49,209,155,54
E00016600,Total,213,62,16,46,151,108,43
E00016602,Total,189,41,10,31,148,111,37
E00016624,Total,167,31,8,23,136,114,22
E00016625,Total,196,44,17,27,152,125,27
E00016587,Total,208,57,20,37,151,121,30
E00016594,Total,195,33,11,22,162,136,26
E00016605,Total,240,60,15,45,180,145,35
E00016608,Total,127,22,5,17,105,89,16
E00016626,Total,186,46,17,29,140,108,32
E00016589,Total,133,49,12,37,84,66,18
E00016595,Total,91,29,5,24,62,55,7
E00016597,Total,78,25,5,20,53,43,10
E00016599,Total,151,35,11,24,116,89,27
E00016601,Total,128,48,16,32,80,68,12
E00016607,Total,107,19,4,15,88,77,11
E00016573,Total,196,45,16,29,151,119,32
E00016579,Total,177,37,8,29,140,109,31
E00016580,Total,222,59,26,33,163,136,27
E00016581,Total,241,58,23,35,183,133,50
E00016582,Total,231,68,27,41,163,132,31
E00016546,Total,200,53,17,36,147,116,31
E00016547,Total,257,75,23,52,182,143,39
E00016548,Total,183,54,16,38,129,107,22
E00016550,Total,205,54,15,39,151,124,27
E00016583,Total,128,27,8,19,101,78,23
E00016542,Total,164,47,21,26,117,102,15
E00016552,Total,122,46,17,29,76,66,10
E00016554,Total,157,37,12,25,120,96,24
E00016555,Total,108,33,11,22,75,64,11
E00016556,Total,163,45,14,31,118,99,19
E00016543,Total,194,47,17,30,147,119,28
E00016545,Total,158,43,13,30,115,89,26
E00016549,Total,205,53,21,32,152,121,31
E00016551,Total,206,55,16,39,151,112,39
E00016553,Total,191,62,25,37,129,106,23
E00016335,Total,137,34,15,19,103,91,12
E00016336,Total,174,43,11,32,131,109,22
E00016339,Total,174,43,14,29,131,100,31
E00016340,Total,190,42,14,28,148,118,30
E00016341,Total,164,43,14,29,121,105,16
E00016309,Total,161,42,16,26,119,96,23
E00016323,Total,116,31,14,17,85,75,10
E00016324,Total,223,54,20,34,169,133,36
E00016325,Total,183,50,22,28,133,110,23
E00016327,Total,171,41,8,33,130,115,15
E00016326,Total,172,39,9,30,133,106,27
E00016329,Total,190,40,12,28,150,111,39
E00016332,Total,188,63,23,40,125,94,31
E00016333,Total,156,40,13,27,116,101,15
E00016337,Total,181,53,17,36,128,111,17
E00016311,Total,173,43,12,31,130,110,20
E00016328,Total,173,47,15,32,126,102,24
E00016330,Total,125,26,5,21,99,83,16
E00016331,Total,183,50,9,41,133,119,14
E00016334,Total,242,66,17,49,176,147,29
E00016613,Total,224,69,20,49,155,133,22
E00016614,Total,146,48,15,33,98,82,16
E00016615,Total,170,43,14,29,127,99,28
E00016618,Total,99,32,9,23,67,61,6
E00016621,Total,99,38,7,31,61,59,2
E00016609,Total,148,26,7,19,122,98,24
E00016617,Total,172,39,13,26,133,96,37
E00016619,Total,152,34,12,22,118,101,17
E00016620,Total,164,39,14,25,125,102,23
E00016622,Total,127,34,9,25,93,79,14
E00016588,Total,191,45,16,29,146,123,23
E00016592,Total,211,49,14,35,162,135,27
E00016604,Total,101,16,6,10,85,71,14
E00016611,Total,140,27,8,19,113,98,15
E00016612,Total,110,37,14,23,73,57,16
E00016616,Total,152,37,9,28,115,98,17
E00016590,Total,237,48,20,28,189,154,35
E00016591,Total,165,48,13,35,117,81,36
E00016603,Total,266,55,26,29,211,146,65
E00016606,Total,237,50,13,37,187,153,34
E00016610,Total,182,31,8,23,151,125,26
E00016653,Total,175,30,9,21,145,107,38
E00016655,Total,175,44,18,26,131,96,35
E00016656,Total,182,51,19,32,131,104,27
E00016662,Total,158,32,10,22,126,107,19
E00016664,Total,223,34,12,22,189,148,41
E00016631,Total,176,39,13,26,137,113,24
E00016658,Total,114,32,10,22,82,69,13
E00016659,Total,123,21,4,17,102,83,19
E00016660,Total,174,32,12,20,142,106,36
E00016663,Total,185,44,15,29,141,118,23
E00016632,Total,155,38,12,26,117,90,27
E00016666,Total,150,43,14,29,107,88,19
E00016667,Total,212,68,30,38,144,120,24
E00016669,Total,109,26,4,22,83,71,12
E00016673,Total,162,62,22,40,100,85,15
E00016668,Total,123,31,10,21,92,76,16
E00016670,Total,125,37,15,22,88,78,10
E00016671,Total,81,21,6,15,60,53,7
E00016672,Total,171,49,24,25,122,104,18
E00173708,Total,117,14,5,9,103,84,19
E00173710,Total,145,22,6,16,123,101,22
E00016661,Total,160,37,8,29,123,99,24
E00173936,Total,114,32,6,26,82,74,8
E00173937,Total,154,16,3,13,138,117,21
E00173938,Total,230,22,9,13,208,166,42
E00174035,Total,171,17,7,10,154,140,14
E00016796,Total,166,43,11,32,123,115,8
E00016799,Total,187,61,27,34,126,110,16
E00016804,Total,167,53,27,26,114,95,19
E00016805,Total,161,62,24,38,99,86,13
E00016806,Total,126,34,12,22,92,81,11
E00016781,Total,119,31,12,19,88,77,11
E00016793,Total,120,48,19,29,72,58,14
E00016794,Total,100,27,5,22,73,64,9
E00016801,Total,117,28,15,13,89,82,7
E00016803,Total,111,21,6,15,90,83,7
E00016808,Total,98,36,14,22,62,54,8
E00016813,Total,167,44,13,31,123,107,16
E00016814,Total,153,43,11,32,110,89,21
E00016815,Total,134,37,15,22,97,77,20
E00016818,Total,140,44,23,21,96,84,12
E00016819,Total,123,37,12,25,86,73,13
E00016778,Total,171,46,17,29,125,109,16
E00016788,Total,124,38,12,26,86,78,8
E00016791,Total,143,43,14,29,100,77,23
E00016800,Total,106,36,14,22,70,63,7
E00016820,Total,109,37,19,18,72,64,8
E00016823,Total,113,30,8,22,83,74,9
E00016300,Total,190,58,16,42,132,109,23
E00016310,Total,143,44,17,27,99,81,18
E00016312,Total,199,57,22,35,142,116,26
E00016343,Total,210,52,24,28,158,121,37
E00016344,Total,277,72,26,46,205,172,33
E00016301,Total,223,42,16,26,181,133,48
E00016302,Total,147,35,15,20,112,90,22
E00016316,Total,175,40,12,28,135,109,26
E00016338,Total,228,54,13,41,174,142,32
E00016342,Total,158,41,17,24,117,97,20
E00016303,Total,215,41,6,35,174,147,27
E00016304,Total,215,36,3,33,179,137,42
E00016313,Total,143,27,9,18,116,85,31
E00016318,Total,161,30,10,20,131,102,29
E00016345,Total,154,36,13,23,118,93,25
E00016307,Total,154,42,17,25,112,97,15
E00016314,Total,119,34,8,26,85,74,11
E00016319,Total,98,23,6,17,75,63,12
E00016321,Total,158,42,21,21,116,94,22
E00016322,Total,174,37,12,25,137,117,20
E00016305,Total,135,44,16,28,91,75,16
E00016306,Total,169,43,12,31,126,108,18
E00016308,Total,157,42,11,31,115,97,18
E00016315,Total,230,46,15,31,184,153,31
E00016317,Total,152,43,10,33,109,89,20
E00016320,Total,153,40,12,28,113,102,11
E00016779,Total,122,50,12,38,72,61,11
E00016789,Total,185,49,13,36,136,115,21
E00016797,Total,208,54,19,35,154,131,23
E00016798,Total,173,36,13,23,137,117,20
E00016821,Total,191,50,10,40,141,119,22
E00016780,Total,184,61,10,51,123,108,15
E00016782,Total,199,52,16,36,147,133,14
E00016790,Total,76,23,9,14,53,45,8
E00016792,Total,170,42,10,32,128,110,18
E00016795,Total,143,44,18,26,99,83,16
E00016783,Total,181,52,15,37,129,104,25
E00016802,Total,193,68,18,50,125,106,19
E00016807,Total,219,73,27,46,146,127,19
E00016809,Total,182,42,18,24,140,115,25
E00016810,Total,197,71,20,51,126,106,20
E00016784,Total,135,34,9,25,101,81,20
E00016811,Total,168,43,12,31,125,104,21
E00016812,Total,168,64,22,42,104,85,19
E00016816,Total,101,25,5,20,76,68,8
E00016817,Total,127,27,5,22,100,87,13
E00016785,Total,84,27,12,15,57,50,7
E00016786,Total,125,24,5,19,101,90,11
E00016787,Total,180,67,21,46,113,98,15
E00016822,Total,152,50,17,33,102,88,14
E00016824,Total,125,38,13,25,87,75,12
E00016445,Total,165,33,12,21,132,109,23
E00016448,Total,184,55,14,41,129,103,26
E00016452,Total,167,47,21,26,120,88,32
E00016454,Total,150,40,10,30,110,88,22
E00016455,Total,142,37,11,26,105,84,21
E00016446,Total,222,41,17,24,181,127,54
E00016453,Total,117,32,6,26,85,64,21
E00016456,Total,160,34,8,26,126,107,19
E00016457,Total,191,36,11,25,155,119,36
E00016462,Total,169,30,6,24,139,108,31
E00173944,Total,190,27,5,22,163,126,37
E00173945,Total,156,35,13,22,121,93,28
E00016444,Total,177,55,17,38,122,82,40
E00016484,Total,220,56,19,37,164,112,52
E00016485,Total,107,33,13,20,74,66,8
E00016488,Total,158,44,13,31,114,85,29
E00016489,Total,244,100,26,74,144,114,30
E00016443,Total,178,57,19,38,121,93,28
E00016483,Total,147,29,8,21,118,99,19
E00016486,Total,194,52,18,34,142,108,34
E00016487,Total,134,35,8,27,99,74,25
E00016491,Total,141,29,8,21,112,96,16
E00016449,Total,152,38,11,27,114,98,16
E00016450,Total,130,37,12,25,93,73,20
E00016451,Total,182,55,25,30,127,104,23
E00016490,Total,160,34,8,26,126,107,19
E00016492,Total,117,29,7,22,88,71,17
E00016281,Total,164,47,13,34,117,103,14
E00016290,Total,141,39,13,26,102,92,10
E00016292,Total,154,42,15,27,112,96,16
E00016293,Total,163,48,15,33,115,96,19
E00016295,Total,177,50,22,28,127,114,13
E00016258,Total,181,43,6,37,138,123,15
E00016259,Total,155,23,8,15,132,116,16
E00016298,Total,221,60,17,43,161,135,26
E00016299,Total,191,60,18,42,131,104,27
E00016274,Total,132,33,9,24,99,82,17
E00016276,Total,184,44,7,37,140,115,25
E00016277,Total,166,48,18,30,118,100,18
E00016278,Total,152,42,16,26,110,88,22
E00016285,Total,139,36,10,26,103,80,23
E00016256,Total,141,41,14,27,100,80,20
E00016284,Total,156,50,15,35,106,88,18
E00016286,Total,168,44,19,25,124,112,12
E00016296,Total,151,42,10,32,109,89,20
E00016297,Total,139,36,14,22,103,93,10
E00016275,Total,177,53,15,38,124,110,14
E00016279,Total,156,49,23,26,107,93,14
E00016280,Total,131,40,11,29,91,84,7
E00016283,Total,191,49,17,32,142,121,21
E00016287,Total,170,36,12,24,134,114,20
E00016513,Total,157,38,8,30,119,106,13
E00016514,Total,93,22,5,17,71,58,13
E00016515,Total,120,38,16,22,82,67,15
E00016516,Total,108,34,13,21,74,65,9
E00016519,Total,127,34,19,15,93,83,10
E00016521,Total,114,36,13,23,78,67,11
E00016493,Total,184,63,18,45,121,94,27
E00016499,Total,154,47,11,36,107,88,19
E00016502,Total,142,41,14,27,101,84,17
E00016503,Total,124,15,2,13,109,85,24
E00016507,Total,143,35,12,23,108,95,13
E00016540,Total,154,37,14,23,117,103,14
E00016498,Total,295,88,33,55,207,169,38
E00016500,Total,119,32,11,21,87,73,14
E00016505,Total,149,33,10,23,116,89,27
E00016541,Total,191,51,15,36,140,112,28
E00016494,Total,202,36,15,21,166,145,21
E00016495,Total,143,30,6,24,113,91,22
E00016501,Total,209,56,15,41,153,126,27
E00016508,Total,172,43,11,32,129,113,16
E00016511,Total,187,49,15,34,138,104,34
E00016504,Total,159,46,13,33,113,82,31
E00016506,Total,194,49,16,33,145,123,22
E00016509,Total,210,69,13,56,141,111,30
E00016510,Total,151,39,10,29,112,102,10
E00016512,Total,187,53,20,33,134,101,33
E00016750,Total,159,27,9,18,132,109,23
E00016752,Total,178,41,12,29,137,111,26
E00016753,Total,136,34,12,22,102,86,16
E00016758,Total,117,28,5,23,89,76,13
E00016763,Total,186,36,11,25,150,122,28
E00016738,Total,229,70,24,46,159,134,25
E00016739,Total,152,39,13,26,113,88,25
E00016740,Total,198,51,19,32,147,118,29
E00016749,Total,155,27,8,19,128,99,29
E00016755,Total,197,45,14,31,152,128,24
E00016745,Total,226,58,25,33,168,140,28
E00016746,Total,204,40,11,29,164,135,29
E00016751,Total,161,40,9,31,121,100,21
E00016754,Total,167,26,8,18,141,113,28
E00016757,Total,170,30,12,18,140,112,28
E00016732,Total,215,40,12,28,175,139,36
E00016735,Total,176,47,13,34,129,100,29
E00016741,Total,147,39,12,27,108,87,21
E00016742,Total,179,37,5,32,142,119,23
E00016733,Total,173,33,13,20,140,116,24
E00016734,Total,145,40,14,26,105,84,21
E00016743,Total,177,47,13,34,130,99,31
E00016744,Total,187,58,18,40,129,105,24
E00016747,Total,123,31,10,21,92,75,17
E00016261,Total,168,50,28,22,118,97,21
E00016282,Total,182,45,16,29,137,115,22
E00016288,Total,224,73,27,46,151,114,37
E00016289,Total,180,55,22,33,125,108,17
E00016294,Total,151,41,19,22,110,92,18
E00016260,Total,191,48,12,36,143,118,25
E00016262,Total,124,29,9,20,95,85,10
E00016266,Total,182,37,15,22,145,127,18
E00016267,Total,131,40,7,33,91,76,15
E00016271,Total,189,53,15,38,136,115,21
E00016257,Total,200,53,13,40,147,117,30
E00016263,Total,106,27,12,15,79,59,20
E00016265,Total,197,45,9,36,152,132,20
E00016268,Total,201,62,19,43,139,107,32
E00016291,Total,178,45,11,34,133,109,24
E00016264,Total,134,34,10,24,100,89,11
E00016269,Total,163,35,12,23,128,109,19
E00016270,Total,149,49,18,31,100,83,17
E00016272,Total,172,46,14,32,126,98,28
E00016273,Total,205,41,15,26,164,125,39
E00016930,Total,267,93,26,67,174,154,20
E00016946,Total,159,50,15,35,109,96,13
E00016952,Total,104,42,12,30,62,53,9
E00016964,Total,117,33,10,23,84,70,14
E00016929,Total,105,31,7,24,74,64,10
E00016931,Total,100,29,6,23,71,57,14
E00016932,Total,103,36,8,28,67,58,9
E00016954,Total,105,40,13,27,65,56,9
E00016961,Total,129,50,14,36,79,67,12
E00016933,Total,212,62,21,41,150,125,25
E00016953,Total,70,20,7,13,50,42,8
E00016957,Total,109,34,6,28,75,62,13
E00016960,Total,103,40,9,31,63,57,6
E00016966,Total,84,25,3,22,59,51,8
E00016940,Total,129,49,17,32,80,66,14
E00016941,Total,172,44,14,30,128,106,22
E00016942,Total,130,29,10,19,101,87,14
E00016943,Total,131,29,11,18,102,85,17
E00016944,Total,141,41,13,28,100,85,15
E00016945,Total,121,16,2,14,105,92,13
E00016728,Total,94,29,9,20,65,62,3
E00016764,Total,127,41,19,22,86,77,9
E00016766,Total,128,51,23,28,77,68,9
E00016768,Total,104,29,6,23,75,64,11
E00016772,Total,167,36,12,24,131,111,20
E00016737,Total,147,37,13,24,110,86,24
E00016748,Total,114,29,13,16,85,70,15
E00016756,Total,120,38,14,24,82,69,13
E00016760,Total,142,36,13,23,106,83,23
E00173704,Total,127,34,12,22,93,79,14
E00173705,Total,88,19,7,12,69,62,7
E00173707,Total,102,10,4,6,92,78,14
E00016729,Total,141,30,12,18,111,73,38
E00016730,Total,163,51,15,36,112,94,18
E00016759,Total,168,38,12,26,130,102,28
E00016761,Total,185,48,20,28,137,109,28
E00016762,Total,144,25,8,17,119,100,19
E00016765,Total,136,17,6,11,119,105,14
E00016767,Total,129,31,6,25,98,76,22
E00016770,Total,111,16,3,13,95,79,16
E00016771,Total,208,52,15,37,156,132,24
E00016774,Total,168,35,17,18,133,110,23
E00016777,Total,206,43,20,23,163,136,27
E00016731,Total,141,49,21,28,92,76,16
E00016769,Total,164,51,9,42,113,96,17
E00016773,Total,117,41,8,33,76,66,10
E00016775,Total,109,34,3,31,75,53,22
E00016776,Total,180,40,15,25,140,115,25
E00016460,Total,169,52,19,33,117,99,18
E00016463,Total,275,60,15,45,215,176,39
E00016467,Total,166,46,16,30,120,98,22
E00016469,Total,163,40,13,27,123,95,28
E00016471,Total,87,27,5,22,60,54,6
E00016472,Total,131,40,6,34,91,72,19
E00016447,Total,157,33,11,22,124,102,22
E00016458,Total,165,51,21,30,114,92,22
E00016459,Total,119,38,14,24,81,57,24
E00016464,Total,112,37,11,26,75,58,17
E00016465,Total,83,29,7,22,54,42,12
E00016466,Total,142,27,9,18,115,86,29
E00016475,Total,81,32,8,24,49,43,6
E00016476,Total,125,34,11,23,91,81,10
E00016478,Total,88,18,9,9,70,56,14
E00016479,Total,83,35,7,28,48,40,8
E00016480,Total,104,40,15,25,64,49,15
E00016482,Total,101,29,7,22,72,66,6
E00016468,Total,109,27,7,20,82,66,16
E00016470,Total,116,24,12,12,92,77,15
E00016473,Total,159,39,13,26,120,94,26
E00016474,Total,132,36,13,23,96,85,11
E00016477,Total,176,28,7,21,148,125,23
E00016481,Total,201,43,16,27,158,142,16
E00016126,Total,167,53,16,37,114,96,18
E00016127,Total,198,50,18,32,148,130,18
E00016131,Total,124,39,6,33,85,60,25
E00016134,Total,94,30,10,20,64,52,12
E00016140,Total,123,37,18,19,86,68,18
E00016118,Total,188,47,13,34,141,118,23
E00016154,Total,105,36,8,28,69,57,12
E00016155,Total,201,59,23,36,142,117,25
E00016156,Total,120,48,14,34,72,61,11
E00016157,Total,165,61,12,49,104,95,9
E00016112,Total,141,39,12,27,102,92,10
E00016119,Total,156,51,15,36,105,95,10
E00016121,Total,137,26,5,21,111,88,23
E00016123,Total,148,49,20,29,99,83,16
E00016158,Total,172,38,13,25,134,120,14
E00016113,Total,150,41,8,33,109,91,18
E00016120,Total,122,43,8,35,79,73,6
E00016122,Total,140,38,13,25,102,82,20
E00016124,Total,124,43,10,33,81,71,10
E00016125,Total,147,48,13,35,99,78,21
E00016114,Total,123,32,7,25,91,80,11
E00016128,Total,126,41,12,29,85,69,16
E00016130,Total,144,46,8,38,98,79,19
E00016133,Total,131,41,8,33,90,80,10
E00016135,Total,132,43,15,28,89,77,12
E00016948,Total,135,50,19,31,85,76,9
E00016949,Total,130,45,10,35,85,79,6
E00016951,Total,127,47,12,35,80,77,3
E00016955,Total,109,45,17,28,64,59,5
E00016956,Total,95,34,10,24,61,50,11
E00016950,Total,137,46,16,30,91,81,10
E00016967,Total,123,36,7,29,87,75,12
E00016968,Total,126,32,9,23,94,74,20
E00016969,Total,102,34,11,23,68,58,10
E00016971,Total,142,37,16,21,105,86,19
E00016928,Total,167,70,20,50,97,80,17
E00016947,Total,86,30,7,23,56,52,4
E00016958,Total,138,45,11,34,93,82,11
E00016963,Total,144,47,14,33,97,86,11
E00016937,Total,168,43,12,31,125,104,21
E00016959,Total,124,33,12,21,91,67,24
E00016962,Total,167,64,22,42,103,87,16
E00016965,Total,120,48,21,27,72,57,15
E00016970,Total,156,45,8,37,111,98,13
E00016934,Total,165,55,19,36,110,97,13
E00016935,Total,196,46,13,33,150,133,17
E00016936,Total,163,49,17,32,114,97,17
E00016938,Total,144,46,20,26,98,85,13
E00016939,Total,156,48,18,30,108,87,21
E00016496,Total,142,40,11,29,102,83,19
E00016517,Total,105,29,10,19,76,64,12
E00016518,Total,127,31,11,20,96,84,12
E00016523,Total,131,36,10,26,95,71,24
E00016524,Total,155,39,14,25,116,101,15
E00016525,Total,89,26,3,23,63,55,8
E00016497,Total,117,29,5,24,88,76,12
E00016527,Total,118,35,7,28,83,69,14
E00016528,Total,126,30,4,26,96,80,16
E00016531,Total,108,31,6,25,77,68,9
E00016532,Total,102,25,10,15,77,64,13
E00016535,Total,104,19,5,14,85,72,13
E00016520,Total,95,21,7,14,74,70,4
E00016522,Total,102,26,5,21,76,69,7
E00016526,Total,83,39,14,25,44,37,7
E00016529,Total,127,36,10,26,91,81,10
E00016530,Total,109,31,7,24,78,72,6
E00016533,Total,149,47,15,32,102,83,19
E00016534,Total,133,37,10,27,96,76,20
E00016536,Total,130,36,14,22,94,85,9
E00016537,Total,121,39,9,30,82,65,17
E00016538,Total,140,42,13,29,98,87,11
E00016539,Total,117,33,10,23,84,74,10
E00016830,Total,183,44,12,32,139,126,13
E00016839,Total,162,33,7,26,129,109,20
E00016845,Total,163,35,5,30,128,108,20
E00016872,Total,176,57,18,39,119,95,24
E00016873,Total,151,47,18,29,104,95,9
E00016838,Total,110,38,10,28,72,66,6
E00016840,Total,156,34,10,24,122,95,27
E00016847,Total,85,28,7,21,57,49,8
E00016852,Total,102,26,9,17,76,56,20
E00016858,Total,74,29,14,15,45,38,7
E00016874,Total,74,24,6,18,50,48,2
E00016826,Total,120,35,12,23,85,71,14
E00016831,Total,112,28,11,17,84,78,6
E00016832,Total,100,25,7,18,75,62,13
E00016833,Total,176,42,14,28,134,110,24
E00016875,Total,109,23,4,19,86,73,13
E00016828,Total,136,29,10,19,107,87,20
E00016850,Total,98,27,10,17,71,61,10
E00016854,Total,125,20,5,15,105,93,12
E00016855,Total,158,25,8,17,133,99,34
E00016857,Total,139,29,9,20,110,92,18
E00016878,Total,95,29,2,27,66,57,9
E00016827,Total,142,32,5,27,110,93,17
E00016834,Total,168,41,11,30,127,100,27
E00016842,Total,118,32,8,24,86,73,13
E00016856,Total,240,51,18,33,189,160,29
E00016876,Total,92,32,8,24,60,48,12
E00016877,Total,82,20,5,15,62,60,2
E00016115,Total,118,40,12,28,78,65,13
E00016136,Total,104,28,10,18,76,69,7
E00016137,Total,146,51,10,41,95,87,8
E00016138,Total,122,41,14,27,81,72,9
E00016139,Total,123,33,9,24,90,78,12
E00016116,Total,183,46,11,35,137,120,17
E00016129,Total,139,42,16,26,97,86,11
E00016142,Total,120,52,13,39,68,60,8
E00016144,Total,96,43,10,33,53,46,7
E00016145,Total,125,47,13,34,78,56,22
E00016150,Total,128,40,7,33,88,78,10
E00016117,Total,115,37,11,26,78,73,5
E00016132,Total,145,36,7,29,109,100,9
E00016143,Total,128,39,5,34,89,77,12
E00016147,Total,149,42,9,33,107,94,13
E00016153,Total,125,36,9,27,89,77,12
E00016141,Total,91,34,10,24,57,50,7
E00016146,Total,96,36,12,24,60,49,11
E00016148,Total,136,41,11,30,95,83,12
E00016149,Total,119,45,19,26,74,65,9
E00016151,Total,105,33,9,24,72,62,10
E00016152,Total,109,30,10,20,79,71,8
E00016843,Total,127,33,8,25,94,76,18
E00016863,Total,180,38,8,30,142,122,20
E00016868,Total,107,28,7,21,79,66,13
E00016870,Total,165,49,11,38,116,97,19
E00016871,Total,119,37,11,26,82,67,15
E00016848,Total,128,41,14,27,87,60,27
E00016859,Total,192,50,20,30,142,116,26
E00016861,Total,225,55,19,36,170,137,33
E00016862,Total,168,38,16,22,130,110,20
E00016866,Total,168,52,23,29,116,92,24
E00016829,Total,140,28,10,18,112,95,17
E00016851,Total,170,41,16,25,129,97,32
E00016860,Total,191,51,17,34,140,122,18
E00016864,Total,140,36,13,23,104,85,19
E00016867,Total,139,28,7,21,111,87,24
E00016869,Total,93,24,3,21,69,57,12
E00016835,Total,150,43,12,31,107,90,17
E00016837,Total,143,34,11,23,109,85,24
E00016846,Total,168,40,12,28,128,108,20
E00016849,Total,108,23,9,14,85,72,13
E00016865,Total,178,45,14,31,133,118,15
E00016825,Total,109,42,12,30,67,63,4
E00016836,Total,140,40,11,29,100,83,17
E00016841,Total,146,54,17,37,92,86,6
E00016844,Total,143,44,15,29,99,74,25
E00016853,Total,92,34,10,24,58,48,10
E00016350,Total,148,32,10,22,116,106,10
E00016369,Total,108,21,9,12,87,80,7
E00016370,Total,135,41,19,22,94,81,13
E00016371,Total,99,22,6,16,77,67,10
E00016374,Total,99,31,11,20,68,63,5
E00016352,Total,116,41,13,28,75,69,6
E00016373,Total,125,40,17,23,85,72,13
E00016378,Total,111,34,1,33,77,67,10
E00016381,Total,140,52,17,35,88,72,16
E00016382,Total,97,29,11,18,68,59,9
E00016348,Total,106,32,10,22,74,68,6
E00016372,Total,133,43,6,37,90,76,14
E00016375,Total,119,26,8,18,93,81,12
E00016377,Total,113,38,12,26,75,61,14
E00016379,Total,116,39,9,30,77,67,10
E00016349,Total,115,22,4,18,93,79,14
E00016351,Total,225,71,19,52,154,135,19
E00016376,Total,115,35,12,23,80,71,9
E00016383,Total,141,37,9,28,104,89,15
E00016356,Total,144,61,20,41,83,78,5
E00016387,Total,144,47,17,30,97,90,7
E00016393,Total,123,35,7,28,88,81,7
E00165790,Total,108,39,11,28,69,61,8
E00016361,Total,91,29,12,17,62,50,12
E00016363,Total,129,51,15,36,78,65,13
E00016366,Total,117,32,13,19,85,70,15
E00016367,Total,86,29,6,23,57,44,13
E00016368,Total,150,36,15,21,114,93,21
E00016353,Total,124,34,10,24,90,76,14
E00016360,Total,210,48,19,29,162,144,18
E00016380,Total,105,33,12,21,72,64,8
E00016389,Total,100,31,7,24,69,60,9
E00016390,Total,83,29,12,17,54,42,12
E00016392,Total,128,26,5,21,102,90,12
E00016359,Total,124,38,12,26,86,75,11
E00016384,Total,157,48,15,33,109,82,27
E00016385,Total,132,45,15,30,87,75,12
E00016386,Total,79,17,4,13,62,56,6
E00016388,Total,140,31,9,22,109,96,13
E00016346,Total,97,36,6,30,61,56,5
E00016354,Total,83,26,5,21,57,44,13
E00016357,Total,105,46,17,29,59,55,4
E00016358,Total,113,34,8,26,79,66,13
E00016391,Total,149,52,17,35,97,80,17
E00016362,Total,133,38,11,27,95,80,15
E00016364,Total,96,26,5,21,70,65,5
E00016365,Total,79,22,8,14,57,48,9
E00016394,Total,126,42,12,30,84,72,12
E00165789,Total,104,32,9,23,72,62,10
E00016678,Total,101,44,14,30,57,46,11
E00016722,Total,129,42,11,31,87,75,12
E00016724,Total,179,48,17,31,131,114,17
E00016727,Total,149,53,18,35,96,84,12
E00016676,Total,93,31,7,24,62,55,7
E00016685,Total,135,49,17,32,86,74,12
E00016690,Total,115,41,14,27,74,66,8
E00016691,Total,158,52,20,32,106,96,10
E00016726,Total,77,31,14,17,46,38,8
E00016688,Total,130,39,10,29,91,77,14
E00016695,Total,105,32,11,21,73,60,13
E00016705,Total,159,46,18,28,113,92,21
E00016710,Total,149,37,12,25,112,90,22
E00016712,Total,139,58,29,29,81,72,9
E00016682,Total,153,39,8,31,114,99,15
E00016686,Total,136,56,13,43,80,70,10
E00016699,Total,135,46,15,31,89,80,9
E00016702,Total,150,40,14,26,110,92,18
E00016707,Total,245,65,18,47,180,146,34
E00016711,Total,166,49,16,33,117,88,29
E00016696,Total,121,56,20,36,65,58,7
E00016698,Total,145,46,14,32,99,85,14
E00016703,Total,98,42,11,31,56,46,10
E00016713,Total,241,67,25,42,174,141,33
E00165804,Total,120,50,15,35,70,60,10
