OA11CD,White English/Welsh/Scottish/Northern Irish/British,White Irish,White Gypsy or Irish Traveller,White Other,White & Black Caribbean,White & Black African,White & Asian,Other Mixed,Indian,Pakistani,Bangladeshi,Chinese,Other Asian,Black African,Black Caribbean,Other Black,Arab,Other Ethnic Group
E00016403,13.934426229508198,0.546448087431694,0.0,10.109289617486338,1.366120218579235,3.551912568306011,0.819672131147541,2.185792349726776,1.366120218579235,0.0,0.819672131147541,4.098360655737705,6.284153005464481,39.34426229508197,9.01639344262295,4.098360655737705,0.819672131147541,1.639344262295082
E00016437,18.587360594795538,1.486988847583643,0.0,8.736059479553903,2.2304832713754648,2.2304832713754648,0.929368029739777,1.6728624535315986,2.2304832713754648,0.7434944237918215,0.0,5.762081784386617,6.319702602230484,29.925650557620816,10.223048327137546,6.5055762081784385,1.1152416356877324,1.3011152416356877
E00016439,21.5633423180593,2.4258760107816713,1.0781671159029649,12.398921832884097,0.8086253369272237,1.8867924528301887,0.0,1.6172506738544474,0.5390835579514824,0.0,0.0,1.6172506738544474,4.0431266846361185,29.649595687331537,9.164420485175203,11.05121293800539,0.0,2.1563342318059298
E00016442,13.27683615819209,1.4124293785310735,0.0,8.192090395480227,2.542372881355932,2.542372881355932,0.5649717514124294,3.389830508474576,0.847457627118644,0.5649717514124294,1.9774011299435028,1.9774011299435028,7.909604519774011,40.112994350282484,5.649717514124294,6.214689265536723,0.847457627118644,1.9774011299435028
E00016399,28.326180257510728,1.502145922746781,0.0,5.364806866952789,2.3605150214592276,3.648068669527897,0.2145922746781116,1.9313304721030042,1.7167381974248928,2.1459227467811157,0.0,1.9313304721030042,6.008583690987124,28.540772532188843,7.725321888412017,6.652360515021459,0.4291845493562232,1.502145922746781
E00016401,26.023391812865498,0.5847953216374269,0.0,12.280701754385966,2.3391812865497075,1.4619883040935673,0.8771929824561403,2.6315789473684212,1.4619883040935673,0.29239766081871343,0.0,8.47953216374269,4.385964912280702,21.637426900584796,8.771929824561404,4.093567251461988,0.5847953216374269,4.093567251461988
E00016406,22.22222222222222,0.3003003003003003,0.0,6.306306306306307,2.4024024024024024,4.2042042042042045,0.9009009009009009,2.1021021021021022,0.6006006006006006,0.0,1.8018018018018018,3.903903903903904,5.405405405405405,28.52852852852853,9.90990990990991,7.5075075075075075,2.7027027027027026,1.2012012012012012
E00016435,31.818181818181817,1.9138755980861244,0.0,9.569377990430622,3.827751196172249,2.3923444976076556,1.674641148325359,1.674641148325359,0.23923444976076555,0.7177033492822966,1.1961722488038278,5.980861244019139,8.373205741626794,14.114832535885167,10.047846889952153,4.545454545454546,1.1961722488038278,0.7177033492822966
E00016395,35.2112676056338,2.112676056338028,0.0,14.084507042253522,2.464788732394366,1.7605633802816902,0.0,1.056338028169014,1.056338028169014,0.0,1.408450704225352,3.1690140845070425,5.28169014084507,20.422535211267604,6.338028169014085,3.1690140845070425,2.464788732394366,0.0
E00016404,32.880434782608695,2.1739130434782608,0.2717391304347826,20.92391304347826,2.717391304347826,2.1739130434782608,1.0869565217391304,0.8152173913043478,4.619565217391305,0.8152173913043478,0.0,8.695652173913043,8.423913043478262,6.25,4.619565217391305,1.0869565217391304,1.358695652173913,1.0869565217391304
E00016405,30.564784053156146,1.6611295681063123,0.0,28.239202657807308,0.6644518272425249,0.9966777408637874,1.6611295681063123,0.6644518272425249,2.6578073089700998,0.33222591362126247,0.6644518272425249,8.305647840531561,8.970099667774086,4.983388704318937,3.3222591362126246,3.9867109634551494,0.9966777408637874,1.3289036544850499
E00016408,44.5945945945946,4.72972972972973,0.0,16.89189189189189,3.3783783783783785,2.027027027027027,0.0,4.054054054054054,2.027027027027027,1.3513513513513513,0.0,4.72972972972973,1.3513513513513513,8.108108108108109,0.0,0.0,5.405405405405405,1.3513513513513513
E00016410,42.5531914893617,3.6474164133738602,0.0,21.27659574468085,1.8237082066869301,3.6474164133738602,2.735562310030395,0.60790273556231,1.8237082066869301,0.0,0.0,7.90273556231003,6.079027355623101,3.6474164133738602,2.127659574468085,0.303951367781155,0.60790273556231,1.21580547112462
E00016438,24.279835390946502,2.880658436213992,0.0,34.5679012345679,0.411522633744856,0.411522633744856,0.411522633744856,1.646090534979424,4.11522633744856,1.2345679012345678,0.823045267489712,6.995884773662551,7.407407407407407,5.349794238683128,3.7037037037037037,0.823045267489712,1.646090534979424,3.292181069958848
E00016398,42.745098039215684,1.5686274509803921,0.0,6.2745098039215685,3.5294117647058822,3.9215686274509802,0.0,2.3529411764705883,0.39215686274509803,0.0,0.0,0.7843137254901961,5.098039215686274,18.03921568627451,10.980392156862745,4.313725490196078,0.0,0.0
E00016431,37.9746835443038,1.2658227848101267,0.4219409282700422,13.080168776371307,4.219409282700422,2.9535864978902953,0.0,1.6877637130801688,0.4219409282700422,0.0,0.0,0.4219409282700422,4.219409282700422,14.345991561181435,9.70464135021097,1.2658227848101267,1.6877637130801688,6.329113924050633
E00016432,40.68767908309456,2.005730659025788,0.0,16.9054441260745,1.146131805157593,1.4326647564469914,0.0,2.005730659025788,3.151862464183381,0.5730659025787965,0.0,8.30945558739255,8.022922636103152,8.30945558739255,4.011461318051576,0.5730659025787965,1.7191977077363896,1.146131805157593
E00016434,16.216216216216218,0.0,0.2457002457002457,8.5995085995086,4.176904176904177,0.7371007371007371,0.7371007371007371,1.71990171990172,0.2457002457002457,0.2457002457002457,1.9656019656019657,6.6339066339066335,3.43980343980344,35.38083538083538,13.022113022113022,3.43980343980344,0.2457002457002457,2.9484029484029484
E00173943,32.9512893982808,1.7191977077363896,0.0,14.040114613180515,4.011461318051576,0.8595988538681948,0.28653295128939826,2.5787965616045847,0.0,0.0,0.0,2.292263610315186,1.4326647564469914,17.478510028653297,14.326647564469914,4.584527220630372,0.0,3.438395415472779
E00173946,29.909365558912388,0.9063444108761329,0.0,32.62839879154078,2.416918429003021,0.9063444108761329,1.8126888217522659,2.1148036253776437,2.719033232628399,0.3021148036253776,0.0,13.293051359516616,3.9274924471299095,3.323262839879154,3.323262839879154,0.6042296072507553,0.9063444108761329,0.9063444108761329
E00016397,28.15734989648033,1.4492753623188406,0.0,19.66873706004141,1.0351966873706004,0.2070393374741201,1.6563146997929608,3.9337474120082816,3.9337474120082816,0.4140786749482402,1.0351966873706004,16.356107660455486,5.797101449275362,10.973084886128364,2.691511387163561,2.070393374741201,0.4140786749482402,0.2070393374741201
E00016433,44.78114478114478,1.6835016835016836,0.0,13.804713804713804,3.367003367003367,0.6734006734006734,0.0,0.3367003367003367,1.6835016835016836,0.0,0.0,7.744107744107744,1.6835016835016836,11.447811447811448,7.070707070707071,3.7037037037037037,1.0101010101010102,1.0101010101010102
E00016436,19.41747572815534,0.970873786407767,0.4854368932038835,15.048543689320388,5.825242718446602,2.4271844660194173,0.4854368932038835,0.0,0.0,0.0,0.0,7.766990291262136,2.912621359223301,26.21359223300971,14.563106796116505,1.4563106796116505,0.0,2.4271844660194173
E00016440,14.759036144578314,1.2048192771084338,0.0,8.433734939759036,1.8072289156626506,0.0,0.6024096385542169,1.2048192771084338,0.0,0.0,0.0,4.518072289156627,8.433734939759036,44.87951807228916,5.120481927710843,7.831325301204819,0.9036144578313253,0.30120481927710846
E00016441,24.02745995423341,1.3729977116704806,0.4576659038901602,15.560640732265446,2.745995423340961,0.2288329519450801,0.4576659038901602,2.288329519450801,0.2288329519450801,0.6864988558352403,0.0,5.949656750572083,2.517162471395881,28.83295194508009,8.695652173913043,4.3478260869565215,0.4576659038901602,1.1441647597254005
E00016412,26.512968299711815,2.0172910662824206,0.0,14.985590778097983,2.5936599423631126,0.0,0.0,2.3054755043227666,2.881844380403458,0.5763688760806917,0.0,11.815561959654179,4.034582132564841,13.256484149855908,11.527377521613833,6.628242074927954,0.0,0.8645533141210374
E00016414,25.219941348973606,0.8797653958944281,0.0,10.850439882697946,2.932551319648094,2.0527859237536656,2.0527859237536656,1.1730205278592376,0.2932551319648094,1.466275659824047,0.0,5.865102639296188,4.39882697947214,20.821114369501466,14.36950146627566,4.9853372434017595,0.0,2.6392961876832843
E00016418,30.76923076923077,0.7444168734491315,0.0,8.933002481389579,3.7220843672456576,2.2332506203473947,0.49627791563275436,3.4739454094292803,2.4813895781637716,0.0,0.9925558312655087,5.955334987593052,4.218362282878412,18.36228287841191,12.158808933002481,3.4739454094292803,0.0,1.9851116625310175
E00016422,18.39080459770115,1.1494252873563218,0.0,3.735632183908046,1.1494252873563218,0.28735632183908044,1.1494252873563218,1.4367816091954022,0.0,0.28735632183908044,0.0,7.758620689655173,6.896551724137931,31.32183908045977,13.218390804597702,8.908045977011493,0.0,4.310344827586207
E00016402,29.18032786885246,0.32786885245901637,0.0,5.901639344262295,1.639344262295082,0.9836065573770492,0.0,3.9344262295081966,0.0,0.6557377049180327,0.32786885245901637,3.9344262295081966,5.573770491803279,36.0655737704918,7.868852459016393,2.2950819672131146,0.9836065573770492,0.32786885245901637
E00016407,19.291338582677167,0.7874015748031497,0.0,20.866141732283463,3.1496062992125986,0.7874015748031497,1.1811023622047243,2.3622047244094486,3.937007874015748,0.0,1.1811023622047243,6.299212598425197,5.118110236220472,21.653543307086615,5.118110236220472,3.937007874015748,1.5748031496062993,2.7559055118110236
E00016409,18.298969072164947,0.7731958762886598,0.0,8.762886597938145,4.896907216494846,0.7731958762886598,1.0309278350515463,2.577319587628866,0.0,0.25773195876288657,0.5154639175257731,6.443298969072165,13.402061855670103,25.257731958762886,9.793814432989691,4.381443298969073,0.0,2.8350515463917527
E00016411,32.171581769437,1.6085790884718498,0.0,15.013404825737265,2.1447721179624666,0.5361930294906166,0.0,1.3404825737265416,3.485254691689008,0.0,1.6085790884718498,4.557640750670242,4.825737265415549,16.353887399463808,8.579088471849866,2.9490616621983916,3.2171581769436997,1.6085790884718498
E00016413,31.788079470198674,0.9933774834437086,0.0,10.596026490066226,1.9867549668874172,1.6556291390728477,0.0,0.6622516556291391,0.0,0.0,0.0,3.3112582781456954,11.589403973509933,23.841059602649008,4.966887417218543,5.298013245033113,0.0,3.3112582781456954
E00016415,20.88235294117647,0.29411764705882354,0.29411764705882354,9.411764705882353,2.0588235294117645,0.29411764705882354,1.1764705882352942,5.0,3.5294117647058822,0.0,2.9411764705882355,2.6470588235294117,6.470588235294118,27.352941176470587,9.411764705882353,5.882352941176471,0.29411764705882354,2.0588235294117645
E00016416,30.03802281368821,2.2813688212927756,0.0,3.802281368821293,3.802281368821293,1.520912547528517,1.9011406844106464,0.7604562737642585,0.0,0.0,0.0,6.083650190114068,11.02661596958175,23.574144486692017,6.4638783269961975,5.7034220532319395,0.0,3.041825095057034
E00016419,23.26869806094183,0.554016620498615,0.0,4.43213296398892,3.8781163434903045,0.0,0.0,0.2770083102493075,0.0,0.2770083102493075,0.0,5.2631578947368425,11.911357340720222,31.57894736842105,5.8171745152354575,9.97229916897507,0.0,2.770083102493075
E00016420,16.52173913043478,0.8695652173913043,0.0,7.826086956521739,2.318840579710145,1.7391304347826086,0.2898550724637681,2.898550724637681,0.8695652173913043,0.2898550724637681,0.0,4.63768115942029,10.144927536231885,31.594202898550726,11.884057971014492,4.057971014492754,0.5797101449275363,3.4782608695652173
E00173947,16.08832807570978,1.2618296529968454,0.0,8.517350157728707,2.2082018927444795,1.2618296529968454,0.0,3.7854889589905363,0.31545741324921134,1.5772870662460567,0.0,7.570977917981073,7.570977917981073,24.605678233438486,11.35646687697161,10.094637223974763,0.0,3.7854889589905363
E00173948,14.854111405835544,1.0610079575596818,0.0,18.03713527851459,5.039787798408488,0.5305039787798409,0.7957559681697612,3.4482758620689653,1.5915119363395225,0.0,3.183023872679045,8.488063660477454,5.570291777188329,11.405835543766578,13.52785145888594,6.10079575596817,1.0610079575596818,5.305039787798409
E00016417,21.367521367521366,0.2849002849002849,0.2849002849002849,5.413105413105413,2.5641025641025643,2.2792022792022792,1.7094017094017093,1.9943019943019944,0.0,0.0,2.2792022792022792,12.535612535612536,5.982905982905983,21.937321937321936,12.535612535612536,5.982905982905983,1.1396011396011396,1.7094017094017093
E00016421,14.046822742474916,0.0,0.0,4.682274247491639,2.3411371237458196,0.6688963210702341,0.6688963210702341,0.6688963210702341,0.33444816053511706,0.0,1.6722408026755853,6.688963210702341,15.719063545150501,30.434782608695652,12.37458193979933,6.688963210702341,0.6688963210702341,2.3411371237458196
E00016423,18.559556786703602,0.554016620498615,0.0,4.43213296398892,1.3850415512465375,3.601108033240997,0.2770083102493075,0.0,0.554016620498615,0.8310249307479224,3.0470914127423825,9.97229916897507,6.925207756232687,32.40997229916898,10.803324099722992,2.21606648199446,2.770083102493075,1.6620498614958448
E00016424,16.129032258064516,0.967741935483871,0.0,5.806451612903226,2.903225806451613,0.6451612903225806,0.967741935483871,0.967741935483871,0.0,1.935483870967742,0.0,12.580645161290322,11.290322580645162,18.387096774193548,15.483870967741936,4.516129032258065,3.225806451612903,4.193548387096774
E00016427,11.864406779661017,0.0,0.0,11.016949152542374,3.389830508474576,2.542372881355932,0.423728813559322,0.0,0.0,0.0,0.0,5.932203389830509,8.898305084745763,36.016949152542374,11.864406779661017,7.627118644067797,0.0,0.423728813559322
E00016396,35.471698113207545,1.1320754716981132,0.0,6.7924528301886795,3.3962264150943398,0.0,0.0,0.7547169811320755,0.0,1.8867924528301887,0.0,6.7924528301886795,7.169811320754717,12.452830188679245,16.9811320754717,5.660377358490566,0.0,1.509433962264151
E00016426,24.600638977635782,1.597444089456869,0.0,11.501597444089457,3.194888178913738,3.5143769968051117,0.6389776357827476,1.2779552715654952,0.0,0.3194888178913738,0.0,3.5143769968051117,9.584664536741213,25.878594249201278,6.0702875399361025,6.0702875399361025,0.0,2.236421725239617
E00016428,26.023391812865498,1.7543859649122806,0.0,16.95906432748538,1.1695906432748537,0.8771929824561403,0.29239766081871343,1.1695906432748537,0.5847953216374269,0.5847953216374269,0.0,7.309941520467836,4.970760233918129,24.56140350877193,8.47953216374269,3.801169590643275,0.5847953216374269,0.8771929824561403
E00016429,62.5,1.171875,0.0,4.6875,0.390625,1.171875,1.171875,1.5625,1.5625,0.78125,0.0,5.078125,5.078125,8.59375,4.296875,1.171875,0.390625,0.390625
E00016430,22.137404580152673,1.9083969465648856,0.0,1.9083969465648856,3.816793893129771,0.3816793893129771,0.0,2.2900763358778624,0.0,1.1450381679389312,0.0,9.541984732824428,10.305343511450381,19.84732824427481,17.17557251908397,6.870229007633588,1.5267175572519085,1.1450381679389312
E00016680,23.744292237442924,0.45662100456621,0.0,19.17808219178082,5.47945205479452,4.566210045662101,0.0,1.36986301369863,4.109589041095891,2.2831050228310503,0.45662100456621,0.91324200913242,9.132420091324201,17.35159817351598,5.936073059360731,1.36986301369863,0.45662100456621,3.1963470319634704
E00016716,13.183279742765274,1.2861736334405145,0.0,21.543408360128616,0.9646302250803859,2.572347266881029,0.0,1.607717041800643,0.6430868167202572,1.607717041800643,0.3215434083601286,0.9646302250803859,2.572347266881029,35.69131832797428,6.109324758842444,8.681672025723472,1.607717041800643,0.6430868167202572
E00016717,25.683060109289617,0.0,0.0,24.59016393442623,1.092896174863388,4.918032786885246,0.546448087431694,1.092896174863388,2.185792349726776,0.546448087431694,1.092896174863388,2.185792349726776,1.092896174863388,20.76502732240437,5.46448087431694,2.185792349726776,1.092896174863388,5.46448087431694
E00016719,15.163934426229508,2.0491803278688523,0.0,4.098360655737705,0.819672131147541,3.278688524590164,0.4098360655737705,2.0491803278688523,0.0,0.0,0.0,5.327868852459017,2.0491803278688523,35.24590163934426,20.491803278688526,6.967213114754099,0.819672131147541,1.2295081967213115
E00016720,17.378048780487806,2.1341463414634148,0.0,24.085365853658537,0.9146341463414634,7.926829268292683,0.6097560975609756,2.1341463414634148,0.3048780487804878,0.0,0.9146341463414634,1.524390243902439,3.658536585365854,28.658536585365855,8.231707317073171,1.524390243902439,0.0,0.0
E00016725,16.205533596837945,0.7905138339920948,0.0,29.24901185770751,0.7905138339920948,9.090909090909092,1.5810276679841897,1.1857707509881423,1.976284584980237,0.0,0.0,0.3952569169960474,3.1620553359683794,22.92490118577075,9.090909090909092,2.766798418972332,0.3952569169960474,0.3952569169960474
E00016706,30.48780487804878,1.6260162601626016,0.0,9.34959349593496,7.317073170731708,0.0,2.032520325203252,0.8130081300813008,0.8130081300813008,0.4065040650406504,0.0,0.0,3.252032520325203,19.51219512195122,11.382113821138212,4.878048780487805,0.4065040650406504,7.723577235772358
E00016708,33.2378223495702,0.5730659025787965,0.0,8.595988538681949,3.151862464183381,0.0,0.8595988538681948,2.5787965616045847,0.28653295128939826,0.0,0.0,2.005730659025788,2.5787965616045847,19.484240687679083,15.472779369627506,7.163323782234957,0.5730659025787965,3.438395415472779
E00016709,42.89340101522843,0.7614213197969543,0.0,9.137055837563452,2.5380710659898478,0.0,0.7614213197969543,1.015228426395939,1.015228426395939,0.7614213197969543,0.0,5.583756345177665,6.091370558375634,11.16751269035533,11.16751269035533,5.0761421319796955,0.5076142131979695,1.5228426395939085
E00016714,34.64052287581699,0.9803921568627451,0.0,12.418300653594772,5.228758169934641,1.9607843137254901,1.6339869281045751,1.9607843137254901,3.2679738562091503,0.0,0.0,2.9411764705882355,0.9803921568627451,15.359477124183007,7.516339869281046,4.248366013071895,0.9803921568627451,5.882352941176471
E00016715,42.68292682926829,1.524390243902439,0.0,10.060975609756097,3.3536585365853657,0.9146341463414634,1.524390243902439,1.2195121951219512,0.9146341463414634,1.524390243902439,0.6097560975609756,3.048780487804878,0.3048780487804878,13.71951219512195,11.585365853658537,2.1341463414634148,0.9146341463414634,3.9634146341463414
E00016675,27.896995708154506,1.2875536480686696,0.0,24.892703862660944,1.7167381974248928,0.0,0.8583690987124464,0.4291845493562232,2.575107296137339,0.0,0.8583690987124464,2.1459227467811157,4.291845493562231,15.021459227467812,8.15450643776824,7.725321888412017,0.0,2.1459227467811157
E00016677,31.800766283524904,2.10727969348659,0.0,18.582375478927204,0.7662835249042146,0.5747126436781609,1.9157088122605364,2.10727969348659,2.2988505747126435,0.3831417624521073,0.9578544061302682,11.11111111111111,7.662835249042145,9.96168582375479,4.789272030651341,1.7241379310344827,1.5325670498084292,1.7241379310344827
E00016683,27.096774193548388,1.6129032258064515,0.0,21.29032258064516,0.967741935483871,2.5806451612903225,0.0,3.225806451612903,1.6129032258064515,0.3225806451612903,0.3225806451612903,5.161290322580645,6.129032258064516,19.35483870967742,3.225806451612903,3.870967741935484,0.967741935483871,2.2580645161290325
E00016697,17.438692098092645,1.3623978201634876,0.0,7.629427792915531,3.2697547683923704,0.2724795640326976,2.4523160762942777,1.6348773841961852,0.2724795640326976,1.0899182561307903,3.2697547683923704,1.0899182561307903,7.901907356948229,29.70027247956403,14.713896457765667,4.9046321525885554,1.9073569482288828,1.0899182561307903
E00173940,34.971098265895954,2.8901734104046244,0.0,5.491329479768786,4.624277456647399,2.023121387283237,1.1560693641618498,1.4450867052023122,0.5780346820809249,1.7341040462427746,0.0,4.913294797687861,2.3121387283236996,17.91907514450867,14.45086705202312,2.3121387283236996,2.3121387283236996,0.8670520231213873
E00173949,24.742268041237114,0.0,0.0,14.948453608247423,1.0309278350515463,2.577319587628866,0.7731958762886598,3.6082474226804124,2.0618556701030926,0.25773195876288657,0.0,8.24742268041237,7.731958762886598,20.36082474226804,6.443298969072165,4.123711340206185,0.0,3.0927835051546393
E00016684,27.77777777777778,2.9914529914529915,0.0,19.65811965811966,0.0,2.9914529914529915,0.0,1.2820512820512822,2.9914529914529915,0.0,0.0,7.264957264957265,5.128205128205129,16.23931623931624,6.410256410256411,4.700854700854701,0.0,2.5641025641025643
E00016687,33.70165745856354,1.1049723756906078,0.0,18.784530386740332,1.1049723756906078,0.5524861878453039,2.2099447513812156,2.7624309392265194,2.7624309392265194,1.1049723756906078,0.5524861878453039,3.867403314917127,9.392265193370166,16.022099447513813,0.5524861878453039,2.7624309392265194,0.0,2.7624309392265194
E00016694,22.01834862385321,0.3058103975535168,0.0,11.62079510703364,5.504587155963303,0.9174311926605505,0.0,2.140672782874618,1.834862385321101,0.0,0.0,7.033639143730887,7.951070336391437,20.18348623853211,14.678899082568808,3.058103975535168,1.2232415902140672,1.529051987767584
E00016718,15.234375,0.0,0.0,3.125,5.078125,1.171875,1.171875,0.78125,0.0,1.171875,0.78125,3.90625,6.25,27.734375,23.4375,7.8125,0.390625,1.953125
E00016721,16.115702479338843,0.8264462809917356,0.0,5.371900826446281,2.8925619834710745,1.2396694214876034,0.0,1.6528925619834711,3.3057851239669422,0.0,0.0,2.479338842975207,2.8925619834710745,37.1900826446281,19.421487603305785,5.785123966942149,0.0,0.8264462809917356
E00016723,17.100371747211895,0.37174721189591076,0.0,7.063197026022305,2.973977695167286,0.37174721189591076,1.486988847583643,1.486988847583643,0.7434944237918215,2.2304832713754648,0.0,4.83271375464684,3.345724907063197,29.36802973977695,18.95910780669145,6.691449814126394,0.7434944237918215,2.2304832713754648
E00016679,49.37106918238994,1.5723270440251573,0.0,5.031446540880503,3.459119496855346,1.5723270440251573,0.9433962264150944,1.2578616352201257,0.9433962264150944,0.0,1.2578616352201257,1.5723270440251573,2.5157232704402515,12.264150943396226,13.836477987421384,2.830188679245283,0.31446540880503143,1.2578616352201257
E00016689,40.83969465648855,1.9083969465648856,0.0,8.01526717557252,4.961832061068702,0.3816793893129771,1.5267175572519085,1.9083969465648856,0.3816793893129771,0.0,0.0,1.1450381679389312,4.198473282442748,13.740458015267176,14.885496183206106,5.7251908396946565,0.0,0.3816793893129771
E00016693,32.861189801699716,1.6997167138810199,0.0,12.181303116147308,2.26628895184136,1.4164305949008498,0.0,0.8498583569405099,1.13314447592068,0.0,1.9830028328611897,5.38243626062323,6.515580736543909,15.297450424929178,10.19830028328612,4.53257790368272,0.0,3.68271954674221
E00016701,35.714285714285715,2.6785714285714284,0.0,14.732142857142858,0.44642857142857145,0.8928571428571429,0.44642857142857145,0.44642857142857145,0.44642857142857145,0.0,0.0,2.232142857142857,4.017857142857143,21.428571428571427,7.589285714285714,3.5714285714285716,0.44642857142857145,4.910714285714286
E00173939,21.3953488372093,1.8604651162790697,0.0,6.511627906976744,5.116279069767442,1.8604651162790697,1.8604651162790697,0.46511627906976744,0.0,0.0,0.0,0.0,0.46511627906976744,40.93023255813954,12.55813953488372,3.255813953488372,2.3255813953488373,1.3953488372093024
E00016210,37.982195845697326,3.5608308605341246,0.0,10.089020771513352,3.857566765578635,0.29673590504451036,0.0,1.1869436201780414,0.0,0.0,1.4836795252225519,3.5608308605341246,2.9673590504451037,17.50741839762611,11.572700296735905,2.373887240356083,0.5934718100890207,2.9673590504451037
E00016239,41.84615384615385,1.5384615384615385,0.3076923076923077,13.538461538461538,2.769230769230769,1.2307692307692308,1.2307692307692308,1.8461538461538463,0.3076923076923077,0.3076923076923077,0.0,3.3846153846153846,4.3076923076923075,16.923076923076923,6.461538461538462,1.8461538461538463,0.6153846153846154,1.5384615384615385
E00016240,24.71264367816092,0.5747126436781609,0.5747126436781609,6.32183908045977,2.8735632183908044,2.2988505747126435,0.5747126436781609,1.1494252873563218,0.5747126436781609,0.0,6.896551724137931,0.0,1.7241379310344827,27.586206896551722,14.942528735632184,6.896551724137931,0.0,2.2988505747126435
E00016241,31.506849315068493,1.7123287671232876,0.0,7.876712328767123,1.7123287671232876,0.3424657534246575,0.3424657534246575,0.3424657534246575,1.7123287671232876,0.3424657534246575,1.7123287671232876,7.534246575342466,2.73972602739726,23.63013698630137,12.67123287671233,3.767123287671233,1.36986301369863,0.684931506849315
E00016245,16.605166051660518,0.7380073800738007,0.0,4.797047970479705,4.059040590405904,2.952029520295203,0.7380073800738007,1.1070110701107012,2.2140221402214024,0.36900369003690037,0.36900369003690037,5.166051660516605,7.749077490774908,42.435424354243544,4.059040590405904,2.5830258302583027,0.36900369003690037,3.690036900369004
E00016211,23.574144486692017,3.802281368821293,0.38022813688212925,10.26615969581749,5.32319391634981,0.38022813688212925,0.0,2.661596958174905,0.38022813688212925,0.0,1.520912547528517,1.9011406844106464,0.38022813688212925,20.53231939163498,17.870722433460077,6.4638783269961975,0.38022813688212925,4.182509505703422
E00016213,26.0752688172043,2.150537634408602,0.26881720430107525,9.67741935483871,4.838709677419355,3.4946236559139785,0.5376344086021505,0.8064516129032258,0.5376344086021505,0.0,0.26881720430107525,1.6129032258064515,3.4946236559139785,16.397849462365592,19.623655913978496,7.258064516129032,0.26881720430107525,2.6881720430107525
E00016244,31.28491620111732,3.35195530726257,0.0,10.05586592178771,5.027932960893855,1.3966480446927374,2.5139664804469275,1.1173184357541899,1.675977653631285,0.27932960893854747,0.0,1.3966480446927374,4.189944134078212,17.318435754189945,8.379888268156424,8.100558659217876,0.0,3.910614525139665
E00016250,25.179856115107913,7.194244604316546,0.7194244604316546,8.992805755395683,4.316546762589928,3.237410071942446,0.0,1.079136690647482,0.0,0.0,1.7985611510791366,0.0,6.115107913669065,20.14388489208633,13.309352517985612,6.474820143884892,1.079136690647482,0.3597122302158273
E00174011,29.906542056074766,2.803738317757009,0.0,13.08411214953271,0.9345794392523364,0.9345794392523364,4.672897196261682,0.9345794392523364,0.9345794392523364,7.4766355140186915,0.9345794392523364,5.607476635514018,14.953271028037383,2.803738317757009,7.4766355140186915,1.8691588785046729,0.9345794392523364,3.7383177570093458
E00174032,39.95983935742972,2.610441767068273,0.20080321285140562,15.863453815261044,7.228915662650603,1.606425702811245,2.0080321285140563,1.0040160642570282,0.6024096385542169,0.20080321285140562,0.0,2.4096385542168677,1.8072289156626506,7.028112449799197,4.618473895582329,6.024096385542169,0.0,6.827309236947791
E00174033,39.69465648854962,2.2900763358778624,0.0,7.633587786259542,7.633587786259542,2.2900763358778624,0.0,3.053435114503817,0.0,0.0,0.0,0.0,0.0,9.16030534351145,12.977099236641221,9.923664122137405,0.7633587786259542,4.580152671755725
E00016216,58.383233532934135,1.7964071856287425,0.0,15.269461077844312,1.4970059880239521,0.5988023952095808,0.8982035928143712,1.4970059880239521,1.1976047904191616,1.1976047904191616,0.2994011976047904,0.5988023952095808,2.095808383233533,7.18562874251497,3.592814371257485,3.2934131736526946,0.0,0.5988023952095808
E00016236,38.25857519788918,2.37467018469657,0.2638522427440633,24.274406332453825,2.9023746701846966,2.1108179419525066,0.5277044854881267,3.1662269129287597,1.8469656992084433,1.0554089709762533,1.8469656992084433,1.5831134564643798,1.8469656992084433,8.443271767810026,2.1108179419525066,4.221635883905013,0.5277044854881267,2.638522427440633
E00016246,38.309859154929576,2.2535211267605635,0.28169014084507044,10.140845070422536,1.1267605633802817,0.28169014084507044,1.6901408450704225,2.2535211267605635,1.408450704225352,0.0,1.6901408450704225,0.28169014084507044,8.450704225352112,22.253521126760564,3.380281690140845,5.352112676056338,0.28169014084507044,0.5633802816901409
E00016248,49.681528662420384,3.5031847133757963,0.3184713375796178,18.471337579617835,2.229299363057325,0.0,1.5923566878980893,0.9554140127388535,0.6369426751592356,0.0,0.0,3.1847133757961785,2.8662420382165603,6.050955414012739,8.280254777070065,1.910828025477707,0.3184713375796178,0.0
E00016252,46.15384615384615,2.4725274725274726,0.0,8.241758241758241,4.1208791208791204,1.098901098901099,1.6483516483516483,0.8241758241758241,0.0,0.0,0.0,0.8241758241758241,4.945054945054945,11.538461538461538,12.087912087912088,5.21978021978022,0.5494505494505495,0.27472527472527475
E00016214,40.15748031496063,1.0498687664041995,0.0,11.811023622047244,1.5748031496062993,1.5748031496062993,3.674540682414698,2.8871391076115485,1.837270341207349,0.0,0.0,1.0498687664041995,1.0498687664041995,11.286089238845145,15.485564304461942,4.724409448818897,0.0,1.837270341207349
E00016215,42.62820512820513,2.2435897435897436,0.0,9.935897435897436,4.487179487179487,0.0,0.0,2.2435897435897436,0.32051282051282054,0.32051282051282054,0.9615384615384616,1.2820512820512822,1.2820512820512822,8.653846153846153,17.628205128205128,5.128205128205129,0.0,2.8846153846153846
E00016217,44.168734491315135,2.2332506203473947,0.0,5.955334987593052,1.9851116625310175,1.9851116625310175,2.4813895781637716,2.2332506203473947,0.24813895781637718,0.0,0.24813895781637718,2.2332506203473947,3.7220843672456576,8.436724565756824,15.136476426799007,5.459057071960298,0.9925558312655087,2.4813895781637716
E00016237,41.156462585034014,3.741496598639456,0.3401360544217687,14.625850340136054,0.3401360544217687,0.6802721088435374,1.0204081632653061,2.7210884353741496,0.6802721088435374,0.6802721088435374,0.0,3.741496598639456,5.782312925170068,11.564625850340136,7.8231292517006805,2.7210884353741496,0.3401360544217687,2.0408163265306123
E00016247,55.19713261648746,2.150537634408602,0.0,8.602150537634408,2.150537634408602,1.075268817204301,2.5089605734767026,2.150537634408602,0.0,0.0,0.35842293906810035,0.0,1.4336917562724014,11.827956989247312,8.243727598566307,3.225806451612903,0.0,1.075268817204301
E00016253,39.73941368078176,1.9543973941368078,0.0,14.332247557003257,4.88599348534202,1.6286644951140066,0.3257328990228013,0.0,0.3257328990228013,0.0,0.0,4.5602605863192185,0.6514657980456026,7.817589576547231,14.657980456026058,4.234527687296417,0.0,4.88599348534202
E00016209,31.86046511627907,1.627906976744186,0.23255813953488372,10.465116279069768,4.186046511627907,1.8604651162790697,0.9302325581395349,1.1627906976744187,0.46511627906976744,2.0930232558139537,0.0,6.511627906976744,3.7209302325581395,17.906976744186046,11.395348837209303,4.4186046511627906,0.6976744186046512,0.46511627906976744
E00016235,37.857142857142854,1.7857142857142858,0.0,18.571428571428573,1.4285714285714286,1.0714285714285714,4.285714285714286,2.142857142857143,2.142857142857143,0.0,0.0,3.2142857142857144,9.285714285714286,11.071428571428571,3.2142857142857144,2.5,0.0,1.4285714285714286
E00016238,45.12820512820513,3.58974358974359,0.0,12.564102564102564,1.0256410256410255,0.7692307692307693,1.794871794871795,3.076923076923077,0.5128205128205128,1.2820512820512822,1.0256410256410255,4.615384615384615,3.58974358974359,9.23076923076923,7.435897435897436,3.58974358974359,0.5128205128205128,0.2564102564102564
E00173941,44.23407917383821,1.0327022375215147,0.1721170395869191,13.42512908777969,1.549053356282272,0.6884681583476764,4.991394148020654,1.721170395869191,1.721170395869191,1.549053356282272,1.2048192771084338,6.196213425129088,6.024096385542169,5.335628227194492,2.9259896729776247,1.8932874354561102,4.130808950086059,1.2048192771084338
E00173942,16.728624535315983,3.345724907063197,0.37174721189591076,23.42007434944238,0.7434944237918215,0.37174721189591076,5.947955390334572,0.7434944237918215,2.2304832713754648,0.0,0.37174721189591076,11.524163568773234,9.66542750929368,11.524163568773234,4.089219330855019,2.973977695167286,4.089219330855019,1.858736059479554
E00016881,25.43103448275862,3.0172413793103448,0.0,6.0344827586206895,2.586206896551724,0.8620689655172413,0.0,5.603448275862069,0.43103448275862066,0.8620689655172413,2.1551724137931036,5.603448275862069,6.4655172413793105,23.70689655172414,12.5,3.4482758620689653,0.0,1.293103448275862
E00016915,18.021201413427562,1.4134275618374559,0.0,14.487632508833922,3.5335689045936394,2.4734982332155475,0.35335689045936397,2.1201413427561837,1.0600706713780919,0.0,0.35335689045936397,1.0600706713780919,4.240282685512367,31.09540636042403,8.12720848056537,6.713780918727915,1.4134275618374559,3.5335689045936394
E00016916,21.448467966573816,1.9498607242339834,0.0,6.128133704735376,5.013927576601671,0.5571030640668524,0.0,1.1142061281337048,0.0,0.0,0.0,4.735376044568246,1.1142061281337048,32.033426183844014,14.206128133704736,6.128133704735376,1.392757660167131,4.178272980501393
E00016920,23.423423423423422,3.3033033033033035,1.8018018018018018,9.00900900900901,0.0,1.8018018018018018,0.3003003003003003,0.6006006006006006,0.6006006006006006,0.3003003003003003,6.006006006006006,3.6036036036036037,3.6036036036036037,24.624624624624623,8.108108108108109,8.108108108108109,2.4024024024024024,2.4024024024024024
E00173950,18.939393939393938,1.5151515151515151,0.0,15.151515151515152,0.3787878787878788,0.0,1.1363636363636365,3.787878787878788,0.7575757575757576,0.0,0.7575757575757576,11.363636363636363,7.954545454545454,11.742424242424242,16.666666666666668,6.0606060606060606,1.5151515151515151,2.272727272727273
E00173951,17.252396166134186,1.597444089456869,0.0,6.389776357827476,3.5143769968051117,2.236421725239617,1.2779552715654952,1.597444089456869,2.236421725239617,0.0,1.597444089456869,2.8753993610223643,11.182108626198083,24.920127795527158,16.93290734824281,5.431309904153355,0.0,0.9584664536741214
E00016921,29.13907284768212,3.3112582781456954,0.0,9.602649006622517,2.6490066225165565,1.3245033112582782,3.3112582781456954,2.3178807947019866,0.9933774834437086,0.0,0.0,4.966887417218543,4.304635761589404,11.920529801324504,8.609271523178808,9.602649006622517,1.9867549668874172,5.960264900662252
E00016922,36.62420382165605,5.095541401273885,0.3184713375796178,14.012738853503185,1.5923566878980893,0.6369426751592356,0.3184713375796178,2.8662420382165603,1.2738853503184713,0.0,0.0,1.910828025477707,1.5923566878980893,14.331210191082803,12.420382165605096,4.45859872611465,1.910828025477707,0.6369426751592356
E00016923,41.90981432360743,0.7957559681697612,0.26525198938992045,10.344827586206897,1.5915119363395225,1.3262599469496021,3.713527851458886,3.713527851458886,0.5305039787798409,0.0,0.0,1.5915119363395225,3.4482758620689653,16.445623342175065,5.305039787798409,3.183023872679045,3.713527851458886,2.1220159151193636
E00016925,47.674418604651166,8.604651162790697,0.0,10.930232558139535,0.9302325581395349,0.46511627906976744,1.1627906976744187,1.627906976744186,0.6976744186046512,0.0,0.0,3.488372093023256,0.23255813953488372,5.813953488372093,4.651162790697675,3.7209302325581395,5.813953488372093,4.186046511627907
E00016926,24.33234421364985,2.6706231454005933,0.0,5.637982195845697,3.5608308605341246,1.1869436201780414,2.373887240356083,1.7804154302670623,0.0,0.0,0.0,3.5608308605341246,3.264094955489614,18.694362017804153,17.50741839762611,12.462908011869436,2.6706231454005933,0.29673590504451036
E00016917,42.857142857142854,1.4492753623188406,0.2070393374741201,20.082815734989648,0.8281573498964804,0.0,2.691511387163561,2.070393374741201,2.277432712215321,0.2070393374741201,0.0,1.8633540372670807,1.8633540372670807,8.695652173913043,3.3126293995859215,1.8633540372670807,4.140786749482402,5.590062111801243
E00016918,55.16304347826087,1.6304347826086956,0.0,17.391304347826086,2.989130434782609,1.358695652173913,2.4456521739130435,1.0869565217391304,0.8152173913043478,1.0869565217391304,0.0,1.6304347826086956,1.358695652173913,5.434782608695652,2.717391304347826,0.8152173913043478,1.9021739130434783,2.1739130434782608
E00016919,46.34146341463415,1.2195121951219512,0.0,16.76829268292683,3.3536585365853657,1.2195121951219512,1.2195121951219512,1.524390243902439,1.524390243902439,0.3048780487804878,0.6097560975609756,0.3048780487804878,1.829268292682927,7.317073170731708,8.841463414634147,4.878048780487805,0.9146341463414634,1.829268292682927
E00016924,53.395784543325526,1.639344262295082,0.468384074941452,14.988290398126464,2.576112412177986,1.639344262295082,1.17096018735363,1.405152224824356,0.234192037470726,0.0,1.17096018735363,2.810304449648712,2.576112412177986,7.7283372365339575,4.918032786885246,2.107728337236534,0.234192037470726,0.936768149882904
E00016927,52.0,3.6666666666666665,0.0,19.666666666666668,2.0,0.3333333333333333,2.3333333333333335,0.3333333333333333,0.3333333333333333,0.0,0.0,0.3333333333333333,5.333333333333333,6.666666666666667,3.3333333333333335,1.3333333333333333,0.3333333333333333,2.0
E00016879,57.88288288288288,2.027027027027027,0.0,8.558558558558559,2.7027027027027026,1.3513513513513513,0.45045045045045046,4.054054054054054,0.45045045045045046,0.0,0.0,3.6036036036036037,1.1261261261261262,4.72972972972973,6.081081081081081,3.1531531531531534,1.1261261261261262,2.7027027027027026
E00016884,55.78034682080925,3.468208092485549,0.28901734104046245,13.00578034682081,2.023121387283237,1.7341040462427746,2.023121387283237,4.046242774566474,1.4450867052023122,0.28901734104046245,0.0,0.8670520231213873,1.4450867052023122,2.3121387283236996,6.358381502890174,2.8901734104046244,0.28901734104046245,1.7341040462427746
E00016886,57.18390804597701,1.7241379310344827,0.0,14.080459770114942,1.4367816091954022,0.0,1.4367816091954022,2.2988505747126435,0.28735632183908044,0.0,0.0,3.4482758620689653,2.8735632183908044,1.7241379310344827,6.0344827586206895,4.597701149425287,0.0,2.8735632183908044
E00016893,54.32432432432432,1.8918918918918919,0.0,8.108108108108109,5.945945945945946,0.8108108108108109,2.7027027027027026,1.6216216216216217,1.8918918918918919,0.0,0.0,3.2432432432432434,0.0,6.216216216216216,8.64864864864865,2.7027027027027026,0.2702702702702703,1.6216216216216217
E00016885,52.36363636363637,3.6363636363636362,0.36363636363636365,12.0,2.909090909090909,2.1818181818181817,2.1818181818181817,3.6363636363636362,0.36363636363636365,0.0,0.0,1.4545454545454546,1.8181818181818181,6.181818181818182,6.181818181818182,0.0,1.8181818181818181,2.909090909090909
E00016887,63.888888888888886,3.7037037037037037,0.0,7.407407407407407,0.9259259259259259,1.3888888888888888,1.3888888888888888,2.314814814814815,0.0,1.3888888888888888,0.0,4.62962962962963,1.8518518518518519,2.314814814814815,5.555555555555555,1.3888888888888888,0.0,1.8518518518518519
E00016889,38.275862068965516,3.103448275862069,0.3448275862068966,10.0,2.0689655172413794,1.0344827586206897,1.7241379310344827,1.0344827586206897,0.3448275862068966,1.7241379310344827,1.7241379310344827,3.103448275862069,3.4482758620689653,11.724137931034482,12.413793103448276,6.551724137931035,0.3448275862068966,1.0344827586206897
E00016890,21.35593220338983,2.711864406779661,0.0,15.254237288135593,3.7288135593220337,1.3559322033898304,1.0169491525423728,4.406779661016949,1.3559322033898304,0.0,0.6779661016949152,1.3559322033898304,5.084745762711864,18.983050847457626,8.813559322033898,9.830508474576272,0.3389830508474576,3.7288135593220337
E00016895,57.857142857142854,3.2142857142857144,0.0,9.642857142857142,2.857142857142857,2.857142857142857,1.7857142857142858,0.7142857142857143,0.7142857142857143,0.0,0.35714285714285715,2.142857142857143,3.5714285714285716,2.857142857142857,6.071428571428571,3.9285714285714284,0.7142857142857143,0.7142857142857143
E00016159,58.30258302583026,5.904059040590406,0.0,10.70110701107011,0.36900369003690037,2.952029520295203,1.4760147601476015,0.36900369003690037,4.428044280442805,0.0,0.0,2.952029520295203,0.0,4.428044280442805,4.797047970479705,2.5830258302583027,0.0,0.7380073800738007
