WD22CD_proposed,White English/Welsh/Scottish/Northern Irish/British,White Irish,White Gypsy or Irish Traveller,White Other,White & Black Caribbean,White & Black African,White & Asian,Other Mixed,Indian,Pakistani,Bangladeshi,Chinese,Other Asian,Black African,Black Caribbean,Other Black,Arab,Other Ethnic Group
E05013714,40.4065117154418,1.355039051472664,0.1599698880210784,6.455255481321163,3.9333772466359274,1.4397289921897054,0.5834195916062859,1.8443587089489037,0.9974593017784887,0.38580972993318907,0.3481697562811706,0.9033593676484426,4.686176719676296,14.519619836266115,13.258680718923497,6.022395784322951,0.6210595652583043,2.079608544274019
E05013715,54.014410705095216,2.3739063304168813,0.02573340195573855,11.1811631497684,2.6312403499742665,0.7784354091610911,0.9843026248069995,1.6598044261451363,1.968605249613999,0.42460113226968604,0.42460113226968604,2.502573340195574,2.66340710241894,7.102418939783839,6.040916109109625,3.0622748327328875,0.43103448275862066,1.7305712815234173
E05013716,42.23789714836921,2.622535720745162,0.1386628082233074,12.949900524507145,2.8154578887080244,1.2238500030144088,1.5011756194610237,1.8990775908844275,2.2728642913124735,0.43407487791644056,0.5787665038885874,2.6345933562428407,2.875746066196419,9.893289925845542,9.57979140290589,3.689636462289745,0.7777174896002894,1.8749623198890697
E05013717,35.925948934584085,1.7829409206684474,0.06212337702677517,8.324532521587873,3.2242032676896315,1.2797415667515686,1.0250357209417904,2.1681058582344535,1.7270298813443499,1.0126110455364354,0.5963844194570417,1.1803441635087284,6.83357147294527,9.815493570230478,17.74243647884699,5.019568863763435,0.3044045474311984,1.9755233894514506
E05013718,47.03086295775591,2.4569860078998462,0.00669478476266988,10.932583517439914,3.086295775590815,1.1849769029925687,1.5264109258887326,2.048604137376983,1.7272544687688292,0.9573542210617929,0.34143402289616387,1.4259891544486845,2.8720626631853787,7.150030126531432,10.959362656490594,4.043649996652608,0.6226149829282989,1.6268326973287808
E05013719,25.787550837526712,1.3372854484042187,0.02757289584338595,10.61556489970359,2.3988419383745776,1.4475770317777625,0.834080099262425,1.764665333976701,1.0546632660095125,0.606603708554491,1.130488729578824,6.507203419039085,6.893223960846488,22.430550768594472,9.940028951540636,4.418556558902599,0.6962156200454953,2.109326532019025
E05013720,51.12496289700208,1.4722469575541703,0.13060255268625706,5.983971504897596,3.5025230038587116,0.9735826654793708,0.8489165924606709,1.7393885425942417,0.9320273078064708,0.3561887800534283,0.6173938854259424,0.682695161769071,4.14959928762244,10.863757791629563,9.468685069753636,3.9536954585930544,0.3383793410507569,2.8613831997625407
E05013721,26.664834661537054,1.4472840523953467,0.10076028212878996,13.776678574700009,2.57396720710818,1.4381240267472748,0.7144820005496015,1.923605386095081,1.5205642575799212,0.33892094897865715,0.4854813593478062,6.018136850783182,6.384537876706055,22.011541632316572,7.7127415956764676,4.241091875057251,0.7969222313822478,1.8503251809105066
E05013722,48.3708092096405,2.2620169651272386,0.06058974013733674,11.081190251784031,3.03621920021543,1.0569543557290966,1.17813383600377,2.2216238050356805,1.7571024639827655,0.5722364346304026,0.28948431398949775,1.683048337148243,3.10354113370136,9.647233068533728,8.435438265786994,3.3997576410394506,0.5049145011444729,1.3397064763700013
E05013723,52.27606461086637,1.5285008677079162,0.040048057669203045,8.596983046322253,2.723267921505807,0.8543585636096649,0.8209851822186623,1.6352956881591243,2.0424509411293554,0.4805766920304365,0.487251368308637,1.1680683486850887,3.6376985716192767,9.264450674142305,8.076358296622614,3.1504472033106397,0.42717928180483244,2.790014684287812
E05013724,36.30029337803856,1.5507124895222129,0.07334450963956413,8.649413243922883,3.5729253981559093,1.2468566638725902,0.9534786253143336,1.6031014249790445,1.5088013411567478,0.6705783738474435,0.3929170159262364,1.5716680637049456,5.60037720033529,11.887049455155072,16.198658843252304,5.254610226320201,0.44006705783738476,2.5251466890192793
E05013725,38.07181505164781,2.05361534677816,0.04918839153959666,11.719134284308904,3.996556812592228,1.1989670437776685,1.5125430398425972,2.041318248893261,2.410231185440236,0.9161337924249877,0.38121003443187407,2.557796360059026,4.685194294146582,9.41957697983276,11.989670437776685,4.377766847024103,0.5041810132808657,2.115100836202656
E05013726,54.06573800864613,2.2232896452343374,0.006862005077883758,10.02538941878817,2.3124957112468265,0.7273725382556783,1.3106429698757978,1.5233651272901942,1.8527413710286145,0.3568242640499554,0.6930625128662595,2.237013655390105,4.240719138132162,6.127770534550195,7.472723529815412,2.8065600768544567,0.5352363960749331,1.4821930968228916
E05013727,33.22164948453608,1.8814432989690721,0.07731958762886598,15.541237113402062,1.7010309278350515,1.288659793814433,0.9536082474226805,2.8608247422680413,6.056701030927835,0.4639175257731959,0.36082474226804123,4.871134020618556,4.664948453608248,9.768041237113403,7.654639175257732,4.536082474226804,0.6958762886597938,3.402061855670103
E05013728,28.23295985060691,1.2371615312791784,0.0,11.96311858076564,2.9061624649859943,2.2292250233426705,0.8753501400560224,1.645658263305322,1.2838468720821663,0.6069094304388422,0.42016806722689076,3.664799253034547,4.470121381886088,21.61531279178338,11.07609710550887,4.715219421101774,0.7236227824463118,2.3342670401493932
E05013729,44.95992093993631,2.1521906225980016,0.03843197540353574,9.212693532447569,3.458877786318217,1.1145272867025364,1.0266827714944549,2.294937959811134,1.2627649061161743,0.5600087844515208,0.5600087844515208,1.1145272867025364,3.5631931481278136,9.30053804765565,12.825299220379927,4.452618864609641,0.2964752388272757,1.80630284396618
E05013730,30.36826187511119,1.4825357291110717,0.14825357291110716,9.648342525054854,3.415762319871909,2.4491490244914904,0.9903338670461959,2.0162485915910575,1.45288501452885,0.7353377216390915,0.5930142916444286,1.5062563007768488,4.904228191899425,14.066298997805847,16.527308308130227,6.855245211409595,0.41511000415110005,2.425428452825713
E05013731,46.712974448027786,1.9722153311833293,0.16745224510047135,9.39593153063756,3.373852642024312,1.4140411808484248,1.4326469858595883,2.145869511287522,2.0900520962540314,0.502356735301414,0.24807740014884644,1.153559910692136,3.038948151823369,9.631605060778963,10.94641528156785,3.975440337385264,0.34110642520466383,1.4574547258744728
E05013732,37.230413062020226,2.107956622395516,0.09747776288534178,11.142926769830632,2.759839161691239,1.57792128670647,1.4134275618374559,2.162787864018521,0.7615450225417326,0.38381869136103325,0.4569270135250396,3.1071036919702695,2.9669794078225906,13.628609723406848,11.069818447666625,5.263799195808456,0.9504081881320824,2.9182405263799196
